0 0 35.29320293069428 0 inf inf inf
1726.892629323851 0.00546875 35.29320293069428 0 inf inf inf
3453.785258647702 0.0109375 35.29320293069428 0 inf inf inf
5180.677887971553 0.01640625 35.29320293069428 0 inf inf inf
6907.570517295404 0.021875 35.29320293069428 0 inf inf inf
8634.463146619255 0.02734375 35.29320293069428 0 inf inf inf
10361.35577594311 0.0328125 35.29320293069428 0 inf inf inf
12088.24840526696 0.03828125 35.29320293069428 0 inf inf inf
13815.14103459081 0.04375 35.29320293069428 0 inf inf inf
15542.03366391466 0.04921875 35.29320293069428 0 inf inf inf
17268.92629323851 0.0546875 35.29320293069428 0 inf inf inf
18995.81892256236 0.06015625 35.29320293069428 0 inf inf inf
20722.71155188621 0.065625 35.29320293069428 0 inf inf inf
22449.60418121006 0.07109375 35.29320293069428 0 inf inf inf
24176.49681053391 0.07656249999999999 35.29320293069428 0 inf inf inf
25903.38943985776 0.08203125 35.29320293069428 0 inf inf inf
27630.28206918162 0.08749999999999999 35.29320293069428 0 inf inf inf
29357.17469850547 0.09296875 35.29320293069428 0 inf inf inf
31084.06732782932 0.0984375 35.29320293069428 0 inf inf inf
32810.95995715317 0.10390625 35.29320293069428 0 inf inf inf
34537.85258647702 0.109375 35.29320293069428 0 inf inf inf
36264.74521580087 0.11484375 35.29320293069428 0 inf inf inf
37991.63784512472 0.1203125 35.29320293069428 0 inf inf inf
39718.53047444858 0.12578125 35.29320293069428 0 inf inf inf
41445.42310377242 0.13125 35.29320293069428 0 inf inf inf
43172.31573309627 0.13671875 35.29320293069428 0 inf inf inf
44899.20836242013 0.1421875 35.29320293069428 0 inf inf inf
46626.10099174398 0.14765625 35.29320293069428 0 inf inf inf
48352.99362106783 0.153125 35.29320293069428 0 inf inf inf
50079.88625039168 0.15859375 35.29320293069428 0 inf inf inf
51806.77887971553 0.1640625 35.29320293069428 0 inf inf inf
53533.67150903938 0.16953125 35.29320293069428 0 inf inf inf
55260.56413836323 0.175 35.29320293069428 0 inf inf inf
56987.45676768708 0.18046875 35.29320293069428 0 inf inf inf
58714.34939701093 0.1859375 35.29320293069428 0 inf inf inf
60441.24202633479 0.19140625 35.29320293069428 0 inf inf inf
62168.13465565864 0.196875 35.29320293069428 0 inf inf inf
63895.02728498248 0.20234375 35.29320293069428 0 inf inf inf
65621.91991430635 0.2078125 35.29320293069428 0 inf inf inf
67348.81254363019 0.21328125 35.29320293069428 0 inf inf inf
69075.70517295404 0.21875 35.29320293069428 0 inf inf inf
70802.59780227789 0.22421875 35.29320293069428 0 inf inf inf
72529.49043160173 0.2296875 35.29320293069428 0 inf inf inf
74256.3830609256 0.23515625 35.29320293069428 0 inf inf inf
75983.27569024944 0.240625 35.29320293069428 0 inf inf inf
77710.16831957329 0.24609375 35.29320293069428 0 inf inf inf
79437.06094889715 0.2515625 35.29320293069428 0 inf inf inf
81163.953578221 0.25703125 35.29320293069428 0 inf inf inf
82890.84620754485 0.2625 35.29320293069428 0 inf inf inf
84617.7388368687 0.26796875 35.29320293069428 0 inf inf inf
86344.63146619254 0.2734374999999999 35.29320293069428 0 inf inf inf
88071.5240955164 0.27890625 35.29320293069428 0 inf inf inf
89798.41672484025 0.284375 35.29320293069428 0 inf inf inf
91525.3093541641 0.28984375 35.29320293069428 0 inf inf inf
93252.20198348796 0.2953125 35.29320293069428 0 inf inf inf
94979.09461281181 0.30078125 35.29320293069428 0 inf inf inf
96705.98724213566 0.30625 35.29320293069428 0 inf inf inf
98432.8798714595 0.31171875 35.29320293069428 0 inf inf inf
100159.7725007834 0.3171875 35.29320293069428 0 inf inf inf
101886.6651301072 0.32265625 35.29320293069428 0 inf inf inf
103613.5577594311 0.328125 35.29320293069428 0 inf inf inf
105340.4503887549 0.33359375 35.29320293069428 0 inf inf inf
107067.3430180788 0.3390625 35.29320293069428 0 inf inf inf
108794.2356474026 0.34453125 35.29320293069428 0 inf inf inf
110521.1282767265 0.35 35.29320293069428 0 inf inf inf
112248.0209060503 0.35546875 35.29320293069428 0 inf inf inf
113974.9135353742 0.3609375 35.29320293069428 0 inf inf inf
115701.806164698 0.36640625 35.29320293069428 0 inf inf inf
117428.6987940219 0.371875 35.29320293069428 0 inf inf inf
119155.5914233457 0.37734375 35.29320293069428 0 inf inf inf
120882.4840526696 0.3828125 35.29320293069428 0 inf inf inf
122609.3766819934 0.38828125 35.29320293069428 0 inf inf inf
124336.2693113173 0.39375 35.29320293069428 0 inf inf inf
126063.1619406411 0.39921875 35.29320293069428 0 inf inf inf
127790.054569965 0.4046875 35.29320293069428 0 inf inf inf
129516.9471992888 0.41015625 35.29320293069428 0 inf inf inf
131243.8398286127 0.415625 35.29320293069428 0 inf inf inf
132970.7324579365 0.42109375 35.29320293069428 0 inf inf inf
134697.6250872604 0.4265625 35.29320293069428 0 inf inf inf
136424.5177165842 0.43203125 35.29320293069428 0 inf inf inf
138151.4103459081 0.4375 35.29320293069428 0 inf inf inf
139878.3029752319 0.44296875 35.29320293069428 0 inf inf inf
141605.1956045558 0.4484375 35.29320293069428 0 inf inf inf
143332.0882338796 0.45390625 35.29320293069428 0 inf inf inf
145058.9808632035 0.4593749999999999 35.29320293069428 0 inf inf inf
146785.8734925273 0.46484375 35.29320293069428 0 inf inf inf
148512.7661218512 0.4703125 35.29320293069428 0 inf inf inf
150239.658751175 0.47578125 35.29320293069428 0 inf inf inf
151966.5513804989 0.48125 35.29320293069428 0 inf inf inf
153693.4440098227 0.48671875 35.29320293069428 0 inf inf inf
155420.3366391466 0.4921874999999999 35.29320293069428 0 inf inf inf
157147.2292684704 0.49765625 35.29320293069428 0 inf inf inf
158874.1218977943 0.503125 35.29320293069428 0 inf inf inf
160601.0145271182 0.5085937500000001 35.29320293069428 0 inf inf inf
162327.907156442 0.5140625 35.29320293069428 0 inf inf inf
164054.7997857658 0.51953125 35.29320293069428 0 inf inf inf
165781.6924150897 0.525 35.29320293069428 0 inf inf inf
167508.5850444135 0.5304687499999999 35.29320293069428 0 inf inf inf
169235.4776737374 0.5359375 35.29320293069428 0 inf inf inf
170962.3703030612 0.54140625 35.29320293069428 0 inf inf inf
172689.2629323851 0.5468749999999999 35.29320293069428 0 inf inf inf
174416.155561709 0.55234375 35.29320293069428 0 inf inf inf
176143.0481910328 0.5578125 35.29320293069428 0 inf inf inf
177869.9408203567 0.56328125 35.29320293069428 0 inf inf inf
179596.8334496805 0.56875 35.29320293069428 0 inf inf inf
181323.7260790044 0.57421875 35.29320293069428 0 inf inf inf
183050.6187083282 0.5796874999999999 35.29320293069428 0 inf inf inf
184777.511337652 0.5851562499999999 35.29320293069428 0 inf inf inf
186504.4039669759 0.5906250000000001 35.29320293069428 0 inf inf inf
188231.2965962998 0.59609375 35.29320293069428 0 inf inf inf
189958.1892256236 0.6015625 35.29320293069428 0 inf inf inf
191685.0818549475 0.60703125 35.29320293069428 0 inf inf inf
193411.9744842713 0.6124999999999999 35.29320293069428 0 inf inf inf
195138.8671135952 0.61796875 35.29320293069428 0 inf inf inf
196865.759742919 0.6234375 35.29320293069428 0 inf inf inf
198592.6523722429 0.62890625 35.29320293069428 0 inf inf inf
200319.5450015667 0.6343749999999999 35.29320293069428 0 inf inf inf
202046.4376308906 0.63984375 35.29320293069428 0 inf inf inf
203773.3302602144 0.6453125 35.29320293069428 0 inf inf inf
205500.2228895383 0.65078125 35.29320293069428 0 inf inf inf
207227.1155188621 0.65625 35.29320293069428 0 inf inf inf
208954.008148186 0.66171875 35.29320293069428 0 inf inf inf
210680.9007775098 0.6671874999999999 35.29320293069428 0 inf inf inf
212407.7934068337 0.67265625 35.29320293069428 0 inf inf inf
214134.6860361575 0.678125 35.29320293069428 0 inf inf inf
215861.5786654814 0.68359375 35.29320293069428 0 inf inf inf
217588.4712948052 0.6890625 35.29320293069428 0 inf inf inf
219315.3639241291 0.69453125 35.29320293069428 0 inf inf inf
221042.2565534529 0.7 35.29320293069428 0 inf inf inf
222769.1491827768 0.70546875 35.29320293069428 0 inf inf inf
224496.0418121006 0.7109375 35.29320293069428 0 inf inf inf
226222.9344414245 0.7164062499999999 35.29320293069428 0 inf inf inf
227949.8270707483 0.7218749999999999 35.29320293069428 0 inf inf inf
229676.7197000722 0.7273437500000001 35.29320293069428 0 inf inf inf
231403.612329396 0.7328125 35.29320293069428 0 inf inf inf
233130.5049587199 0.73828125 35.29320293069428 0 inf inf inf
234857.3975880437 0.74375 35.29320293069428 0 inf inf inf
236584.2902173676 0.7492187499999999 35.29320293069428 0 inf inf inf
238311.1828466914 0.7546875 35.29320293069428 0 inf inf inf
240038.0754760153 0.76015625 35.29320293069428 0 inf inf inf
241764.9681053392 0.765625 35.29320293069428 0 inf inf inf
243491.860734663 0.77109375 35.29320293069428 0 inf inf inf
245218.7533639868 0.7765625 35.29320293069428 0 inf inf inf
246945.6459933107 0.78203125 35.29320293069428 0 inf inf inf
248672.5386226345 0.7875 35.29320293069428 0 inf inf inf
250399.4312519584 0.79296875 35.29320293069428 0 inf inf inf
252126.3238812822 0.7984374999999999 35.29320293069428 0 inf inf inf
253853.2165106061 0.8039062499999999 35.29320293069428 0 inf inf inf
255580.1091399299 0.809375 35.29320293069428 0 inf inf inf
257307.0017692538 0.81484375 35.29320293069428 0 inf inf inf
259033.8943985777 0.8203125 35.29320293069428 0 inf inf inf
260760.7870279015 0.82578125 35.29320293069428 0 inf inf inf
262487.6796572254 0.83125 35.29320293069428 0 inf inf inf
264214.5722865492 0.83671875 35.29320293069428 0 inf inf inf
265941.4649158731 0.8421875000000001 35.29320293069428 0 inf inf inf
267668.3575451969 0.8476562499999999 35.29320293069428 0 inf inf inf
269395.2501745208 0.853125 35.29320293069428 0 inf inf inf
271122.1428038446 0.8585937499999999 35.29320293069428 0 inf inf inf
272849.0354331685 0.8640625 35.29320293069428 0 inf inf inf
274575.9280624923 0.8695312499999999 35.29320293069428 0 inf inf inf
276302.8206918162 0.875 35.29320293069428 0 inf inf inf
278029.71332114 0.88046875 35.29320293069428 0 inf inf inf
279756.6059504639 0.8859374999999999 35.29320293069428 0 inf inf inf
281483.4985797877 0.8914062500000001 35.29320293069428 0 inf inf inf
283210.3912091115 0.896875 35.29320293069428 0 inf inf inf
284937.2838384354 0.90234375 35.29320293069428 0 inf inf inf
286664.1764677592 0.9078124999999999 35.29320293069428 0 inf inf inf
288391.0690970831 0.9132812499999999 35.29320293069428 0 inf inf inf
290117.9617264069 0.9187499999999998 35.29320293069428 0 inf inf inf
291844.8543557308 0.92421875 35.29320293069428 0 inf inf inf
293571.7469850547 0.9296875 35.29320293069428 0 inf inf inf
295298.6396143785 0.9351562499999999 35.29320293069428 0 inf inf inf
297025.5322437024 0.940625 35.29320293069428 0 inf inf inf
298752.4248730262 0.94609375 35.29320293069428 0 inf inf inf
300479.3175023501 0.9515625 35.29320293069428 0 inf inf inf
302206.2101316739 0.9570312499999999 35.29320293069428 0 inf inf inf
303933.1027609978 0.9625 35.29320293069428 0 inf inf inf
305659.9953903217 0.96796875 35.29320293069428 0 inf inf inf
307386.8880196455 0.9734375 35.29320293069428 0 inf inf inf
309113.7806489693 0.97890625 35.29320293069428 0 inf inf inf
310840.6732782932 0.9843749999999999 35.29320293069428 0 inf inf inf
312567.565907617 0.98984375 35.29320293069428 0 inf inf inf
314294.4585369409 0.9953124999999999 35.29320293069428 0 inf inf inf
316021.3511662647 1.00078125 35.29320293069428 0 inf inf inf
317748.2437955886 1.00625 35.29320293069428 0 inf inf inf
319475.1364249124 1.01171875 35.29320293069428 0 inf inf inf
321202.0290542363 1.0171875 35.29320293069428 0 inf inf inf
322928.9216835601 1.02265625 35.29320293069428 0 inf inf inf
324655.814312884 1.028125 35.29320293069428 0 inf inf inf
326382.7069422078 1.03359375 35.29320293069428 0 inf inf inf
328109.5995715317 1.0390625 35.29320293069428 0 inf inf inf
329836.4922008555 1.04453125 35.29320293069428 0 inf inf inf
331563.3848301794 1.05 35.29320293069428 0 inf inf inf
333290.2774595033 1.05546875 35.29320293069428 0 inf inf inf
335017.1700888271 1.0609375 35.29320293069428 0 inf inf inf
336744.062718151 1.06640625 35.29320293069428 0 inf inf inf
338470.9553474748 1.071875 35.29320293069428 0 inf inf inf
340197.8479767987 1.07734375 35.29320293069428 0 inf inf inf
341924.7406061225 1.0828125 35.29320293069428 0 inf inf inf
343651.6332354464 1.08828125 35.29320293069428 0 inf inf inf
345378.5258647702 1.09375 35.29320293069428 0 inf inf inf
347105.418494094 1.09921875 35.29320293069428 0 inf inf inf
348832.3111234179 1.1046875 35.29320293069428 0 inf inf inf
350559.2037527417 1.11015625 35.29320293069428 0 inf inf inf
352286.0963820656 1.115625 35.29320293069428 0 inf inf inf
354012.9890113894 1.12109375 35.29320293069428 0 inf inf inf
355739.8816407133 1.1265625 35.29320293069428 0 inf inf inf
357466.7742700371 1.13203125 35.29320293069428 0 inf inf inf
359193.666899361 1.1375 35.29320293069428 0 inf inf inf
360920.5595286849 1.14296875 35.29320293069428 0 inf inf inf
362647.4521580087 1.1484375 35.29320293069428 0 inf inf inf
364374.3447873326 1.15390625 35.29320293069428 0 inf inf inf
366101.2374166564 1.159375 35.29320293069428 0 inf inf inf
367828.1300459803 1.16484375 35.29320293069428 0 inf inf inf
369555.0226753041 1.1703125 35.29320293069428 0 inf inf inf
371281.915304628 1.17578125 35.29320293069428 0 inf inf inf
373008.8079339518 1.18125 35.29320293069428 0 inf inf inf
374735.7005632757 1.18671875 35.29320293069428 0 inf inf inf
376462.5931925995 1.1921875 35.29320293069428 0 inf inf inf
378189.4858219234 1.19765625 35.29320293069428 0 inf inf inf
379916.3784512472 1.203125 35.29320293069428 0 inf inf inf
381643.2710805711 1.20859375 35.29320293069428 0 inf inf inf
383370.1637098949 1.2140625 35.29320293069428 0 inf inf inf
385097.0563392187 1.21953125 35.29320293069428 0 inf inf inf
386823.9489685426 1.225 35.29320293069428 0 inf inf inf
388550.8415978665 1.23046875 35.29320293069428 0 inf inf inf
390277.7342271903 1.2359375 35.29320293069428 0 inf inf inf
392004.6268565142 1.24140625 35.29320293069428 0 inf inf inf
393731.519485838 1.246875 35.29320293069428 0 inf inf inf
395458.4121151619 1.25234375 35.29320293069428 0 inf inf inf
397185.3047444857 1.2578125 35.29320293069428 0 inf inf inf
398912.1973738096 1.26328125 35.29320293069428 0 inf inf inf
400639.0900031334 1.26875 35.29320293069428 0 inf inf inf
402365.9826324573 1.27421875 35.29320293069428 0 inf inf inf
404092.8752617812 1.2796875 35.29320293069428 0 inf inf inf
405819.767891105 1.28515625 35.29320293069428 0 inf inf inf
407546.6605204288 1.290625 35.29320293069428 0 inf inf inf
409273.5531497527 1.29609375 35.29320293069428 0 inf inf inf
411000.4457790765 1.3015625 35.29320293069428 0 inf inf inf
412727.3384084004 1.30703125 35.29320293069428 0 inf inf inf
414454.2310377242 1.3125 35.29320293069428 0 inf inf inf
416181.1236670481 1.31796875 35.29320293069428 0 inf inf inf
417908.0162963719 1.3234375 35.29320293069428 0 inf inf inf
419634.9089256958 1.32890625 35.29320293069428 0 inf inf inf
421361.8015550196 1.334375 35.29320293069428 0 inf inf inf
423088.6941843435 1.33984375 35.29320293069428 0 inf inf inf
424815.5868136673 1.3453125 35.29320293069428 0 inf inf inf
426542.4794429912 1.35078125 35.29320293069428 0 inf inf inf
428269.3720723151 1.35625 35.29320293069428 0 inf inf inf
429996.2647016389 1.36171875 35.29320293069428 0 inf inf inf
431723.1573309628 1.3671875 35.29320293069428 0 inf inf inf
433450.0499602866 1.37265625 35.29320293069428 0 inf inf inf
435176.9425896105 1.378125 35.29320293069428 0 inf inf inf
436903.8352189343 1.38359375 35.29320293069428 0 inf inf inf
438630.7278482582 1.3890625 35.29320293069428 0 inf inf inf
440357.620477582 1.39453125 35.29320293069428 0 inf inf inf
