         0.000000000       0.09917140114
        0.1365909849       0.09955843587
        0.2731819699        0.1007222335
        0.4097729548        0.1026704831
        0.5463639398        0.1054146814
        0.6829549247        0.1089681140
        0.8195459096        0.1133429637
        0.9561368946        0.1185465199
         1.092727880        0.1245765115
         1.229318864        0.1314156743
         1.365909849        0.1390257860
         1.502500834        0.1473415619
         1.639091819        0.1562649781
         1.775682804        0.1656607496
         1.912273789        0.1753537986
         2.048864774        0.1851295659
         2.185455759        0.1947378961
         2.322046744        0.2039009499
         2.458637729        0.2123251618
         2.595228714        0.2197167171
         2.731819699        0.2257994375
         2.868410684        0.2303334513
         3.005001669        0.2331326967
         3.141592654        0.2340792452
         3.278183639        0.2331326967
         3.414774623        0.2303334513
         3.551365608        0.2257994375
         3.687956593        0.2197167171
         3.824547578        0.2123251618
         3.961138563        0.2039009499
         4.097729548        0.1947378961
         4.234320533        0.1851295659
         4.370911518        0.1753537986
         4.507502503        0.1656607496
         4.644093488        0.1562649781
         4.780684473        0.1473415619
         4.917275458        0.1390257860
         5.053866443        0.1314156743
         5.190457428        0.1245765115
         5.327048413        0.1185465199
         5.463639398        0.1133429637
         5.600230382        0.1089681140
         5.736821367        0.1054146814
         5.873412352        0.1026704831
         6.010003337        0.1007222335
         6.146594322       0.09955843587
