       -0.9937521706        0.6181690902
       -0.9672268386        0.6082391944
       -0.9200993342        0.5914371400
       -0.8533633646        0.5694251388
       -0.7684399635        0.5443018743
       -0.6671388042        0.5183433835
       -0.5516188359        0.4937626771
       -0.4243421202        0.4725204325
       -0.2880213168        0.4562014471
       -0.1455618542        0.4459519273
     6.123233996e-17        0.4424592807
        0.1455618542        0.4459519273
        0.2880213168        0.4562014471
        0.4243421202        0.4725204325
        0.5516188359        0.4937626771
        0.6671388042        0.5183433835
        0.7684399635        0.5443018743
        0.8533633646        0.5694251388
        0.9200993342        0.5914371400
        0.9672268386        0.6082391944
        0.9937521706        0.6181690902
