         0.000000000       0.09911731349
        0.1365909849       0.09944340269
        0.2731819699        0.1004257188
        0.4097729548        0.1020762894
        0.5463639398        0.1044147393
        0.6829549247        0.1074675657
        0.8195459096        0.1112669276
        0.9561368946        0.1158487465
         1.092727880        0.1212498451
         1.229318864        0.1275037923
         1.365909849        0.1346350831
         1.502500834        0.1426513111
         1.639091819        0.1515331182
         1.775682804        0.1612220219
         1.912273789        0.1716067711
         2.048864774        0.1825097146
         2.185455759        0.1936757053
         2.322046744        0.2047670926
         2.458637729        0.2153689269
         2.595228714        0.2250080354
         2.731819699        0.2331876139
         2.868410684        0.2394353663
         3.005001669        0.2433587395
         3.141592654        0.2446970146
         3.278183639        0.2433587395
         3.414774623        0.2394353663
         3.551365608        0.2331876139
         3.687956593        0.2250080354
         3.824547578        0.2153689269
         3.961138563        0.2047670926
         4.097729548        0.1936757053
         4.234320533        0.1825097146
         4.370911518        0.1716067711
         4.507502503        0.1612220219
         4.644093488        0.1515331182
         4.780684473        0.1426513111
         4.917275458        0.1346350831
         5.053866443        0.1275037923
         5.190457428        0.1212498451
         5.327048413        0.1158487465
         5.463639398        0.1112669276
         5.600230382        0.1074675657
         5.736821367        0.1044147393
         5.873412352        0.1020762894
         6.010003337        0.1004257188
         6.146594322       0.09944340269
