        -1.000000000     4.070314222e-06
       -0.9800000000     1.002502365e-05
       -0.9600000000     1.407730290e-05
       -0.9400000000     1.076267105e-05
       -0.9200000000     1.345569953e-05
       -0.9000000000     3.961376438e-05
       -0.8800000000     2.966618946e-05
       -0.8600000000     2.926669061e-06
       -0.8400000000     4.074351710e-05
       -0.8200000000     7.498919316e-05
       -0.8000000000     5.353065239e-05
       -0.7800000000     1.109908726e-05
       -0.7600000000     5.266474730e-05
       -0.7400000000     0.0002239784791
       -0.7200000000     0.0001442052073
       -0.7000000000     3.999758447e-05
       -0.6800000000     0.0001155027573
       -0.6600000000     5.487957749e-06
       -0.6400000000     0.0005762708302
       -0.6200000000     0.0003287615375
       -0.6000000000     0.0001073163263
       -0.5800000000     0.0003008944645
       -0.5600000000     7.186845174e-05
       -0.5400000000     8.046534245e-05
       -0.5200000000      0.001511848591
       -0.5000000000     0.0008394138257
       -0.4800000000     8.457309120e-05
       -0.4600000000     0.0008909476241
       -0.4400000000     3.167531179e-05
       -0.4200000000     0.0006128796238
       -0.4000000000      0.001123482653
       -0.3800000000      0.002397892747
       -0.3600000000      0.002309562828
       -0.3400000000      0.001771766844
       -0.3200000000     0.0001606947833
       -0.3000000000      0.001677934415
       -0.2800000000     0.0003051686847
       -0.2600000000      0.002754296636
       -0.2400000000       0.01023117689
       -0.2200000000     0.0007534922307
       -0.2000000000      0.004093397137
       -0.1800000000      0.001271929473
       -0.1600000000      0.003228254592
       -0.1400000000     0.0007097370190
       -0.1200000000      0.003187460496
       -0.1000000000       0.02345152824
      -0.08000000000      0.005533908525
      -0.06000000000      0.009710168421
      -0.04000000000      0.005844381401
      -0.02000000000      0.003379150189
         0.000000000      0.007006416345
       0.02000000000      0.002497937429
       0.04000000000       0.03756456210
       0.06000000000       0.02636118894
       0.08000000000       0.02236035926
        0.1000000000       0.01601475820
        0.1200000000      0.006096912821
        0.1400000000       0.01779240238
        0.1600000000      0.001247840993
        0.1800000000       0.08538696956
        0.2000000000       0.05186288838
        0.2200000000       0.04532380744
        0.2400000000       0.03826826198
        0.2600000000       0.02634826371
        0.2800000000       0.02280732359
        0.3000000000       0.02116780067
        0.3200000000        0.1558384020
        0.3400000000        0.1614418152
        0.3600000000       0.06228557319
        0.3800000000       0.07472548270
        0.4000000000       0.06120450436
        0.4200000000       0.06794240338
        0.4400000000       0.04044049764
        0.4600000000        0.4174633123
        0.4800000000        0.1948666532
        0.5000000000        0.1844516678
        0.5200000000        0.1543760892
        0.5400000000        0.1503929057
        0.5600000000       0.09924478423
        0.5800000000        0.6931071960
        0.6000000000        0.4698982605
        0.6200000000        0.4136278790
        0.6400000000        0.3769850140
        0.6600000000        0.2604078852
        0.6800000000        0.1767058054
        0.7000000000         1.536919966
        0.7200000000        0.9055713676
        0.7400000000        0.8356761671
        0.7600000000        0.4460097892
        0.7800000000        0.5738868775
        0.8000000000         2.817946831
        0.8200000000         1.590541335
        0.8400000000         1.195385893
        0.8600000000         1.346224047
        0.8800000000         4.495125078
        0.9000000000         2.751221591
        0.9200000000         2.244031191
        0.9400000000         6.509981653
        0.9600000000         4.573035614
        0.9800000000         9.537448441
         1.000000000         3.907261239
