       -0.9937521706         7.590158030
       -0.9672268386         4.934494037
       -0.9200993342         2.236678061
       -0.8533633646        0.6891364098
       -0.7684399635        0.1416472539
       -0.6671388042       0.02040782996
       -0.5516188359      0.002661720726
       -0.4243421202     0.0003948408694
       -0.2880213168     3.907988521e-05
       -0.1455618542     3.031458429e-05
     6.123233996e-17     1.312947238e-05
        0.1455618542     3.031458429e-05
        0.2880213168     3.907988521e-05
        0.4243421202     0.0003948408694
        0.5516188359      0.002661720726
        0.6671388042       0.02040782996
        0.7684399635        0.1416472539
        0.8533633646        0.6891364098
        0.9200993342         2.236678061
        0.9672268386         4.934494037
        0.9937521706         7.590158030
