         0.000000000        0.1009231028
        0.1365909849        0.1012470503
        0.2731819699        0.1022225571
        0.4097729548        0.1038604828
        0.5463639398        0.1061784591
        0.6829549247        0.1092001021
        0.8195459096        0.1129537329
        0.9561368946        0.1174704203
         1.092727880        0.1227810991
         1.229318864        0.1289124731
         1.365909849        0.1358813884
         1.502500834        0.1436874077
         1.639091819        0.1523034569
         1.775682804        0.1616647225
         1.912273789        0.1716564875
         2.048864774        0.1821023371
         2.185455759        0.1927550463
         2.322046744        0.2032932957
         2.458637729        0.2133277418
         2.595228714        0.2224194314
         2.731819699        0.2301116985
         2.868410684        0.2359735335
         3.005001669        0.2396486264
         3.141592654        0.2409011782
         3.278183639        0.2396486264
         3.414774623        0.2359735335
         3.551365608        0.2301116985
         3.687956593        0.2224194314
         3.824547578        0.2133277418
         3.961138563        0.2032932957
         4.097729548        0.1927550463
         4.234320533        0.1821023371
         4.370911518        0.1716564875
         4.507502503        0.1616647225
         4.644093488        0.1523034569
         4.780684473        0.1436874077
         4.917275458        0.1358813884
         5.053866443        0.1289124731
         5.190457428        0.1227810991
         5.327048413        0.1174704203
         5.463639398        0.1129537329
         5.600230382        0.1092001021
         5.736821367        0.1061784591
         5.873412352        0.1038604828
         6.010003337        0.1022225571
         6.146594322        0.1012470503
