        -1.000000000        0.1535121287
       -0.9800000000        0.4107802309
       -0.9600000000        0.4271023027
       -0.9400000000        0.3074783100
       -0.9200000000        0.3152920710
       -0.9000000000        0.4417152155
       -0.8800000000        0.4053398544
       -0.8600000000        0.2136089473
       -0.8400000000        0.3556485276
       -0.8200000000        0.4345853091
       -0.8000000000        0.3541968054
       -0.7800000000        0.2733308791
       -0.7600000000        0.2386985935
       -0.7400000000        0.5081562553
       -0.7200000000        0.3929157144
       -0.7000000000        0.3329551345
       -0.6800000000        0.3143728919
       -0.6600000000        0.2058132669
       -0.6400000000        0.5134703036
       -0.6200000000        0.3672575390
       -0.6000000000        0.3102329513
       -0.5800000000        0.4013822165
       -0.5600000000        0.2437506695
       -0.5400000000        0.2221185928
       -0.5200000000        0.5353269643
       -0.5000000000        0.3781719141
       -0.4800000000        0.3495366812
       -0.4600000000        0.4285018326
       -0.4400000000        0.2269768597
       -0.4200000000        0.3286810517
       -0.4000000000        0.3166393723
       -0.3800000000        0.4476453854
       -0.3600000000        0.4666266501
       -0.3400000000        0.3879314059
       -0.3200000000        0.3322966137
       -0.3000000000        0.3602530704
       -0.2800000000        0.2220739029
       -0.2600000000        0.3349927112
       -0.2400000000        0.6401618731
       -0.2200000000        0.3492715989
       -0.2000000000        0.3983911372
       -0.1800000000        0.3982793353
       -0.1600000000        0.2815030887
       -0.1400000000        0.3350898214
       -0.1200000000        0.2863625749
       -0.1000000000        0.6161384991
      -0.08000000000        0.3807305966
      -0.06000000000        0.5373524937
      -0.04000000000        0.4071609901
      -0.02000000000        0.2825840756
         0.000000000        0.3676670849
       0.02000000000        0.2676282622
       0.04000000000        0.5633518760
       0.06000000000        0.6015968975
       0.08000000000        0.4844121637
        0.1000000000        0.4360316169
        0.1200000000        0.2779136846
        0.1400000000        0.4438491097
        0.1600000000        0.2685773899
        0.1800000000        0.6709119978
        0.2000000000        0.4701414565
        0.2200000000        0.4772383963
        0.2400000000        0.5917879043
        0.2600000000        0.4175163250
        0.2800000000        0.3109267684
        0.3000000000        0.3498090723
        0.3200000000        0.6845828959
        0.3400000000        0.5908085857
        0.3600000000        0.5934133167
        0.3800000000        0.4855523315
        0.4000000000        0.4162884181
        0.4200000000        0.4669072813
        0.4400000000        0.3613625920
        0.4600000000        0.7862047151
        0.4800000000        0.5754201683
        0.5000000000        0.5994403399
        0.5200000000        0.6812154913
        0.5400000000        0.3986542645
        0.5600000000        0.3804449223
        0.5800000000        0.7651028965
        0.6000000000        0.7243888182
        0.6200000000        0.5722713290
        0.6400000000        0.7917681677
        0.6600000000        0.4359628244
        0.6800000000        0.4788738958
        0.7000000000        0.8609079563
        0.7200000000        0.7934558188
        0.7400000000        0.9560445626
        0.7600000000        0.4256764449
        0.7800000000        0.5287419428
        0.8000000000         1.036522142
        0.8200000000        0.9024709051
        0.8400000000        0.7454845927
        0.8600000000        0.6135490259
        0.8800000000         1.140930614
        0.9000000000         1.055194869
        0.9200000000        0.7128031090
        0.9400000000         1.169027573
        0.9600000000         1.087472603
        0.9800000000         1.496005592
         1.000000000        0.5152937762
