        -1.000000000      0.004239199267
       -0.9800000000      0.008070043410
       -0.9600000000      0.001062975540
       -0.9400000000      0.002535345807
       -0.9200000000     0.0003175949464
       -0.9000000000     0.0003384568125
       -0.8800000000     0.0004114605507
       -0.8600000000     0.0002015494366
       -0.8400000000     0.0002676643717
       -0.8200000000     0.0003267144341
       -0.8000000000     0.0002330781224
       -0.7800000000     0.0001553970728
       -0.7600000000     0.0001466797192
       -0.7400000000     0.0003199057376
       -0.7200000000     0.0002389181438
       -0.7000000000     0.0002612513183
       -0.6800000000     8.768108148e-05
       -0.6600000000     0.0001172146705
       -0.6400000000     0.0003103292720
       -0.6200000000     0.0002254274966
       -0.6000000000     0.0002407555142
       -0.5800000000     0.0002327340741
       -0.5600000000     0.0001045311235
       -0.5400000000     7.553151198e-05
       -0.5200000000     0.0003406867290
       -0.5000000000     0.0002255671794
       -0.4800000000     0.0001855948148
       -0.4600000000     0.0002567802262
       -0.4400000000     9.766169881e-05
       -0.4200000000     0.0001563751459
       -0.4000000000     0.0001754294848
       -0.3800000000     0.0003349694497
       -0.3600000000     0.0002702115940
       -0.3400000000     0.0002446279881
       -0.3200000000     0.0002745924389
       -0.3000000000     7.895440210e-05
       -0.2800000000     8.511918733e-05
       -0.2600000000     0.0003842662136
       -0.2400000000     0.0004248840726
       -0.2200000000     0.0002456714575
       -0.2000000000     0.0002980443951
       -0.1800000000     0.0002027927008
       -0.1600000000     0.0002596845733
       -0.1400000000     0.0001390070985
       -0.1200000000     0.0002291922669
       -0.1000000000     0.0005169678350
      -0.08000000000     0.0004179962185
      -0.06000000000     0.0004591441857
      -0.04000000000     0.0004527064602
      -0.02000000000     6.271438111e-05
         0.000000000     0.0001925538998
       0.02000000000     0.0001077173161
       0.04000000000      0.001074233267
       0.06000000000     0.0008772310803
       0.08000000000     0.0005035439544
        0.1000000000     0.0004921609345
        0.1200000000     0.0003838811401
        0.1400000000     0.0002893152483
        0.1600000000     0.0004242544209
        0.1800000000      0.001313406383
        0.2000000000     0.0008594400541
        0.2200000000     0.0007609769878
        0.2400000000     0.0008395997860
        0.2600000000     0.0008158499718
        0.2800000000     0.0004203966158
        0.3000000000     0.0003875961950
        0.3200000000      0.002881986034
        0.3400000000      0.002561935284
        0.3600000000      0.001854156287
        0.3800000000      0.001606177858
        0.4000000000     0.0007546744721
        0.4200000000      0.001314743804
        0.4400000000     0.0008055171958
        0.4600000000      0.007828752494
        0.4800000000      0.004526574367
        0.5000000000      0.003230735558
        0.5200000000      0.003507240413
        0.5400000000      0.001935191743
        0.5600000000      0.001838891964
        0.5800000000       0.02849349975
        0.6000000000       0.01467603700
        0.6200000000       0.01549413158
        0.6400000000       0.01042016038
        0.6600000000      0.006537348822
        0.6800000000      0.002958313040
        0.7000000000        0.1699878330
        0.7200000000       0.08079785689
        0.7400000000       0.04850881421
        0.7600000000       0.03148244606
        0.7800000000       0.03221814944
        0.8000000000        0.8158701141
        0.8200000000        0.3241680320
        0.8400000000        0.2639686117
        0.8600000000        0.2121443010
        0.8800000000         3.299176802
        0.9000000000         1.377421544
        0.9200000000         1.178909059
        0.9400000000         9.154870631
        0.9600000000         5.037473459
        0.9800000000         18.61317127
         1.000000000         9.209522767
