       -0.9955569698         4.377720239
       -0.9766639215         3.698494013
       -0.9429745712         2.733604474
       -0.8949919979         1.770613386
       -0.8334426288         1.007673060
       -0.7592592630        0.5056231101
       -0.6735663685        0.2246607179
       -0.5776629302       0.08885920708
       -0.4730027314       0.03148603154
       -0.3611723058       0.01007647652
       -0.2438668837      0.002953303551
       -0.1228646926     0.0008460409248
     6.123233996e-17     0.0004073867456
        0.1228646926     0.0008460409250
        0.2438668837      0.002953303552
        0.3611723058       0.01007647653
        0.4730027314       0.03148603155
        0.5776629302       0.08885920710
        0.6735663685        0.2246607180
        0.7592592630        0.5056231102
        0.8334426288         1.007673061
        0.8949919979         1.770613386
        0.9429745712         2.733604475
        0.9766639215         3.698494014
        0.9955569698         4.377720240
