       -0.9937521706         1.306598456
       -0.9672268386         1.218719434
       -0.9200993342         1.077228756
       -0.8533633646        0.9053640057
       -0.7684399635        0.7275244420
       -0.6671388042        0.5637596488
       -0.5516188359        0.4268805695
       -0.4243421202        0.3224333420
       -0.2880213168        0.2506739973
       -0.1455618542        0.2092877079
     6.123233996e-17        0.1958245993
        0.1455618542        0.2092877079
        0.2880213168        0.2506739973
        0.4243421202        0.3224333420
        0.5516188359        0.4268805695
        0.6671388042        0.5637596488
        0.7684399635        0.7275244420
        0.8533633646        0.9053640057
        0.9200993342         1.077228756
        0.9672268386         1.218719434
        0.9937521706         1.306598456
