         0.000000000       0.08357321734
        0.1365909849       0.08392754789
        0.2731819699       0.08499826538
        0.4097729548       0.08680853770
        0.5463639398       0.08939688465
        0.6829549247       0.09281681661
        0.8195459096       0.09713586501
        0.9561368946        0.1024335023
         1.092727880        0.1087972767
         1.229318864        0.1163163472
         1.365909849        0.1250715605
         1.502500834        0.1351213696
         1.639091819        0.1464833546
         1.775682804        0.1591119807
         1.912273789        0.1728745025
         2.048864774        0.1875284751
         2.185455759        0.2027057912
         2.322046744        0.2179090036
         2.458637729        0.2325252966
         2.595228714        0.2458613927
         2.731819699        0.2571989179
         2.868410684        0.2658649130
         3.005001669        0.2713075218
         3.141592654        0.2731639184
         3.278183639        0.2713075218
         3.414774623        0.2658649130
         3.551365608        0.2571989179
         3.687956593        0.2458613927
         3.824547578        0.2325252966
         3.961138563        0.2179090036
         4.097729548        0.2027057912
         4.234320533        0.1875284751
         4.370911518        0.1728745025
         4.507502503        0.1591119807
         4.644093488        0.1464833546
         4.780684473        0.1351213696
         4.917275458        0.1250715605
         5.053866443        0.1163163472
         5.190457428        0.1087972767
         5.327048413        0.1024335023
         5.463639398       0.09713586501
         5.600230382       0.09281681661
         5.736821367       0.08939688465
         5.873412352       0.08680853770
         6.010003337       0.08499826538
         6.146594322       0.08392754789
