        -1.000000000       0.04324846934
       -0.9800000000       0.09796674282
       -0.9600000000        0.1295311652
       -0.9400000000       0.06757436810
       -0.9200000000        0.1040514826
       -0.9000000000        0.1374809464
       -0.8800000000        0.1185732098
       -0.8600000000       0.05255229101
       -0.8400000000        0.1091820855
       -0.8200000000        0.1492209890
       -0.8000000000       0.09626904175
       -0.7800000000       0.08197076179
       -0.7600000000       0.09185496860
       -0.7400000000        0.1754583906
       -0.7200000000        0.1317339447
       -0.7000000000       0.09596662540
       -0.6800000000        0.1160600071
       -0.6600000000       0.04940509327
       -0.6400000000        0.2123230394
       -0.6200000000        0.1536755167
       -0.6000000000       0.07859260149
       -0.5800000000        0.1417743148
       -0.5600000000       0.08526814077
       -0.5400000000       0.07611933759
       -0.5200000000        0.2464543987
       -0.5000000000        0.1546224429
       -0.4800000000        0.1117457291
       -0.4600000000        0.1763777207
       -0.4400000000       0.06700050869
       -0.4200000000        0.1271112743
       -0.4000000000        0.1367402092
       -0.3800000000        0.2398777546
       -0.3600000000        0.2186264349
       -0.3400000000        0.1644448666
       -0.3200000000       0.09159990726
       -0.3000000000        0.1874329568
       -0.2800000000       0.08518036779
       -0.2600000000        0.1592219406
       -0.2400000000        0.3929716652
       -0.2200000000        0.1410695280
       -0.2000000000        0.2110385316
       -0.1800000000        0.1528329618
       -0.1600000000        0.1452799066
       -0.1400000000        0.1342506069
       -0.1200000000        0.1630328530
       -0.1000000000        0.4737769041
      -0.08000000000        0.1894384842
      -0.06000000000        0.2847270305
      -0.04000000000        0.1996715627
      -0.02000000000        0.1484503232
         0.000000000        0.2264088387
       0.02000000000        0.1271412609
       0.04000000000        0.4602412009
       0.06000000000        0.3997681454
       0.08000000000        0.3551753548
        0.1000000000        0.2258916363
        0.1200000000        0.1666592347
        0.1400000000        0.3141016089
        0.1600000000        0.1298206755
        0.1800000000        0.6414663326
        0.2000000000        0.3871273036
        0.2200000000        0.3853589985
        0.2400000000        0.3782156055
        0.2600000000        0.3111848296
        0.2800000000        0.2524431781
        0.3000000000        0.2311498635
        0.3200000000        0.7396750682
        0.3400000000        0.6036892444
        0.3600000000        0.5004659578
        0.3800000000        0.3987907869
        0.4000000000        0.3602294838
        0.4200000000        0.4089032348
        0.4400000000        0.3207472097
        0.4600000000         1.005880920
        0.4800000000        0.6106080724
        0.5000000000        0.6432348538
        0.5200000000        0.6228999565
        0.5400000000        0.4671410671
        0.5600000000        0.3970029474
        0.5800000000         1.056368522
        0.6000000000        0.9682883749
        0.6200000000        0.7169107057
        0.6400000000        0.9153029001
        0.6600000000        0.5494332451
        0.6800000000        0.5363338377
        0.7000000000         1.471139990
        0.7200000000         1.145943613
        0.7400000000         1.284323521
        0.7600000000        0.6122828165
        0.7800000000        0.7429003628
        0.8000000000         1.948206858
        0.8200000000         1.454527626
        0.8400000000         1.131612597
        0.8600000000         1.118148258
        0.8800000000         2.278147224
        0.9000000000         1.871401440
        0.9200000000         1.315149784
        0.9400000000         2.613419446
        0.9600000000         2.153994690
        0.9800000000         3.419430277
         1.000000000         1.226480636
