       -0.9937521706         1.044483726
       -0.9672268386        0.9902519275
       -0.9200993342        0.9014018715
       -0.8533633646        0.7905453122
       -0.7684399635        0.6717054125
       -0.6671388042        0.5575209825
       -0.5516188359        0.4574585305
       -0.4243421202        0.3773000101
       -0.2880213168        0.3196932370
       -0.1455618542        0.2852762022
     6.123233996e-17        0.2738589974
        0.1455618542        0.2852762022
        0.2880213168        0.3196932370
        0.4243421202        0.3773000101
        0.5516188359        0.4574585305
        0.6671388042        0.5575209825
        0.7684399635        0.6717054125
        0.8533633646        0.7905453122
        0.9200993342        0.9014018715
        0.9672268386        0.9902519275
        0.9937521706         1.044483726
