         0.000000000       0.08137340426
        0.1365909849       0.08174874801
        0.2731819699       0.08288313625
        0.4097729548       0.08480152410
        0.5463639398       0.08754504495
        0.6829549247       0.09117006694
        0.8195459096       0.09574635602
        0.9561368946        0.1013538306
         1.092727880        0.1080772753
         1.229318864        0.1159983357
         1.365909849        0.1251842018
         1.502500834        0.1356726832
         1.639091819        0.1474539433
         1.775682804        0.1604500193
         1.912273789        0.1744943444
         2.048864774        0.1893146225
         2.185455759        0.2045232759
         2.322046744        0.2196198920
         2.458637729        0.2340092748
         2.595228714        0.2470366693
         2.731819699        0.2580386308
         2.868410684        0.2664044256
         3.005001669        0.2716396598
         3.141592654        0.2734220565
         3.278183639        0.2716396598
         3.414774623        0.2664044256
         3.551365608        0.2580386308
         3.687956593        0.2470366693
         3.824547578        0.2340092748
         3.961138563        0.2196198920
         4.097729548        0.2045232759
         4.234320533        0.1893146225
         4.370911518        0.1744943444
         4.507502503        0.1604500193
         4.644093488        0.1474539433
         4.780684473        0.1356726832
         4.917275458        0.1251842018
         5.053866443        0.1159983357
         5.190457428        0.1080772753
         5.327048413        0.1013538306
         5.463639398       0.09574635602
         5.600230382       0.09117006694
         5.736821367       0.08754504495
         5.873412352       0.08480152410
         6.010003337       0.08288313625
         6.146594322       0.08174874801
