       -0.9955569698        0.5325528060
       -0.9766639215        0.5306791982
       -0.9429745712        0.5274343056
       -0.8949919979        0.5230235951
       -0.8334426288        0.5177247942
       -0.7592592630        0.5118677834
       -0.6735663685        0.5058122739
       -0.5776629302        0.4999246734
       -0.4730027314        0.4945558243
       -0.3611723058        0.4900209696
       -0.2438668837        0.4865828720
       -0.1228646926        0.4844385877
     6.123233996e-17        0.4837100704
        0.1228646926        0.4844385877
        0.2438668837        0.4865828720
        0.3611723058        0.4900209696
        0.4730027314        0.4945558243
        0.5776629302        0.4999246734
        0.6735663685        0.5058122739
        0.7592592630        0.5118677834
        0.8334426288        0.5177247942
        0.8949919979        0.5230235951
        0.9429745712        0.5274343056
        0.9766639215        0.5306791982
        0.9955569698        0.5325528060
