2.5 461.892 -1.16139e-12  456.099
2.6 292.908 -1.13824e-12  289.747
2.7 176.12 -1.38494e-12  174.398
2.8 96.4015 -1.91614e-12  95.4422
2.9 43.3587 -7.76839e-13  42.7941
3 8.99862 -2.19298e-12  8.63868
3.1 -12.3829 -12.3221  -12.6324
3.2 -24.8886 -24.8444  -25.0737
3.3 -31.4409 -31.4083  -31.5844
3.4 -34.0817 -34.0574  -34.1953
3.5 -34.2672 -34.2491  -34.3577
3.6 -32.9179 -32.9043  -32.9897
3.7 -30.6524 -30.642  -30.7091
3.8 -28.0172 -28.0092  -28.0619
3.9 -25.2632 -25.2571  -25.2984
4 -22.557 -22.5523  -22.5847
4.1 -20.0156 -20.0119  -20.0373
4.2 -17.6747 -17.6717  -17.6917
4.3 -15.5604 -15.558  -15.5738
4.4 -13.6758 -13.6739  -13.6863
4.5 -12.009 -12.0075  -12.0173
4.6 -10.5462 -10.545  -10.5528
4.7 -9.26699 -9.26601  -9.27226
4.8 -8.14964 -8.14885  -8.15386
4.9 -7.17464 -7.17399  -7.17801
5 -6.32572 -6.32519  -6.32843
5.1 -5.58704 -5.5866  -5.58924
5.2 -4.94418 -4.94381  -4.94597
5.3 -4.3835 -4.3832  -4.38497
5.4 -3.89273 -3.89248  -3.89394
5.5 -3.46384 -3.46364  -3.46484
5.6 -3.08962 -3.08944  -3.09045
5.7 -2.76283 -2.76269  -2.76352
5.8 -2.47628 -2.47616  -2.47686
5.9 -2.22309 -2.22299  -2.22357
6 -1.999 -1.99891  -1.9994
6.1 -1.80095 -1.80088  -1.80129
6.2 -1.62588 -1.62582  -1.62616
6.3 -1.47074 -1.47068  -1.47097
6.4 -1.33248 -1.33243  -1.33268
6.5 -1.2091 -1.20906  -1.20927
6.6 -1.09892 -1.09888  -1.09906
6.7 -1.00034 -1.00031  -1.00047
6.8 -0.911986 -0.911962  -0.912095
6.9 -0.832651 -0.83263  -0.832744
7 -0.761293 -0.761275  -0.761374
7.1 -0.697005 -0.696989  -0.697075
7.2 -0.638993 -0.638979  -0.639054
7.3 -0.586563 -0.586551  -0.586616
7.4 -0.539108 -0.539097  -0.539154
7.5 -0.496091 -0.496082  -0.496132
7.6 -0.457044 -0.457036  -0.45708
7.7 -0.421552 -0.421545  -0.421583
7.8 -0.389247 -0.38924  -0.389274
7.9 -0.359805 -0.359799  -0.359829
8 -0.332939 -0.332934  -0.33296
8.1 -0.308394 -0.308389  -0.308412
8.2 -0.285941 -0.285938  -0.285958
8.3 -0.26538 -0.265377  -0.265395
8.4 -0.24653 -0.246527  -0.246543
8.5 -0.229228 -0.229226  -0.22924
8.6 -0.213332 -0.21333  -0.213342
8.7 -0.198711 -0.198709  -0.19872
8.8 -0.18525 -0.185248  -0.185258
8.9 -0.172844 -0.172842  -0.172851
9 -0.161399 -0.161398  -0.161406
9.1 -0.150832 -0.150831  -0.150838
9.2 -0.141066 -0.141064  -0.141071
9.3 -0.132031 -0.13203  -0.132036
9.4 -0.123666 -0.123665  -0.12367
9.5 -0.115915 -0.115914  -0.115919
9.6 -0.108726 -0.108725  -0.108729
9.7 -0.102053 -0.102053  -0.102057
9.8 -0.095855 -0.0958543  -0.0958577
9.9 -0.0900924 -0.0900918  -0.0900948
10 -0.0847309 -0.0847304  -0.0847332
