       -0.9955569698         1.048289915
       -0.9766639215         1.009184375
       -0.9429745712        0.9433700377
       -0.8949919979        0.8577360939
       -0.8334426288        0.7605616132
       -0.7592592630        0.6601970099
       -0.6735663685        0.5639746912
       -0.5776629302        0.4775369037
       -0.4730027314        0.4046343278
       -0.3611723058        0.3473223717
       -0.2438668837        0.3064068050
       -0.1228646926        0.2819731125
     6.123233996e-17        0.2738589975
        0.1228646926        0.2819731125
        0.2438668837        0.3064068050
        0.3611723058        0.3473223717
        0.4730027314        0.4046343278
        0.5776629302        0.4775369037
        0.6735663685        0.5639746912
        0.7592592630        0.6601970099
        0.8334426288        0.7605616132
        0.8949919979        0.8577360939
        0.9429745712        0.9433700377
        0.9766639215         1.009184375
        0.9955569698         1.048289915
