         0.000000000        0.1075885741
        0.1365909849        0.1078940367
        0.2731819699        0.1088130559
        0.4097729548        0.1103533531
        0.5463639398        0.1125272077
        0.6829549247        0.1153505193
        0.8195459096        0.1188413804
        0.9561368946        0.1230180332
         1.092727880        0.1278960500
         1.229318864        0.1334845591
         1.365909849        0.1397813617
         1.502500834        0.1467668551
         1.639091819        0.1543968342
         1.775682804        0.1625945010
         1.912273789        0.1712423875
         2.048864774        0.1801753717
         2.185455759        0.1891764564
         2.322046744        0.1979773394
         2.458637729        0.2062658028
         2.595228714        0.2137013594
         2.731819699        0.2199392686
         2.868410684        0.2246610846
         3.005001669        0.2276077534
         3.141592654        0.2286096662
         3.278183639        0.2276077534
         3.414774623        0.2246610846
         3.551365608        0.2199392686
         3.687956593        0.2137013594
         3.824547578        0.2062658028
         3.961138563        0.1979773394
         4.097729548        0.1891764564
         4.234320533        0.1801753717
         4.370911518        0.1712423875
         4.507502503        0.1625945010
         4.644093488        0.1543968342
         4.780684473        0.1467668551
         4.917275458        0.1397813617
         5.053866443        0.1334845591
         5.190457428        0.1278960500
         5.327048413        0.1230180332
         5.463639398        0.1188413804
         5.600230382        0.1153505193
         5.736821367        0.1125272077
         5.873412352        0.1103533531
         6.010003337        0.1088130559
         6.146594322        0.1078940367
