       -0.9937521706         12.19121449
       -0.9672268386         5.927544919
       -0.9200993342         1.340324938
       -0.8533633646       0.06811917911
       -0.7684399635       0.02054175546
       -0.6671388042      0.008444559830
       -0.5516188359      0.002622785068
       -0.4243421202      0.002914071438
       -0.2880213168     0.0007048634634
       -0.1455618542      0.001722754748
     6.123233996e-17     0.0004366787321
        0.1455618542      0.001722754748
        0.2880213168     0.0007048634634
        0.4243421202      0.002914071438
        0.5516188359      0.002622785068
        0.6671388042      0.008444559830
        0.7684399635       0.02054175546
        0.8533633646       0.06811917911
        0.9200993342         1.340324938
        0.9672268386         5.927544919
        0.9937521706         12.19121449
