       -0.9955569698        0.6707528484
       -0.9766639215        0.6602751285
       -0.9429745712        0.6422836509
       -0.8949919979        0.6181428851
       -0.8334426288        0.5896205392
       -0.7592592630        0.5587015046
       -0.6735663685        0.5274053169
       -0.5776629302        0.4976301221
       -0.4730027314        0.4710392864
       -0.3611723058        0.4489955315
       -0.2438668837        0.4325370755
       -0.1228646926        0.4223830655
     6.123233996e-17        0.4189526314
        0.1228646926        0.4223830655
        0.2438668837        0.4325370755
        0.3611723058        0.4489955315
        0.4730027314        0.4710392864
        0.5776629302        0.4976301221
        0.6735663685        0.5274053169
        0.7592592630        0.5587015046
        0.8334426288        0.5896205392
        0.8949919979        0.6181428851
        0.9429745712        0.6422836509
        0.9766639215        0.6602751285
        0.9955569698        0.6707528484
