        -1.000000000       0.01111328334
       -0.9800000000       0.02411626050
       -0.9600000000       0.03327130701
       -0.9400000000       0.01670544073
       -0.9200000000       0.02772529373
       -0.9000000000       0.03810342837
       -0.8800000000       0.03240290866
       -0.8600000000       0.01217475111
       -0.8400000000       0.02981264322
       -0.8200000000       0.04405419046
       -0.8000000000       0.02716748310
       -0.7800000000       0.02046749869
       -0.7600000000       0.02859532298
       -0.7400000000       0.05586636222
       -0.7200000000       0.04113863670
       -0.7000000000       0.02685560424
       -0.6800000000       0.03564018160
       -0.6600000000       0.01095529902
       -0.6400000000       0.07748599865
       -0.6200000000       0.05500603244
       -0.6000000000       0.02154666565
       -0.5800000000       0.04704011103
       -0.5600000000       0.02589162404
       -0.5400000000       0.02416018569
       -0.5200000000        0.1016507445
       -0.5000000000       0.06101786815
       -0.4800000000       0.03226514554
       -0.4600000000       0.07070982631
       -0.4400000000       0.01806817361
       -0.4200000000       0.04756192677
       -0.4000000000       0.05527871136
       -0.3800000000        0.1095716720
       -0.3600000000       0.09643083628
       -0.3400000000       0.07067603423
       -0.3200000000       0.02832867599
       -0.3000000000       0.08258800688
       -0.2800000000       0.03114486865
       -0.2600000000       0.07493521572
       -0.2400000000        0.2122688493
       -0.2200000000       0.05556998059
       -0.2000000000        0.1040797547
       -0.1800000000       0.06394257763
       -0.1600000000       0.07100282747
       -0.1400000000       0.05333555606
       -0.1200000000       0.08339438050
       -0.1000000000        0.2957094785
      -0.08000000000       0.09739112125
      -0.06000000000        0.1511345022
      -0.04000000000        0.1035387165
      -0.02000000000       0.07303560820
         0.000000000        0.1283628312
       0.02000000000       0.05858455050
       0.04000000000        0.3143582103
       0.06000000000        0.2489641636
       0.08000000000        0.2257482840
        0.1000000000        0.1341699163
        0.1200000000       0.09678396278
        0.1400000000        0.1952576460
        0.1600000000       0.05972438485
        0.1800000000        0.4883946145
        0.2000000000        0.2872251294
        0.2200000000        0.2749480970
        0.2400000000        0.2483455605
        0.2600000000        0.2073165011
        0.2800000000        0.1765065318
        0.3000000000        0.1553740717
        0.3200000000        0.6134188793
        0.3400000000        0.5182871683
        0.3600000000        0.3737016864
        0.3800000000        0.3096836003
        0.4000000000        0.2777158349
        0.4200000000        0.3142825144
        0.4400000000        0.2423442079
        0.4600000000        0.9718777505
        0.4800000000        0.5439711593
        0.5000000000        0.5645073901
        0.5200000000        0.5143605796
        0.5400000000        0.4289308984
        0.5600000000        0.3452375704
        0.5800000000         1.113922323
        0.6000000000        0.9606152599
        0.6200000000        0.7275774812
        0.6400000000        0.8687257350
        0.6600000000        0.5394072447
        0.6800000000        0.4992853187
        0.7000000000         1.732479118
        0.7200000000         1.248249472
        0.7400000000         1.340847880
        0.7600000000        0.6668835202
        0.7800000000        0.8094728898
        0.8000000000         2.444448217
        0.8200000000         1.712755035
        0.8400000000         1.295862258
        0.8600000000         1.370040201
        0.8800000000         3.029326745
        0.9000000000         2.335471406
        0.9200000000         1.700359021
        0.9400000000         3.659722498
        0.9600000000         2.905435718
        0.9800000000         4.895295398
         1.000000000         1.813505995
