       -0.9955569698         5.808475405
       -0.9766639215         4.624467735
       -0.9429745712         3.072007959
       -0.8949919979         1.706106891
       -0.8334426288        0.7948237544
       -0.7592592630        0.3120815022
       -0.6735663685        0.1038716243
       -0.5776629302       0.02948641636
       -0.4730027314      0.007185365213
       -0.3611723058      0.001516534990
       -0.2438668837     0.0002816221443
       -0.1228646926     4.784463359e-05
     6.123233996e-17     1.412714908e-05
        0.1228646926     4.784463521e-05
        0.2438668837     0.0002816221542
        0.3611723058      0.001516535044
        0.4730027314      0.007185365468
        0.5776629302       0.02948641740
        0.6735663685        0.1038716280
        0.7592592630        0.3120815132
        0.8334426288        0.7948237826
        0.8949919979         1.706106951
        0.9429745712         3.072008068
        0.9766639215         4.624467899
        0.9955569698         5.808475612
