         0.000000000        0.1057939998
        0.1365909849        0.1061585933
        0.2731819699        0.1072535450
        0.4097729548        0.1090820221
        0.5463639398        0.1116481461
        0.6829549247        0.1149552512
        0.8195459096        0.1190034477
        0.9561368946        0.1237865193
         1.092727880        0.1292882309
         1.229318864        0.1354781917
         1.365909849        0.1423075096
         1.502500834        0.1497045769
         1.639091819        0.1575714313
         1.775682804        0.1657812205
         1.912273789        0.1741773368
         2.048864774        0.1825747581
         2.185455759        0.1907640118
         2.322046744        0.1985179581
         2.458637729        0.2056012868
         2.595228714        0.2117822588
         2.731819699        0.2168458594
         2.868410684        0.2206072274
         3.005001669        0.2229240401
         3.141592654        0.2237065362
         3.278183639        0.2229240401
         3.414774623        0.2206072274
         3.551365608        0.2168458594
         3.687956593        0.2117822588
         3.824547578        0.2056012868
         3.961138563        0.1985179581
         4.097729548        0.1907640118
         4.234320533        0.1825747581
         4.370911518        0.1741773368
         4.507502503        0.1657812205
         4.644093488        0.1575714313
         4.780684473        0.1497045769
         4.917275458        0.1423075096
         5.053866443        0.1354781917
         5.190457428        0.1292882309
         5.327048413        0.1237865193
         5.463639398        0.1190034477
         5.600230382        0.1149552512
         5.736821367        0.1116481461
         5.873412352        0.1090820221
         6.010003337        0.1072535450
         6.146594322        0.1061585933
