       -0.9955569698         3.406489210
       -0.9766639215         2.993224328
       -0.9429745712         2.373917026
       -0.8949919979         1.701820847
       -0.8334426288         1.105183334
       -0.7592592630        0.6520794310
       -0.6735663685        0.3508689249
       -0.5776629302        0.1729990309
       -0.4730027314       0.07865930088
       -0.3611723058       0.03330801709
       -0.2438668837       0.01344517642
       -0.1228646926      0.005691419405
     6.123233996e-17      0.003709866999
        0.1228646926      0.005691419405
        0.2438668837       0.01344517642
        0.3611723058       0.03330801709
        0.4730027314       0.07865930089
        0.5776629302        0.1729990309
        0.6735663685        0.3508689249
        0.7592592630        0.6520794310
        0.8334426288         1.105183334
        0.8949919979         1.701820847
        0.9429745712         2.373917026
        0.9766639215         2.993224328
        0.9955569698         3.406489210
