        -1.000000000      0.003573723137
       -0.9800000000      0.007731552820
       -0.9600000000       0.01078360758
       -0.9400000000      0.005542772371
       -0.9200000000      0.009184899009
       -0.9000000000       0.01349871604
       -0.8800000000       0.01134310861
       -0.8600000000      0.003692532851
       -0.8400000000       0.01064194530
       -0.8200000000       0.01648804168
       -0.8000000000       0.01018529708
       -0.7800000000      0.006649778635
       -0.7600000000       0.01099866081
       -0.7400000000       0.02311648650
       -0.7200000000       0.01672413039
       -0.7000000000      0.009838108088
       -0.6800000000       0.01411672807
       -0.6600000000      0.003394583148
       -0.6400000000       0.03548591975
       -0.6200000000       0.02459231627
       -0.6000000000      0.008452771936
       -0.5800000000       0.02047856685
       -0.5600000000       0.01022535849
       -0.5400000000      0.009930493869
       -0.5200000000       0.05203359630
       -0.5000000000       0.03052712932
       -0.4800000000       0.01249040823
       -0.4600000000       0.03536045643
       -0.4400000000      0.006659307560
       -0.4200000000       0.02332366500
       -0.4000000000       0.02853858444
       -0.3800000000       0.05978581318
       -0.3600000000       0.05278273831
       -0.3400000000       0.03869325668
       -0.3200000000       0.01226604037
       -0.3000000000       0.04430182173
       -0.2800000000       0.01480019200
       -0.2600000000       0.04348806447
       -0.2400000000        0.1329349573
       -0.2200000000       0.02799307928
       -0.2000000000       0.06170983844
       -0.1800000000       0.03427797177
       -0.1600000000       0.04281693384
       -0.1400000000       0.02710591782
       -0.1200000000       0.05022254463
       -0.1000000000        0.2022793572
      -0.08000000000       0.06064437943
      -0.06000000000       0.09672601397
      -0.04000000000       0.06490989548
      -0.02000000000       0.04369159491
         0.000000000       0.08298484194
       0.02000000000       0.03376428525
       0.04000000000        0.2298267465
       0.06000000000        0.1751953366
       0.08000000000        0.1581307316
        0.1000000000       0.09449775372
        0.1200000000       0.06418443728
        0.1400000000        0.1351476998
        0.1600000000       0.03329409072
        0.1800000000        0.3824638867
        0.2000000000        0.2242161030
        0.2200000000        0.2098828471
        0.2400000000        0.1839544971
        0.2600000000        0.1507845598
        0.2800000000        0.1311631352
        0.3000000000        0.1152643320
        0.3200000000        0.5089704420
        0.3400000000        0.4454179013
        0.3600000000        0.2911386385
        0.3800000000        0.2513594595
        0.4000000000        0.2228021488
        0.4200000000        0.2516979642
        0.4400000000        0.1898782394
        0.4600000000        0.8892261376
        0.4800000000        0.4786249558
        0.5000000000        0.4887095550
        0.5200000000        0.4334914238
        0.5400000000        0.3799691484
        0.5600000000        0.2960078264
        0.5800000000         1.085381519
        0.6000000000        0.8969321196
        0.6200000000        0.6939134988
        0.6400000000        0.7918718152
        0.6600000000        0.5027559378
        0.6800000000        0.4469432501
        0.7000000000         1.801915718
        0.7200000000         1.243267141
        0.7400000000         1.300462680
        0.7600000000        0.6603077724
        0.7800000000        0.8070029267
        0.8000000000         2.652023780
        0.8200000000         1.788447069
        0.8400000000         1.338865317
        0.8600000000         1.456874058
        0.8800000000         3.422241814
        0.9000000000         2.533954671
        0.9200000000         1.886425398
        0.9400000000         4.266058952
        0.9600000000         3.315346766
        0.9800000000         5.791612689
         1.000000000         2.188312325
