       -0.9937521706         2.120616569
       -0.9672268386         1.893798290
       -0.9200993342         1.547487289
       -0.8533633646         1.160230537
       -0.7684399635        0.8016946536
       -0.6671388042        0.5139814360
       -0.5516188359        0.3090432472
       -0.4243421202        0.1776770625
       -0.2880213168        0.1018109072
       -0.1455618542       0.06405499694
     6.123233996e-17       0.05279957961
        0.1455618542       0.06405499694
        0.2880213168        0.1018109072
        0.4243421202        0.1776770625
        0.5516188359        0.3090432472
        0.6671388042        0.5139814360
        0.7684399635        0.8016946536
        0.8533633646         1.160230537
        0.9200993342         1.547487289
        0.9672268386         1.893798290
        0.9937521706         2.120616569
