         0.000000000       0.09319371574
        0.1365909849       0.09352657990
        0.2731819699       0.09453038524
        0.4097729548       0.09622071815
        0.5463639398       0.09862335122
        0.6829549247        0.1017738247
        0.8195459096        0.1057166218
        0.9561368946        0.1105036656
         1.092727880        0.1161917433
         1.229318864        0.1228383297
         1.365909849        0.1304951586
         1.502500834        0.1391988441
         1.639091819        0.1489579718
         1.775682804        0.1597365115
         1.912273789        0.1714342638
         2.048864774        0.1838664017
         2.185455759        0.1967458516
         2.322046744        0.2096738431
         2.458637729        0.2221446966
         2.595228714        0.2335699874
         2.731819699        0.2433240592
         2.868410684        0.2508077009
         3.005001669        0.2555208845
         3.141592654        0.2571308780
         3.278183639        0.2555208845
         3.414774623        0.2508077009
         3.551365608        0.2433240592
         3.687956593        0.2335699874
         3.824547578        0.2221446966
         3.961138563        0.2096738431
         4.097729548        0.1967458516
         4.234320533        0.1838664017
         4.370911518        0.1714342638
         4.507502503        0.1597365115
         4.644093488        0.1489579718
         4.780684473        0.1391988441
         4.917275458        0.1304951586
         5.053866443        0.1228383297
         5.190457428        0.1161917433
         5.327048413        0.1105036656
         5.463639398        0.1057166218
         5.600230382        0.1017738247
         5.736821367       0.09862335122
         5.873412352       0.09622071815
         6.010003337       0.09453038524
         6.146594322       0.09352657990
