0 0 24.63791439045527 1.297550457067757 inf -inf nan
1233.494735231322 0.00390625 24.62599788393443 1.254995845908525 0.003391615149924161 -0.0002259865883117909 0.001582814280806185
2466.989470462644 0.0078125 24.61447219250568 1.213836860577217 0.001688399742898342 -0.0001204011262196354 0.0007839993083393531
3700.484205693967 0.01171875 24.60332449895317 1.174027729971741 0.001120661273889733 -8.520597218891594e-05 0.0005177276508504086
4933.978940925289 0.015625 24.59254240641592 1.135524184104241 0.0008367920393854307 -6.760839517355624e-05 0.0003845918221059372
6167.473676156611 0.01953125 24.58211392460179 1.098283404870386 0.0006664704986828475 -5.704984896434178e-05 0.0003047103248592529
7400.968411387934 0.0234375 24.5720274564536 1.062263978433194 0.0005529228048811286 -5.001081815819753e-05 0.0002514559933614656
8634.463146619255 0.02734375 24.56227178525261 1.02742584916858 0.0004718173093084694 -4.498293901095157e-05 0.0002134171851487589
9867.957881850578 0.03125 24.5528360621448 0.9937302751212229 0.0004109881876289758 -4.121202965051757e-05 0.0001848880789892291
11101.4526170819 0.03515625000000001 24.54370979407643 0.961139784921329 0.0003636766485449259 -3.827910014795792e-05 0.000162698774198484
12334.94735231322 0.0390625 24.53488283212511 0.9296181361143709 0.0003258274172776849 -3.593275654590964e-05 0.0001449473303658877
13568.44208754454 0.04296875 24.52634536021366 0.8991302748574697 0.0002948598644226695 -3.401302087150707e-05 0.0001304234217755812
14801.93682277587 0.04687500000000001 24.51808788419408 0.8696422969374993 0.0002690535703768257 -3.241324114283739e-05 0.0001183201646169942
16035.43155800719 0.05078125 24.51010122128953 0.8411214100677711 0.0002472174754149563 -3.105958137242523e-05 0.0001080789470212655
17268.92629323851 0.0546875 24.50237648988252 0.8135358974211044 0.0002285008225904957 -2.989930156921509e-05 9.93007605106403e-05
18502.42102846983 0.05859375000000001 24.49490509963811 0.7868550823589544 0.0002122797234759648 -2.889372573976582e-05 9.16929988680995e-05
19735.91576370116 0.0625 24.48767874195097 0.7610492943173028 0.0001980862617507484 -2.801384688899839e-05 8.503620743087502e-05
20969.41049893248 0.06640625 24.4806893807057 0.7360898358112564 0.0001855626190520296 -2.723748319714401e-05 7.916256792744281e-05
22202.9052341638 0.07031250000000001 24.47392924334025 0.711948950521915 0.0001744304922087229 -2.654738213771834e-05 7.394155503550229e-05
23436.39996939512 0.07421875 24.46739081220242 0.6885997924297129 0.0001644701681910288 -2.592992329507402e-05 6.927012244797737e-05
24669.89470462644 0.078125 24.46106681618975 0.6660163959601846 0.0001555058765751039 -2.537421033669396e-05 6.506583311920495e-05
25903.38943985777 0.08203125000000001 24.45495022266368 0.6441736471087864 0.0001473953270178372 -2.487142242196984e-05 6.126195229793366e-05
27136.88417508909 0.0859375 24.44903422962887 0.6230472555126596 0.0001400221001475962 -2.441434249949253e-05 5.780387882405184e-05
28370.37891032041 0.08984375 24.44331225816898 0.6026137274384809 0.0001332900234399835 -2.399700865723145e-05 5.464650739137602e-05
29603.87364555174 0.09375000000000001 24.43777794513055 0.5828503396560052 0.0001271189531246726 -2.361445263515841e-05 5.175225024475711e-05
30837.36838078306 0.09765625000000001 24.43242513604683 0.5637351141686366 0.0001214415684345869 -2.326250109485112e-05 4.908953366986788e-05
32070.86311601438 0.1015625 24.42724787829363 0.545246793772634 0.0001162009056437378 -2.293762274995225e-05 4.663164144689275e-05
33304.3578512457 0.10546875 24.42224041446972 0.5273648184178938 0.0001113484400966562 -2.263680946763814e-05 4.435581531450905e-05
34537.85258647702 0.109375 24.41739717599425 0.5100693023440499 0.0001068425792315086 -2.235748284834638e-05 4.22425481915811e-05
35771.34732170834 0.11328125 24.41271277691415 0.493341011966379 0.0001026474673915444 -2.209742013383376e-05 4.027502362885531e-05
37004.84205693967 0.1171875 24.40818200791471 0.4771613444869587 9.873202967424254e-05 -2.185469493362209e-05 3.843866737031023e-05
38238.33679217099 0.12109375 24.40379983052646 0.4615123072073288 9.506920084192921e-05 -2.162762942374665e-05 3.672078570909128e-05
39471.83152740231 0.125 24.39956137152217 0.4463764975195943 9.163529881163548e-05 -2.141475550823811e-05 3.511027165169869e-05
40705.32626263364 0.12890625 24.39546191749749 0.4317370835537702 8.84095120559047e-05 -2.121478304215475e-05 3.359736450687498e-05
41938.82099786495 0.1328125 24.39149690962945 0.4175777854597413 8.537347746227567e-05 -2.102657366231066e-05 3.217345189998251e-05
43172.31573309628 0.13671875 24.38766193860671 0.4038828573032447 8.251093055971195e-05 -2.084911910417256e-05 3.08309057277697e-05
44405.8104683276 0.140625 24.38395273972625 0.3906370695554244 7.980741404062313e-05 -2.068152313259824e-05 2.956294545401245e-05
45639.30520355892 0.14453125 24.38036518815067 0.3778256921567476 7.725003354959373e-05 -2.052298640272975e-05 2.836352357343199e-05
46872.79993879025 0.1484375 24.37689529432126 0.3654344781364216 7.482725203177581e-05 -2.037279371127571e-05 2.722722916025005e-05
48106.29467402157 0.15234375 24.3735391995213 0.3534496477688975 7.252871571999899e-05 -2.023030320912757e-05 2.614920625543571e-05
49339.78940925289 0.15625 24.37029317158498 0.341857873250035 7.034510622381306e-05 -2.009493723208614e-05 2.512508449586346e-05
50573.28414448421 0.16015625 24.36715360074702 0.3306462638758916 6.826801426402538e-05 -1.996617447343678e-05 2.415091989529429e-05
51806.77887971554 0.1640625 24.36411699562843 0.3198023517075086 6.628983144517951e-05 -1.984354327472362e-05 2.322314408522795e-05
53040.27361494685 0.16796875 24.36117997935384 0.3093140777058352 6.440365712953675e-05 -1.972661585269452e-05 2.233852063842112e-05
54273.76835017818 0.171875 24.35833928579631 0.2991697783214562 6.260321801005816e-05 -1.961500331348575e-05 2.149410734828621e-05
55507.2630854095 0.17578125 24.35559175594512 0.2893581725239898 6.088279840700292e-05 -1.950835133157406e-05 2.068722353771443e-05
56740.75782064082 0.1796875 24.35293433439288 0.2798683492570575 5.92371796562525e-05 -1.940633639235476e-05 1.991542163194887e-05
57974.25255587215 0.18359375 24.35036406593763 0.270689755304474 5.766158723532324e-05 -1.930866251437845e-05 1.917646236047239e-05
59207.74729110347 0.1875 24.34787809229657 0.2618121835545537 5.615164449859756e-05 -1.921505838131843e-05 1.846829305863956e-05
60441.24202633479 0.19140625 24.34547364892747 0.253225761649162 5.470333207765697e-05 -1.912527482511738e-05 1.778902862626979e-05
61674.73676156611 0.1953125 24.34314806195434 0.2449209410051623 5.331295215355531e-05 -1.903908261116421e-05 1.713693477119555e-05
62908.23149679743 0.19921875 24.34089874519392 0.2368884861958378 5.197709693235782e-05 -1.895627048403375e-05 1.651041322416204e-05
64141.72623202876 0.203125 24.3387231972797 0.2291194646805224 5.069262075812967e-05 -1.887664343871515e-05 1.590798865970726e-05
65375.22096726008 0.20703125 24.33661899888029 0.2216052368711985 4.9456615382931e-05 -1.880002118755926e-05 1.532829709768587e-05
66608.7157024914 0.2109375 24.33458381000894 0.2143374465247518 4.826638798458927e-05 -1.872623679755768e-05 1.47700755935158e-05
67842.21043772272 0.21484375 24.33261536742141 0.2073080114503512 4.711944158255124e-05 -1.865513547628385e-05 1.423215305313369e-05
69075.70517295404 0.21875 24.33071148209902 0.2005091145215943 4.601345755201567e-05 -1.85865734879122e-05 1.371344203205173e-05
70309.19990818537 0.22265625 24.32887003681443 0.1939331949834582 4.494627997869055e-05 -1.852041718334311e-05 1.321293139767372e-05
71542.69464341669 0.2265625 24.32708898377712 0.1875729400442907 4.391590163203312e-05 -1.845654213065601e-05 1.272967975068855e-05
72776.18937864801 0.23046875 24.32536634235612 0.1814212767435635 4.292045136492255e-05 -1.839483233399156e-05 1.226280951546549e-05
74009.68411387934 0.234375 24.3237001968775 0.1754713640863912 4.195818277338319e-05 -1.833517953055005e-05 1.181150162141657e-05
75243.17884911066 0.23828125 24.32208869449394 0.1697165854358929 4.102746397172946e-05 -1.827748255672909e-05 1.137499070750018e-05
76476.67358434197 0.2421875 24.32053004312433 0.1641505411551805 4.012676835722554e-05 -1.822164677561207e-05 1.095256079080674e-05
77710.16831957331 0.24609375 24.31902250946086 0.1587670414905773 3.925466625429314e-05 -1.81675835589754e-05 1.054354134765887e-05
78943.66305480462 0.25 24.31756441704148 0.1535600996882494 3.840981734207915e-05 -1.811520981785807e-05 1.014730376211054e-05
80177.15779003594 0.25390625 24.31615414438556 0.1485239253366331 3.759096378100951e-05 -1.806444757646718e-05 9.763258102271165e-06
81410.65252526727 0.2578125000000001 24.31479012319075 0.1436529179271702 3.679692396421314e-05 -1.801522358481675e-05 9.390850189698194e-06
82644.14726049859 0.26171875 24.31347083658891 0.1389416606261591 3.602658682851732e-05 -1.796746896604976e-05 9.029558931233783e-06
83877.64199572991 0.265625 24.31219481745929 0.1343849142510578 3.527890666739842e-05 -1.792111889489493e-05 8.678893886251748e-06
85111.13673096124 0.2695312500000001 24.31096064679699 0.1299776114440903 3.455289839500901e-05 -1.787611230406305e-05 8.33839304547298e-06
86344.63146619256 0.2734375 24.30976695213494 0.1257148510371309 3.384763321611693e-05 -1.783239161582529e-05 8.00762080014582e-06
87578.12620142387 0.27734375 24.30861240601768 0.1215918926013444 3.316223466198156e-05 -1.778990249627107e-05 7.686166082855243e-06
88811.62093665521 0.2812500000000001 24.30749572452513 0.117604151175513 3.249587495657206e-05 -1.774859363003854e-05 7.373640663266757e-06
90045.11567188652 0.28515625 24.30641566584477 0.1137471921673097 3.184777168144773e-05 -1.770841651356507e-05 7.069677583941331e-06
91278.61040711784 0.2890625 24.30537102889073 0.1100167264218186 3.121718471105756e-05 -1.766932526510417e-05 6.773929722976697e-06
92512.10514234917 0.2929687500000001 24.30436065196806 0.1064086054517333 3.060341339320966e-05 -1.763127644993597e-05 6.48606847163684e-06
93745.59987758049 0.296875 24.30338341148094 0.102918816823987 3.000579395214826e-05 -1.75942289193767e-05 6.205782516385774e-06
94979.09461281181 0.30078125 24.30243822068306 0.09954347969774346 2.942369709397272e-05 -1.755814366233888e-05 5.932776715816918e-06
96212.58934804314 0.3046875000000001 24.30152402846921 0.09627884050864566 2.885652579626121e-05 -1.752298366830213e-05 5.666771063979541e-06
97446.08408327446 0.30859375 24.30063981820634 0.0931212687946612 2.830371326558027e-05 -1.748871380069695e-05 5.407499732441661e-06
98679.57881850578 0.3125 24.29978460660298 0.09006725315879294 2.776472104816803e-05 -1.745530067978154e-05 5.154710184193248e-06
99913.07355373711 0.3164062500000001 24.29895744261584 0.0871133973642344 2.72390372805656e-05 -1.74227125741985e-05 4.908162353183551e-06
101146.5682889684 0.3203125 24.29815740639214 0.08425641655750837 2.672617506827321e-05 -1.73909193004574e-05 4.667627883907903e-06
102380.0630241997 0.32421875 24.29738360824667 0.08149313361560928 2.622567098157628e-05 -1.735989212969919e-05 4.432889425938547e-06
103613.5577594311 0.3281250000000001 24.29663518767246 0.07882047561277261 2.573708365885105e-05 -1.732960370110065e-05 4.203739978875199e-06
104847.0524946624 0.33203125 24.29591131238384 0.07623547040329015 2.525999250842341e-05 -1.730002794141103e-05 3.97998228350619e-06
106080.5472298937 0.3359375 24.29521117739084 0.07373524331626413 2.479399650102752e-05 -1.727113999008714e-05 3.761428255470189e-06
107314.041965125 0.3398437500000001 24.29453400410404 0.07131701395880441 2.433871304552997e-05 -1.72429161295962e-05 3.547898457966881e-06
108547.5367003564 0.34375 24.29387903946875 0.06897809312415859 2.389377694128841e-05 -1.72153337204827e-05 3.339221610402856e-06
109781.0314355877 0.34765625 24.29324555512752 0.06671587980102345 2.345883940119182e-05 -1.718837114078444e-05 3.135234130203689e-06
111014.526170819 0.3515625000000001 24.2926328466102 0.06452785828123808 2.303356713976185e-05 -1.716200772952622e-05 2.935779705117818e-06
112248.0209060503 0.35546875 24.29204023255053 0.0624115953620219 2.261764152144175e-05 -1.713622373389839e-05 2.740708893771684e-06
113481.5156412816 0.359375 24.29146705392842 0.06036473764024208 2.221075776438849e-05 -1.711100025991668e-05 2.549878752235904e-06
114715.010376513 0.3632812500000001 24.29091267333705 0.05838500889518627 2.18126241956569e-05 -1.708631922623364e-05 2.363152484711629e-06
115948.5051117443 0.3671875 24.2903764742741 0.05647020755738197 2.142296155392145e-05 -1.706216332092783e-05 2.180399116496806e-06
117181.9998469756 0.37109375 24.2898578604561 0.05461820426025099 2.104150233622205e-05 -1.703851596099704e-05 2.001493187612504e-06
118415.4945822069 0.3750000000000001 24.28935625515537 0.05282693947216899 2.066799018555924e-05 -1.701536125439853e-05 1.826314465580351e-06
119648.9893174383 0.3789062500000001 24.28887110055867 0.05109442120613039 2.03021793163521e-05 -1.699268396442948e-05 1.654747675961309e-06
120882.4840526696 0.3828125 24.28840185714685 0.04941872280458881 1.994383397508799e-05 -1.697046947629795e-05 1.486682249395019e-06
122115.9787879009 0.38671875 24.2879480030949 0.04779798079684383 1.959272793364977e-05 -1.694870376570336e-05 1.322012083973205e-06
123349.4735231322 0.3906250000000001 24.28750903369163 0.04623039282681418 1.924864401303828e-05 -1.692737336932113e-05 1.160635321858574e-06
124582.9682583635 0.39453125 24.28708446077843 0.04471421564868194 1.891137363541043e-05 -1.690646535702598e-05 1.002454139192223e-06
125816.4629935949 0.3984375 24.28667381220638 0.0432477631883188 1.858071640243964e-05 -1.688596730575694e-05 8.47374548341351e-07
127049.9577288262 0.4023437500000001 24.28627663131123 0.04182940466826324 1.825647969826392e-05 -1.686586727490006e-05 6.953062116819256e-07
128283.4524640575 0.40625 24.28589247640552 0.04045756279421653 1.793847831532758e-05 -1.684615378309585e-05 5.461622661158657e-07
129516.9471992888 0.41015625 24.28552092028743 0.03913071200103957 1.762653410158397e-05 -1.682681578637728e-05 3.998591576033451e-07
130750.4419345202 0.4140625000000001 24.2851615497657 0.03784737675613314 1.732047562772831e-05 -1.680784265751797e-05 2.563164851051744e-07
131983.9366697515 0.41796875 24.28481396520014 0.03660612991869527 1.702013787300553e-05 -1.678922416658345e-05 1.154568532110417e-07
133217.4314049828 0.4218750000000001 24.2844777800572 0.03540559115255348 1.672536192855673e-05 -1.677095046251758e-05 -2.279426698042049e-08
134450.9261402141 0.42578125 24.28415262048014 0.03424442539122197 1.643599471702881e-05 -1.675301205577618e-05 -1.585086693736824e-07
135684.4208754454 0.4296875 24.28383812487323 0.03312134135316569 1.615188872753804e-05 -1.673539980188072e-05 -2.917555371713407e-07
136917.9156106768 0.4335937500000001 24.28353394349974 0.03203509010592143 1.587290176487757e-05 -1.67181048858958e-05 -4.226015605091156e-07
138151.4103459081 0.4375 24.28323973809288 0.0309844636771146 1.559889671226957e-05 -1.670111880769611e-05 -5.5111104771327e-07
139384.9050811394 0.44140625 24.28295518147973 0.02996829371117826 1.532974130660487e-05 -1.668443336804774e-05 -6.77346030721438e-07
140618.3998163707 0.4453125000000001 24.28267995721736 0.02898545017006882 1.506530792560914e-05 -1.666804065540968e-05 -8.013663649002715e-07
141851.894551602 0.44921875 24.28241375924095 0.02803484007661439 1.480547338601565e-05 -1.665193303342912e-05 -9.232298237067315e-07
143085.3892868334 0.453125 24.28215629152341 0.02711540629901776 1.455011875227653e-05 -1.663610312906896e-05 -1.042992188396216e-06
144318.8840220647 0.4570312500000001 24.28190726774617 0.02622612637529187 1.429912915501733e-05 -1.662054382136052e-05 -1.160707333171594e-06
145552.378757296 0.4609375 24.28166641098082 0.0253660113762777 1.40523936187187e-05 -1.660524823073684e-05 -1.276427306009067e-06
146785.8734925273 0.46484375 24.28143345338111 0.024534104805781 1.380980489816388e-05 -1.65902097088591e-05 -1.390202405347608e-06
148019.3682277587 0.4687500000000001 24.28120813588513 0.0237294815370177 1.357125932295346e-05 -1.657542182901396e-05 -1.502081253030251e-06
149252.86296299 0.47265625 24.28099020792716 0.02295124678374805 1.333665664980478e-05 -1.656087837693669e-05 -1.612110863565958e-06
150486.3576982213 0.4765625 24.28077942715908 0.0221985351052183 1.310589992212458e-05 -1.65465733421017e-05 -1.720336709988559e-06
151719.8524334526 0.4804687500000001 24.28057555918085 0.02147050944383011 1.287889533635177e-05 -1.653250090946622e-05 -1.826802786557227e-06
152953.3471686839 0.484375 24.28037837727983 0.0207663601941448 1.265555211487023e-05 -1.651865545154688e-05 -1.931551668338323e-06
154186.8419039153 0.48828125 24.28018766217868 0.02008530430268252 1.243578238493375e-05 -1.650503152095403e-05 -2.034624568010138e-06
155420.3366391466 0.4921875000000001 24.2800032017915 0.01942658439705269 1.221950106341237e-05 -1.649162384322442e-05 -2.136061389906028e-06
156653.8313743779 0.49609375 24.27982479098799 0.01878946794377612 1.200662574694005e-05 -1.647842731003327e-05 -2.235900781546611e-06
157887.3261096092 0.5 24.27965223136531 0.01817324643356244 1.179707660730115e-05 -1.646543697267049e-05 -2.334180182684672e-06
159120.8208448406 0.5039062500000001 24.27948533102749 0.01757723459350302 1.159077629152369e-05 -1.645264803588446e-05 -2.430935872180386e-06
160354.3155800719 0.5078125 24.27932390437196 0.01700076962498542 1.138764982676495e-05 -1.644005585197295e-05 -2.526203012603997e-06
161587.8103153032 0.51171875 24.27916777188325 0.0164432104666048 1.11876245294013e-05 -1.642765591514469e-05 -2.62001569287169e-06
162821.3050505345 0.5156250000000001 24.27901675993325 0.01590393708127635 1.099062991836916e-05 -1.641544385614673e-05 -2.712406968888785e-06
164054.7997857658 0.51953125 24.27887070058819 0.0153823497667247 1.079659763230976e-05 -1.640341543713336e-05 -2.803408902411802e-06
165288.2945209972 0.5234375 24.27872943142189 0.01487786848858264 1.060546135052133e-05 -1.63915665467637e-05 -2.893052598121186e-06
166521.7892562285 0.5273437500000001 24.27859279533511 0.01438993223534624 1.041715671734809e-05 -1.63798931955107e-05 -2.981368239081305e-06
167755.2839914598 0.53125 24.27846064038084 0.01391799839450414 1.023162126996482e-05 -1.636839151118443e-05 -3.068385120609806e-06
168988.7787266911 0.53515625 24.27833281959536 0.01346154214915884 1.004879436924548e-05 -1.635705773466566e-05 -3.154131682710089e-06
170222.2734619225 0.5390625000000001 24.27820919083477 0.01302005589431587 9.868617133758627e-06 -1.634588821577315e-05 -3.238635541007261e-06
171455.7681971538 0.54296875 24.27808961661697 0.01259304867248545 9.691032376487958e-06 -1.633487940938137e-05 -3.321923516446707e-06
172689.2629323851 0.546875 24.2779739639687 0.01218004562767305 9.515984544315791e-06 -1.632402787165356e-05 -3.404021663668885e-06
173922.7576676164 0.5507812500000001 24.27786210427773 0.01178058747730404 9.343419660121495e-06 -1.631333025644535e-05 -3.484955298161928e-06
175156.2524028477 0.5546875 24.2777539131498 0.01139423000149975 9.173285267255058e-06 -1.630278331187614e-05 -3.56474902231054e-06
176389.7471380791 0.55859375 24.27764927027031 0.01102054354905135 9.005530376375e-06 -1.629238387701951e-05 -3.643426750322253e-06
177623.2418733104 0.5625000000000001 24.2775480592705 0.01065911255965091 8.840105414549943e-06 -1.628212887875809e-05 -3.721011732104072e-06
178856.7366085417 0.56640625 24.27745016759805 0.01030953510175436 8.676962176320724e-06 -1.6272015328751e-05 -3.797526576215138e-06
180090.231343773 0.5703125 24.27735548639194 0.009971422425593346 8.516053776982919e-06 -1.626204032052073e-05 -3.872993271768904e-06
181323.7260790044 0.5742187500000001 24.27726391036135 0.00964439853090937 8.357334607564524e-06 -1.625220102669328e-05 -3.947433209564377e-06
182557.2208142357 0.578125 24.27717533766858 0.009328099748756813 8.200760291784041e-06 -1.624249469629112e-05 -4.020867202253542e-06
183790.715549467 0.58203125 24.27708966981584 0.009022174337147248 8.046287644677944e-06 -1.623291865220524e-05 -4.093315503763648e-06
185024.2102846983 0.5859375000000001 24.27700681153566 0.008726282089853044 7.893874632858449e-06 -1.62234702887112e-05 -4.164797827926377e-06
186257.7050199297 0.58984375 24.27692667068498 0.00844009395807177 7.743480336435446e-06 -1.621414706910004e-05 -4.235333366332297e-06
187491.199755161 0.59375 24.27684915814268 0.008163291684539331 7.595064912334593e-06 -1.62049465234283e-05 -4.304940805546855e-06
188724.6944903923 0.5976562500000001 24.27677418771046 0.007895567449594409 7.448589559139349e-06 -1.619586624632751e-05 -4.373638343594082e-06
189958.1892256236 0.6015625 24.27670167601699 0.007636623528867403 7.304016483243525e-06 -1.618690389490892e-05 -4.441443705832696e-06
191191.6839608549 0.60546875 24.2766315424252 0.007386171962167509 7.161308866407332e-06 -1.617805718672954e-05 -4.508374160161104e-06
192425.1786960863 0.6093750000000001 24.27656370894261 0.007143934233312166 7.020430834394586e-06 -1.616932389789377e-05 -4.574446531749592e-06
193658.6734313176 0.61328125 24.27649810013456 0.006909640960330421 6.881347426983285e-06 -1.616070186113972e-05 -4.63967721707822e-06
194892.1681665489 0.6171875 24.27643464304037 0.006683031595954958 6.744024569052916e-06 -1.615218896408859e-05 -4.704082197517836e-06
196125.6629017802 0.6210937500000001 24.27637326709221 0.006463854137862768 6.608429042649954e-06 -1.614378314750872e-05 -4.767677052429383e-06
197359.1576370116 0.625 24.27631390403657 0.006251864848408673 6.474528460340001e-06 -1.613548240363483e-05 -4.830476971647413e-06
198592.6523722429 0.62890625 24.27625648785839 0.006046827983595904 6.34229123930155e-06 -1.612728477458431e-05 -4.892496767641379e-06
199826.1471074742 0.6328125000000001 24.27620095470768 0.005848515530942677 6.211686576533472e-06 -1.611918835084087e-05 -4.953750887153699e-06
201059.6418427055 0.63671875 24.27614724282843 0.005656706955846857 6.08268442499575e-06 -1.611119126971112e-05 -5.014253422357687e-06
202293.1365779368 0.640625 24.27609529249004 0.005471188956420292 5.955255470410092e-06 -1.610329171396409e-05 -5.074018121776997e-06
203526.6313131682 0.6445312500000001 24.2760450459208 0.005291755226238593 5.82937110919182e-06 -1.609548791041571e-05 -5.133058400611949e-06
204760.1260483995 0.6484375 24.27599644724372 0.005118206224906885 5.705003427046238e-06 -1.608777812859137e-05 -5.191387350772569e-06
205993.6207836308 0.65234375 24.27594944241434 0.004950348956199946 5.582125178218751e-06 -1.608016067948354e-05 -5.249017750632395e-06
207227.1155188621 0.6562500000000001 24.27590397916064 0.004787996753407242 5.460709765697088e-06 -1.607263391428834e-05 -5.305962074295627e-06
208460.6102540935 0.66015625 24.27586000692494 0.004630969071783397 5.34073122193184e-06 -1.606519622324978e-05 -5.362232500658971e-06
209694.1049893248 0.6640625 24.27581747680764 0.004479091287706183 5.222164190479638e-06 -1.605784603444484e-05 -5.4178409219826e-06
210927.5997245561 0.6679687500000001 24.27577634151286 0.004332194504570452 5.104983907924892e-06 -1.605058181276286e-05 -5.472798952418985e-06
212161.0944597874 0.671875 24.27573655529585 0.004190115364906433 4.989166186774827e-06 -1.604340205877631e-05 -5.527117936000741e-06
213394.5891950188 0.67578125 24.2756980739121 0.004052695868736578 4.874687398843705e-06 -1.603630530772896e-05 -5.580808954442628e-06
214628.0839302501 0.6796875000000001 24.27566085456816 0.003919783197872562 4.761524459021734e-06 -1.60292901285422e-05 -5.63388283476023e-06
215861.5786654814 0.68359375 24.27562485587402 0.003791229545939245 4.649654809975715e-06 -1.602235512281255e-05 -5.686350156418419e-06
217095.0734007127 0.6875 24.27559003779711 0.003666891954082985 4.539056406922866e-06 -1.601549892397449e-05 -5.738221258525812e-06
218328.568135944 0.6914062500000001 24.27555636161778 0.003546632151923745 4.429707703320548e-06 -1.600872019632094e-05 -5.789506246500194e-06
219562.0628711754 0.6953125 24.27552378988623 0.003430316403793654 4.321587636841383e-06 -1.600201763413597e-05 -5.840214998647295e-06
220795.5576064067 0.69921875 24.27549228638086 0.003317815360063037 4.214675615811327e-06 -1.59953899609179e-05 -5.890357172553286e-06
222029.052341638 0.7031250000000001 24.275461816068 0.003209003913241304 4.108951506156976e-06 -1.598883592849677e-05 -5.939942211169897e-06
223262.5470768693 0.70703125 24.27543234506296 0.003103761058923737 4.004395618653611e-06 -1.598235431635152e-05 -5.988979348848956e-06
224496.0418121007 0.7109375 24.27540384059233 0.00300196976111522 3.900988696972363e-06 -1.59759439306946e-05 -6.037477616861117e-06
225729.536547332 0.7148437500000001 24.27537627095753 0.002903516822186702 3.79871190559616e-06 -1.596960360388891e-05 -6.085445849146377e-06
226963.0312825633 0.71875 24.27534960549959 0.002808292756967035 3.69754681846019e-06 -1.596333219370651e-05 -6.132892687623161e-06
228196.5260177946 0.72265625 24.27532381456501 0.002716191670913304 3.59747540793066e-06 -1.595712858252349e-05 -6.179826587296414e-06
229430.020753026 0.7265625000000001 24.27529886947282 0.002627111142473382 3.498480034099032e-06 -1.595099167684685e-05 -6.226255821373909e-06
230663.5154882573 0.73046875 24.2752747424827 0.002540952109100658 3.400543434310011e-06 -1.594492040653823e-05 -6.27218848611411e-06
231897.0102234886 0.734375 24.27525140676408 0.002457618757105706 3.303648713206835e-06 -1.593891372421223e-05 -6.317632505502696e-06
233130.5049587199 0.7382812500000001 24.2752288363663 0.002377018415117504 3.207779333099429e-06 -1.593297060465231e-05 -6.362595635776442e-06
234363.9996939512 0.7421875 24.27520700618984 0.002299061451026319 3.112919104387453e-06 -1.592709004422542e-05 -6.407085469918984e-06
235597.4944291826 0.74609375 24.27518589195831 0.002223661172337188 3.019052176454718e-06 -1.592127106037323e-05 -6.451109441959255e-06
236830.9891644139 0.7500000000000001 24.2751654701915 0.002150733729692433 2.926163029033536e-06 -1.59155126909344e-05 -6.494674830950434e-06
238064.4838996452 0.75390625 24.27514571817926 0.002080198023676871 2.834236463460114e-06 -1.59098139937051e-05 -6.537788765122494e-06
239297.9786348765 0.7578125000000001 24.27512661395624 0.002011975614649941 2.74325759443537e-06 -1.590417404596764e-05 -6.580458225766133e-06
240531.4733701078 0.76171875 24.27510813627746 0.001945990635420003 2.65321184203672e-06 -1.589859194379497e-05 -6.622690050879126e-06
241764.9681053392 0.765625 24.27509026459473 0.001882169707030812 2.56408492379888e-06 -1.58930668018884e-05 -6.664490939044762e-06
242998.4628405705 0.7695312500000001 24.27507297903373 0.001820441857006472 2.47586284739006e-06 -1.588759775278928e-05 -6.705867452699609e-06
244231.9575758018 0.7734375 24.27505626037193 0.001760738440509613 2.388531903066654e-06 -1.588218394659885e-05 -6.746826021766098e-06
245465.4523110331 0.77734375 24.27504009001725 0.001702993063986469 2.3020786566991e-06 -1.587682455050045e-05 -6.787372946900673e-06
246698.9470462645 0.7812500000000001 24.27502444998734 0.001647141511355699 2.216489942800455e-06 -1.587151874838687e-05 -6.82751440279321e-06
247932.4417814958 0.78515625 24.27500932288962 0.001593121672556208 2.131752857833662e-06 -1.586626574035185e-05 -6.867256441259092e-06
249165.9365167271 0.7890625 24.2749946919019 0.001540873474468185 2.047854753950605e-06 -1.586106474225806e-05 -6.906604994153727e-06
250399.4312519584 0.7929687500000001 24.27498054075371 0.001490338814178926 1.964783232378758e-06 -1.585591498552566e-05 -6.945565876573451e-06
251632.9259871897 0.796875 24.27496685370817 0.001441461494309237 1.882526137509747e-06 -1.585081571660459e-05 -6.98414478954742e-06
252866.4207224211 0.80078125 24.27495361554451 0.001394187160542515 1.801071550825559e-06 -1.584576619666801e-05 -7.022347322921225e-06
254099.9154576524 0.8046875000000001 24.27494081154117 0.00134846324115756 1.720407785392094e-06 -1.584076570119371e-05 -7.060178957900807e-06
255333.4101928837 0.80859375 24.27492842745936 0.001304238888579334 1.640523380043343e-06 -1.583581351965173e-05 -7.097645069804191e-06
256566.904928115 0.8125 24.27491644952731 0.001261464922876598 1.561407093900494e-06 -1.583090895529975e-05 -7.134750930699626e-06
257800.3996633464 0.8164062500000001 24.27490486442486 0.001220093776964859 1.483047901488168e-06 -1.582605132453684e-05 -7.171501711524337e-06
259033.8943985777 0.8203125 24.27489365926873 0.001180079443827253 1.405434987011659e-06 -1.582123995694333e-05 -7.207902484965837e-06
260267.389133809 0.82421875 24.27488282159818 0.001141377425270207 1.328557740041039e-06 -1.581647419472079e-05 -7.243958227339876e-06
261500.8838690403 0.8281250000000001 24.27487233936108 0.00110394468246966 1.252405750133403e-06 -1.581175339248517e-05 -7.279673821175884e-06
262734.3786042716 0.83203125 24.27486220090062 0.001067739588137329 1.176968802337605e-06 -1.580707691707551e-05 -7.315054057368953e-06
263967.873339503 0.8359375 24.27485239494225 0.0010327218801649 1.102236872766706e-06 -1.580244414705161e-05 -7.350103637142455e-06
265201.3680747343 0.8398437500000001 24.2748429105812 0.0009988526168882572 1.028200123877354e-06 -1.579785447254456e-05 -7.384827174333605e-06
266434.8628099656 0.8437500000000001 24.27483373727032 0.0009660941337870099 9.548489005163874e-07 -1.57933072950097e-05 -7.419229197246656e-06
267668.357545197 0.8476562500000001 24.27482486480838 0.0009344100015908907 8.821737252892771e-07 -1.578880202693699e-05 -7.453314150823857e-06
268901.8522804282 0.8515625 24.2748162833287 0.000903764985778821 8.10165294786465e-07 -1.578433809164119e-05 -7.487086398427363e-06
270135.3470156596 0.85546875 24.2748079832882 0.0008741250073569518 7.388144754912949e-07 -1.577991492285627e-05 -7.520550223682486e-06
271368.8417508909 0.859375 24.27479995545676 0.0008454571050009463 6.681123000894083e-07 -1.577553196465322e-05 -7.553709832281906e-06
272602.3364861222 0.8632812500000001 24.27479219090699 0.000817729398420397 5.980499632720078e-07 -1.577118867130031e-05 -7.586569354014152e-06
273835.8312213536 0.8671875000000001 24.27478468100427 0.0007909110528316887 5.286188186686222e-07 -1.576688450671278e-05 -7.619132844022078e-06
275069.3259565849 0.8710937500000001 24.27477741739717 0.0007649722447240492 4.598103750163895e-07 -1.576261894447014e-05 -7.651404284726873e-06
276302.8206918162 0.875 24.27477039200814 0.0007398841286914148 3.916162924128312e-07 -1.57583914675962e-05 -7.683387587591685e-06
277536.3154270475 0.87890625 24.27476359702456 0.0007156188053443202 3.240283794353024e-07 -1.575420156830457e-05 -7.715086594434636e-06
278769.8101622788 0.8828125 24.27475702489004 0.0006921492902733917 2.570385896070629e-07 -1.575004874773886e-05 -7.746505079065901e-06
280003.3048975102 0.8867187500000001 24.27475066829598 0.0006694494840786547 1.906390180938684e-07 -1.574593251596605e-05 -7.777646748936089e-06
281236.7996327415 0.8906250000000001 24.27474452017349 0.0006474941432799142 1.248218991135812e-07 -1.574185239144341e-05 -7.808515246164916e-06
282470.2943679728 0.8945312500000001 24.27473857368552 0.0006262588523213708 5.95796019378021e-08 -1.57378079012336e-05 -7.839114149647898e-06
283703.7891032041 0.8984375 24.27473282221925 0.0006057199963578341 -5.095370758285175e-09 -1.573379858048902e-05 -7.86944697562365e-06
284937.2838384354 0.90234375 24.2747272593787 0.0005858547350214849 -6.921038696959384e-08 -1.572982397241944e-05 -7.899517179694515e-06
286170.7785736668 0.90625 24.2747218789777 0.0005666409770412884 -1.327726875940686e-07 -1.572588362823853e-05 -7.929328157916302e-06
287404.2733088981 0.9101562500000001 24.27471667503295 0.0005480573556440049 -1.957893890643765e-07 -1.57219771068096e-05 -7.95888324793699e-06
288637.7680441294 0.9140625000000001 24.27471164175735 0.0005300832047794302 -2.582674861632408e-07 -1.571810397438229e-05 -7.988185730272765e-06
289871.2627793608 0.9179687500000001 24.27470677355363 0.0005126985361982861 -3.202138548679e-07 -1.571426380481059e-05 -8.017238829839243e-06
291104.757514592 0.921875 24.27470206500806 0.0004958840171838119 -3.816352544863723e-07 -1.57104561791511e-05 -8.046045716818737e-06
292338.2522498234 0.92578125 24.27469751088449 0.0004796209490081083 -4.425383298127883e-07 -1.570668068518867e-05 -8.074609507500731e-06
293571.7469850547 0.9296875 24.27469310611847 0.0004638912462695544 -5.029296146340871e-07 -1.570293691820121e-05 -8.102933266417651e-06
294805.241720286 0.9335937500000001 24.27468884581165 0.0004486774166281293 -5.628155331339162e-07 -1.569922447974741e-05 -8.131020006440664e-06
296038.7364555174 0.9375000000000001 24.27468472522633 0.0004339625414502279 -6.222024022219038e-07 -1.569554297820618e-05 -8.158872690214042e-06
297272.2311907487 0.9414062500000001 24.27468073978019 0.0004197302569934891 -6.810964342595264e-07 -1.569189202866211e-05 -8.186494231460818e-06
298505.72592598 0.9453125 24.2746768850412 0.0004059647361316365 -7.395037388609684e-07 -1.568827125216037e-05 -8.21388749551067e-06
299739.2206612113 0.94921875 24.27467315672266 0.0003926506708609168 -7.974303248978055e-07 -1.568468027642369e-05 -8.241055300660746e-06
300972.7153964426 0.953125 24.27466955067848 0.0003797732551618083 -8.548821026035895e-07 -1.568111873478695e-05 -8.26800041869527e-06
302206.210131674 0.9570312500000001 24.27466606289853 0.0003673181686423277 -9.118648865041087e-07 -1.567758626697366e-05 -8.294725576738885e-06
303439.7048669053 0.9609375000000001 24.2746626895042 0.0003552715605508183 -9.683843955977852e-07 -1.567408251846086e-05 -8.321233457029325e-06
304673.1996021366 0.9648437500000001 24.27465942674409 0.0003436200343713836 -1.024446256812857e-06 -1.567060714032667e-05 -8.347526698569763e-06
305906.6943373679 0.96875 24.27465627098983 0.0003323506329735437 -1.080056006388786e-06 -1.566715978957869e-05 -8.373607897983739e-06
307140.1890725992 0.97265625 24.27465321873204 0.0003214508241171643 -1.135219091043696e-06 -1.566374012821616e-05 -8.39947960962993e-06
308373.6838078306 0.9765625 24.27465026657645 0.0003109084866252942 -1.18994087127874e-06 -1.566034782418091e-05 -8.425144347729824e-06
309607.1785430619 0.9804687500000001 24.27464741124008 0.0003007118968270106 -1.244226621251702e-06 -1.565698255049837e-05 -8.450604585875038e-06
310840.6732782932 0.9843750000000001 24.27464464954765 0.0002908497155402756 -1.298081532102928e-06 -1.565364398536295e-05 -8.475862758732941e-06
312074.1680135246 0.9882812500000001 24.27464197842799 0.0002813109754526977 -1.351510712209693e-06 -1.565033181192474e-05 -8.500921262067214e-06
313307.6627487558 0.9921875 24.27463939491068 0.0002720850689712506 -1.404519190192834e-06 -1.564704571870914e-05 -8.525782454450989e-06
314541.1574839872 0.99609375 24.27463689612269 0.00026316173635621 -1.457111915404451e-06 -1.564378539873506e-05 -8.550448657069756e-06
