0.0    24.9741666667    0.0106312323556
0.0008    24.9645958333    0.0106001745753
0.0016    24.9556083333    0.0105705307047
0.0024    24.9463833333    0.0105406657113
0.0032    24.9372916667    0.0105118767996
0.004    24.9281166667    0.0104823607581
0.0048    24.9199583333    0.0104540247227
0.0056    24.9116583333    0.0104248431215
0.0064    24.9035916667    0.0103961876628
0.0072    24.8964041667    0.0103684255837
0.008    24.8887958333    0.0103404415657
0.0088    24.8823125    0.0103128634883
0.0096    24.8748833333    0.0102871240341
0.0104    24.8670625    0.0102595983644
0.0112    24.8597291667    0.0102327719895
0.012    24.8528625    0.0102065699646
0.0128    24.8469541667    0.0101811348358
0.0136    24.8404875    0.010155907557
0.0144    24.8341125    0.0101314992148
0.0152    24.8273458333    0.0101061819068
0.016    24.8207291667    0.0100817828835
0.0168    24.8145041667    0.0100565774396
0.0176    24.8087625    0.0100326395865
0.0184    24.8025791667    0.0100086882215
0.0192    24.7964208333    0.00998497136506
0.02    24.7903875    0.00996085909942
0.0208    24.7847875    0.00993730979715
0.0216    24.7795333333    0.00991327960254
0.0224    24.7743666667    0.00989066263793
0.0232    24.7694541667    0.00986788278766
0.024    24.7643708333    0.00984637067239
0.0248    24.7590333333    0.00982401247418
0.0256    24.7536166667    0.00980137762727
0.0264    24.7487416667    0.00977984501683
0.0272    24.7430583333    0.00975842727942
0.028    24.7380416667    0.00973743627478
0.0288    24.7333    0.00971559729424
0.0296    24.7292791667    0.00969426566808
0.0304    24.7246125    0.00967188137244
0.0312    24.7207708333    0.00965187875556
0.032    24.7163583333    0.00963161905166
0.0328    24.7117958333    0.00961120493833
0.0336    24.7073625    0.00959154475756
0.0344    24.7024333333    0.00957234438781
0.0352    24.6975041667    0.00955239364894
0.036    24.6934958333    0.00953341543532
0.0368    24.6889    0.00951478317494
0.0376    24.6846916667    0.00949508891165
0.0384    24.6798541667    0.00947563607674
0.0392    24.675475    0.00945709190949
0.04    24.6713916667    0.00943922241171
0.0408    24.667175    0.00942085031299
0.0416    24.663275    0.00940267839346
0.0424    24.659275    0.00938460262228
0.0432    24.6564166667    0.00936804035282
0.044    24.6523375    0.00935019135518
0.0448    24.648175    0.00933173886454
0.0456    24.6448416667    0.00931422525496
0.0464    24.6413708333    0.00929708053249
0.0472    24.6372791667    0.00927967408909
0.048    24.6334666667    0.00926205739819
0.0488    24.6297791667    0.00924543110661
0.0496    24.6258375    0.00922792794378
0.0504    24.6226875    0.00921184766038
0.0512    24.6190166667    0.00919518479283
0.052    24.6160375    0.00917941664173
0.0528    24.6123958333    0.0091623242661
0.0536    24.6089208333    0.00914586341989
0.0544    24.6055833333    0.00912996599077
0.0552    24.6026416667    0.00911389348321
0.056    24.5990875    0.00909781920229
0.0568    24.5953291667    0.00908199514259
0.0576    24.5923916667    0.00906683208725
0.0584    24.58935    0.00905010985036
0.0592    24.5869166667    0.00903542900344
0.06    24.5838208333    0.00901985591556
0.0608    24.5807708333    0.00900481244556
0.0616    24.5785875    0.00899147748444
0.0624    24.5760375    0.00897629530762
0.0632    24.5731375    0.00896210161686
0.064    24.570225    0.00894752008852
0.0648    24.5676583333    0.0089323185357
0.0656    24.5650791667    0.00891800080059
0.0664    24.56275    0.00890397957666
0.0672    24.5603875    0.0088900610621
0.068    24.5579208333    0.00887626086541
0.0688    24.5551833333    0.00886284695951
0.0696    24.552625    0.0088490849211
0.0704    24.5501541667    0.00883596261094
0.0712    24.5476375    0.00882245027785
0.072    24.5444291667    0.00880902436526
0.0728    24.5422041667    0.00879706754736
0.0736    24.5396916667    0.00878379541489
0.0744    24.5382666667    0.00877041936947
0.0752    24.5364416667    0.00875731927899
0.076    24.5340333333    0.0087437152981
0.0768    24.5311666667    0.00873025573103
0.0776    24.5281541667    0.00871720208577
0.0784    24.5264708333    0.00870498551598
0.0792    24.5238875    0.00869330008741
0.08    24.5214541667    0.00868043346968
0.0808    24.519075    0.00866711831198
0.0816    24.5168958333    0.00865525182943
0.0824    24.51435    0.00864275161418
0.0832    24.5120458333    0.0086308125514
0.084    24.5103208333    0.00861872293627
0.0848    24.5084583333    0.00860708836024
0.0856    24.506375    0.0085953659151
0.0864    24.5039875    0.00858343467263
0.0872    24.5022583333    0.00857256169788
0.088    24.4999208333    0.00856142650964
0.0888    24.4979625    0.0085512573509
0.0896    24.4965041667    0.00854086823781
0.0904    24.4946791667    0.00852966913749
0.0912    24.4917291667    0.0085182179549
0.092    24.4900541667    0.00850717826859
0.0928    24.4878541667    0.00849614051977
0.0936    24.4862833333    0.0084851809545
0.0944    24.4842208333    0.00847357744481
0.0952    24.48245    0.00846262175974
0.096    24.4805875    0.00845223310509
0.0968    24.478625    0.00844143693836
0.0976    24.4766625    0.00843034953267
0.0984    24.474925    0.00842027656787
0.0992    24.472925    0.00841024916374
0.1    24.4712625    0.00840032904791
0.1008    24.4690583333    0.00839005720012
0.1016    24.4667125    0.00838134950715
0.1024    24.4652    0.0083705569214
0.1032    24.4634125    0.00836149714383
0.104    24.4617208333    0.00835261967604
0.1048    24.4606875    0.00834306792718
0.1056    24.4584291667    0.00833353467041
0.1064    24.4570375    0.00832410236778
0.1072    24.4555166667    0.00831460574326
0.108    24.453875    0.00830619795112
0.1088    24.451825    0.00829647940659
0.1096    24.4504    0.00828737058517
0.1104    24.4483875    0.00827815190589
0.1112    24.4465083333    0.00826819271343
0.112    24.4449625    0.00825996752693
0.1128    24.4438375    0.00825113271131
0.1136    24.4428041667    0.00824283987128
0.1144    24.4413083333    0.0082340801455
0.1152    24.4388875    0.00822431011919
0.116    24.4381375    0.00821623007927
0.1168    24.4366041667    0.00820659967349
0.1176    24.4348083333    0.00819754168902
0.1184    24.4334416667    0.00818909614528
0.1192    24.4311833333    0.00818057854951
0.12    24.4292416667    0.00817221743917
0.1208    24.4278291667    0.00816423409947
0.1216    24.4262333333    0.00815602855434
0.1224    24.4246625    0.0081470815666
0.1232    24.4232541667    0.00814003069616
0.124    24.4215791667    0.00813270908733
0.1248    24.4201708333    0.00812453810938
0.1256    24.419    0.00811644584428
0.1264    24.4177583333    0.00810844159312
0.1272    24.4171708333    0.00810081422558
0.128    24.4157291667    0.00809350707732
0.1288    24.4138708333    0.00808580786749
0.1296    24.4127791667    0.008077242358
0.1304    24.4115583333    0.0080697266573
0.1312    24.4098708333    0.00806175020249
0.132    24.4086333333    0.00805328617997
0.1328    24.4072291667    0.00804579829408
0.1336    24.4058125    0.0080384376106
0.1344    24.4058583333    0.00803212613152
0.1352    24.4043666667    0.00802523150568
0.136    24.4033541667    0.00801895138132
0.1368    24.4022833333    0.00801270811291
0.1376    24.4016083333    0.00800619682989
0.1384    24.4003875    0.00799942577925
0.1392    24.3987875    0.0079919492636
0.14    24.3979458333    0.0079850658499
0.1408    24.3968708333    0.0079785470184
0.1416    24.3961583333    0.00797214117106
0.1424    24.3949666667    0.00796554402679
0.1432    24.3944125    0.00795943233332
0.144    24.3933583333    0.00795242891988
0.1448    24.3927541667    0.0079462308671
0.1456    24.3926583333    0.00793973742495
0.1464    24.3909625    0.00793368354577
0.1472    24.3901333333    0.0079270097445
0.148    24.3892041667    0.00791980531989
0.1488    24.3883541667    0.00791302151088
0.1496    24.3872875    0.00790526628059
0.1504    24.3867416667    0.00790015832684
0.1512    24.3850916667    0.00789413539149
0.152    24.3840958333    0.00788781623146
0.1528    24.383825    0.0078814555638
0.1536    24.383175    0.0078752418579
0.1544    24.3821208333    0.00786906341455
0.1552    24.38125    0.00786307890414
0.156    24.3802333333    0.00785689398122
0.1568    24.3790625    0.00785155160167
0.1576    24.3782791667    0.00784522139382
0.1584    24.3769208333    0.00783814655305
0.1592    24.3756958333    0.00783296221277
0.16    24.3752958333    0.00782772952609
0.1608    24.375025    0.00782203194588
0.1616    24.3736833333    0.0078162969541
0.1624    24.3725375    0.00780944177176
0.1632    24.3717833333    0.00780310384408
0.164    24.3711958333    0.00779789762189
0.1648    24.3706041667    0.00779299504075
0.1656    24.3700875    0.0077869575397
0.1664    24.369775    0.00778123262563
0.1672    24.3690583333    0.00777547013631
0.168    24.3679291667    0.00777078094315
0.1688    24.3665291667    0.00776485968736
0.1696    24.3659416667    0.00775898009476
0.1704    24.3652375    0.00775461010504
0.1712    24.3649541667    0.00775014059812
0.172    24.3641583333    0.00774518348297
0.1728    24.36365    0.00774040794744
0.1736    24.3634375    0.00773559667795
0.1744    24.362175    0.00772986874357
0.1752    24.3614333333    0.00772432849654
0.176    24.3613166667    0.00771955552927
0.1768    24.3613375    0.00771450372855
0.1776    24.360475    0.00770976486
0.1784    24.3600625    0.0077044817575
0.1792    24.359625    0.00769914977609
0.18    24.3580708333    0.00769443227889
0.1808    24.3572166667    0.0076892447466
0.1816    24.3573625    0.00768461093933
0.1824    24.3565333333    0.00768020149356
0.1832    24.3558333333    0.00767516768358
0.184    24.355625    0.00767056754753
0.1848    24.3543291667    0.00766545279021
0.1856    24.3536041667    0.00766171035631
0.1864    24.3529166667    0.00765707545581
0.1872    24.3532875    0.00765417902712
0.188    24.3526166667    0.00765028375427
0.1888    24.3519791667    0.00764669548933
0.1896    24.3506208333    0.00764295049079
0.1904    24.3503291667    0.0076387269872
0.1912    24.349725    0.00763412776881
0.192    24.3487875    0.00762951477828
0.1928    24.348375    0.00762587552383
0.1936    24.3474708333    0.00762155979036
0.1944    24.3469708333    0.00761782070502
0.1952    24.3465541667    0.00761311425838
0.196    24.3459708333    0.00760953642332
0.1968    24.3454125    0.00760498153629
0.1976    24.344875    0.00759961693261
0.1984    24.34405    0.00759531391773
0.1992    24.3429166667    0.00759212401243
0.2    24.3423875    0.00758832383165
0.2008    24.3414416667    0.00758441531055
0.2016    24.3416375    0.00757948854986
0.2024    24.3409041667    0.00757536859123
0.2032    24.3399875    0.00757183173947
0.204    24.3393041667    0.00756771072932
0.2048    24.33885    0.00756458588339
0.2056    24.3387625    0.0075612600769
0.2064    24.33875    0.00755765041011
0.2072    24.3379583333    0.00755369349225
0.208    24.3372166667    0.00754928029505
0.2088    24.3365666667    0.00754511076811
0.2096    24.3361875    0.00754090734347
0.2104    24.3348791667    0.00753707630426
0.2112    24.3345666667    0.00753332408919
0.212    24.3339833333    0.00752881596175
0.2128    24.3340416667    0.00752543105061
0.2136    24.3332291667    0.00752243748348
0.2144    24.3328458333    0.00751979299953
0.2152    24.3323416667    0.00751540843434
0.216    24.3319458333    0.00751205070565
0.2168    24.3313708333    0.00750833756647
0.2176    24.3309125    0.00750457672877
0.2184    24.3299916667    0.00750184714106
0.2192    24.3298708333    0.00749886683036
0.22    24.3297333333    0.00749599422313
0.2208    24.3289791667    0.0074924455482
0.2216    24.3282166667    0.0074880268128
0.2224    24.3281541667    0.00748532491659
0.2232    24.3274291667    0.00748189565085
0.224    24.3268333333    0.00747894907083
0.2248    24.3264416667    0.00747525317861
0.2256    24.3265041667    0.00747245711028
0.2264    24.3268875    0.0074689373601
0.2272    24.3262833333    0.00746504629682
0.228    24.3253833333    0.00746163707109
0.2288    24.324675    0.00745827154404
0.2296    24.3243    0.00745506259388
0.2304    24.323475    0.00745124670324
0.2312    24.3231    0.00744787438599
0.232    24.3232791667    0.00744552864834
0.2328    24.3236083333    0.00744224194701
0.2336    24.3227583333    0.00743964540133
0.2344    24.3214833333    0.00743709568672
0.2352    24.3218333333    0.00743431395264
0.236    24.3215083333    0.00743309174445
0.2368    24.3209416667    0.00743078141057
0.2376    24.3204916667    0.00742773284227
0.2384    24.32015    0.00742445181828
0.2392    24.3199125    0.00742193142928
0.24    24.3192833333    0.00741896199762
0.2408    24.32005    0.00741719499509
0.2416    24.3188791667    0.00741343077761
0.2424    24.3180916667    0.00741029161835
0.2432    24.3175458333    0.00740803138911
0.244    24.3168666667    0.00740434771552
0.2448    24.3166208333    0.00740087755308
0.2456    24.3162125    0.00739864365572
0.2464    24.3152166667    0.00739601058935
0.2472    24.3158    0.00739389705965
0.248    24.3158833333    0.00739217192012
0.2488    24.3153958333    0.00738869651356
0.2496    24.3149708333    0.00738559967044
0.2504    24.3143166667    0.00738285178989
0.2512    24.3139833333    0.00738023648206
0.252    24.31405    0.00737828692705
0.2528    24.31435    0.00737581663831
0.2536    24.3140541667    0.00737310914137
0.2544    24.3139041667    0.00737109208066
0.2552    24.3127    0.00736801159101
0.256    24.3124416667    0.00736485565435
0.2568    24.3120791667    0.0073618765215
0.2576    24.3123791667    0.00735970190712
0.2584    24.3121625    0.0073576164475
0.2592    24.3112333333    0.00735601057882
0.26    24.3113291667    0.00735386479775
0.2608    24.311225    0.00735112503341
0.2616    24.3101791667    0.00734798549412
0.2624    24.310075    0.00734605513088
0.2632    24.3098791667    0.00734295018427
0.264    24.3092916667    0.00734019319428
0.2648    24.3086541667    0.00733695758339
0.2656    24.307975    0.00733490288243
0.2664    24.3073083333    0.00733168994605
0.2672    24.3070166667    0.00732976702702
0.268    24.3067708333    0.00732706926485
0.2688    24.3063041667    0.00732362599646
0.2696    24.3051958333    0.00732097309348
0.2704    24.3042833333    0.0073184878815
0.2712    24.3037833333    0.00731658546476
0.272    24.3029541667    0.00731510013675
0.2728    24.3025958333    0.00731278416153
0.2736    24.3019333333    0.00731103446449
0.2744    24.301875    0.00730845872358
0.2752    24.3018416667    0.0073074990051
0.276    24.3017541667    0.00730643873946
0.2768    24.3009    0.00730456486543
0.2776    24.3011791667    0.0073029577493
0.2784    24.3008583333    0.00730061472099
0.2792    24.3009083333    0.00729764140361
0.28    24.3013125    0.00729599367171
0.2808    24.3009625    0.00729467516512
0.2816    24.3005333333    0.00729244396305
0.2824    24.30065    0.0072904532483
0.2832    24.3001041667    0.00728907157307
0.284    24.2998958333    0.00728659848886
0.2848    24.2994708333    0.00728402127175
0.2856    24.2992375    0.00728271658322
0.2864    24.29885    0.00728093599256
0.2872    24.2980875    0.00727892516348
0.288    24.2979083333    0.00727678084936
0.2888    24.2976541667    0.00727480277499
0.2896    24.2976791667    0.00727184492314
0.2904    24.297975    0.00727060776663
0.2912    24.2987208333    0.00726868206188
0.292    24.2979666667    0.00726624063997
0.2928    24.2980291667    0.0072651464041
0.2936    24.2976166667    0.00726390736072
0.2944    24.2972791667    0.00726170117793
0.2952    24.2971166667    0.00726001493642
0.296    24.2963541667    0.00725741694452
0.2968    24.2955666667    0.00725502339606
0.2976    24.2953333333    0.00725291715255
0.2984    24.2951666667    0.00725039899013
0.2992    24.2945875    0.00724848054293
0.3    24.2942291667    0.00724773498818
0.3008    24.2935291667    0.00724545671734
0.3016    24.2930125    0.00724321869462
0.3024    24.2920291667    0.00724203817813
0.3032    24.2920458333    0.00724131780288
0.304    24.2913333333    0.00723979386726
0.3048    24.2904666667    0.00723821430217
0.3056    24.2905291667    0.00723661932474
0.3064    24.2896125    0.00723484491641
0.3072    24.2896291667    0.00723357423606
0.308    24.2894708333    0.0072319842038
0.3088    24.2887208333    0.00723118750989
0.3096    24.2887208333    0.00723132039816
0.3104    24.2887583333    0.00722914383394
0.3112    24.28855    0.00722748261289
0.312    24.2882833333    0.00722494799581
0.3128    24.2886333333    0.00722397404386
0.3136    24.288525    0.00722178740192
0.3144    24.2885916667    0.00722068813629
0.3152    24.2881875    0.0072190204494
0.316    24.2872708333    0.00721802813677
0.3168    24.2871375    0.00721710769376
0.3176    24.2874875    0.00721581400466
0.3184    24.2869458333    0.00721439713288
0.3192    24.2872041667    0.00721319603496
0.32    24.2869208333    0.00721214896632
0.3208    24.2864    0.00721071584746
0.3216    24.2857458333    0.00720933434884
0.3224    24.2857416667    0.00720813529386
0.3232    24.2862583333    0.00720754474378
0.324    24.2864625    0.00720656708013
0.3248    24.2865541667    0.00720513682569
0.3256    24.28635    0.00720456673717
0.3264    24.2860166667    0.00720298746296
0.3272    24.2859083333    0.00720160030193
0.328    24.2851583333    0.00720070991277
0.3288    24.2850708333    0.00720040563121
0.3296    24.2857583333    0.00719868343155
0.3304    24.2855708333    0.00719787802679
0.3312    24.2850291667    0.00719671278413
0.332    24.2846958333    0.00719467878102
0.3328    24.2845083333    0.00719389349421
0.3336    24.2838458333    0.00719236706383
0.3344    24.2830875    0.00719111580084
0.3352    24.2832375    0.00719021485865
0.336    24.2831208333    0.00718924782042
0.3368    24.2822375    0.00718745384084
0.3376    24.2822083333    0.00718629696499
0.3384    24.28225    0.00718576362617
0.3392    24.2825333333    0.00718394188864
0.34    24.2829416667    0.00718192934745
0.3408    24.2835958333    0.00718254921586
0.3416    24.2836458333    0.00718075957255
0.3424    24.2840916667    0.00717865413735
0.3432    24.2841666667    0.00717797489428
0.344    24.283825    0.00717753678401
0.3448    24.2836458333    0.00717615884355
0.3456    24.2839041667    0.00717393317191
0.3464    24.2836666667    0.00717331554538
0.3472    24.2839125    0.00717217619987
0.348    24.2843041667    0.00717149626089
0.3488    24.2843333333    0.00717042646673
0.3496    24.283675    0.00716850863601
0.3504    24.2834041667    0.00716742726475
0.3512    24.2831916667    0.00716590261722
0.352    24.2832916667    0.00716579133856
0.3528    24.2829791667    0.00716429514832
0.3536    24.2833958333    0.00716372899401
0.3544    24.2830708333    0.00716243802423
0.3552    24.2829125    0.00716140538476
0.356    24.2828916667    0.00716030820369
0.3568    24.2831916667    0.00715969745065
0.3576    24.2829583333    0.00715781274528
0.3584    24.2827916667    0.00715721098379
0.3592    24.2827    0.00715766400323
0.36    24.2829208333    0.00715688133058
0.3608    24.2820958333    0.00715536632104
0.3616    24.2815333333    0.00715443816059
0.3624    24.2803583333    0.0071529190773
0.3632    24.2805958333    0.00715190033649
0.364    24.2804833333    0.00715081806936
0.3648    24.2803708333    0.007149537794
0.3656    24.2800458333    0.00714919735881
0.3664    24.2792916667    0.00714852149605
0.3672    24.279125    0.00714750513604
0.368    24.2794916667    0.00714719678277
0.3688    24.2787208333    0.00714697166381
0.3696    24.2783791667    0.00714605620448
0.3704    24.2779    0.00714498309395
0.3712    24.2776708333    0.00714421692936
0.372    24.2772083333    0.00714389957233
0.3728    24.2773083333    0.00714328603134
0.3736    24.2769    0.00714278897157
0.3744    24.276275    0.00714148537592
0.3752    24.2759958333    0.00713971272455
0.376    24.2758875    0.00713852691719
0.3768    24.2756833333    0.00713740888992
0.3776    24.2751333333    0.00713566070179
0.3784    24.2741875    0.00713381127009
0.3792    24.2738916667    0.00713289164941
0.38    24.2731166667    0.00713165945559
0.3808    24.2723833333    0.00713034346168
0.3816    24.2718833333    0.0071289867992
0.3824    24.2715833333    0.00712750492092
0.3832    24.2711041667    0.00712677226089
0.384    24.2711041667    0.00712562405643
0.3848    24.2711291667    0.00712436216294
0.3856    24.271075    0.00712337377246
0.3864    24.2713708333    0.00712239153608
0.3872    24.2710291667    0.00712153929755
0.388    24.2712291667    0.00712135750647
0.3888    24.2711083333    0.00712068283712
0.3896    24.2713125    0.0071187577424
0.3904    24.2707    0.00711775235705
0.3912    24.2713541667    0.00711751298257
0.392    24.2714083333    0.00711666109314
0.3928    24.2705375    0.00711528538501
0.3936    24.2705125    0.00711498133328
0.3944    24.2708041667    0.00711353198485
0.3952    24.2713375    0.0071131070043
0.396    24.2717041667    0.00711275543609
0.3968    24.2708375    0.00711211637134
0.3976    24.2707    0.00711090637969
0.3984    24.2707291667    0.00711031739672
0.3992    24.2711791667    0.00711077139199
0.4    24.2714833333    0.00711047770365
0.4008    24.2723041667    0.00711033407578
0.4016    24.2717666667    0.00710967973378
0.4024    24.2715791667    0.00710953996666
0.4032    24.27115    0.00710986216284
0.404    24.2712125    0.00710910331039
0.4048    24.2709833333    0.00710810716205
0.4056    24.2708541667    0.00710762455756
0.4064    24.2709458333    0.00710752020116
0.4072    24.2704125    0.00710629938286
0.408    24.2696791667    0.00710609229615
0.4088    24.2700875    0.00710544763591
0.4096    24.2698416667    0.00710539873097
0.4104    24.2699916667    0.0071043449903
0.4112    24.2707375    0.00710456836867
0.412    24.2702666667    0.00710330854636
0.4128    24.2697875    0.00710313733083
0.4136    24.2698666667    0.00710264454814
0.4144    24.2697375    0.00710281951076
0.4152    24.2702791667    0.00710207278717
0.416    24.2693708333    0.00710156614285
0.4168    24.2692583333    0.00710064534724
0.4176    24.2696208333    0.0070998972672
0.4184    24.2695166667    0.00709967090618
0.4192    24.2697375    0.00709955558886
0.42    24.2688333333    0.00709936420521
0.4208    24.2685833333    0.00709912622104
0.4216    24.2680875    0.00709830394141
0.4224    24.2680833333    0.0070981517128
0.4232    24.2679208333    0.00709772507303
0.424    24.2678375    0.00709740509642
0.4248    24.2670583333    0.00709614967908
0.4256    24.2667208333    0.00709617732568
0.4264    24.2670916667    0.00709660469161
0.4272    24.2676541667    0.00709661797726
0.428    24.2677041667    0.00709548799832
0.4288    24.2670125    0.00709459214569
0.4296    24.2670708333    0.00709379756235
0.4304    24.2663    0.00709325840156
0.4312    24.2665125    0.00709257680123
0.432    24.2669583333    0.00709258990179
0.4328    24.2662916667    0.00709224617953
0.4336    24.2665875    0.00709233460494
0.4344    24.26555    0.00709102830736
0.4352    24.2658541667    0.00709052582183
0.436    24.26565    0.00709000263788
0.4368    24.2661583333    0.00709010370661
0.4376    24.2657666667    0.00708975440666
0.4384    24.2657333333    0.0070900054843
0.4392    24.2653708333    0.00708940546152
0.44    24.2663416667    0.00708909017984
0.4408    24.2664333333    0.00708978083473
0.4416    24.2668875    0.00708904664635
0.4424    24.2666458333    0.00708810615443
0.4432    24.2660083333    0.00708813471031
0.444    24.2658208333    0.00708791786514
0.4448    24.2665916667    0.0070880492844
0.4456    24.2660458333    0.00708759866575
0.4464    24.2660916667    0.00708654845106
0.4472    24.2661583333    0.00708666175436
0.448    24.2662791667    0.00708636954007
0.4488    24.266875    0.00708663433448
0.4496    24.2665125    0.00708593357998
0.4504    24.2668458333    0.00708597296672
0.4512    24.2667166667    0.00708427538847
0.452    24.2671833333    0.00708384078639
0.4528    24.2674625    0.00708354435726
0.4536    24.2674791667    0.00708288121012
0.4544    24.267225    0.00708171992059
0.4552    24.26645    0.00708128623849
0.456    24.2662166667    0.00708073669369
0.4568    24.2662583333    0.00708096228794
0.4576    24.2664208333    0.00708124620252
0.4584    24.2663208333    0.00708063749666
0.4592    24.2665166667    0.00708103678731
0.46    24.2664333333    0.00708144943534
0.4608    24.2668583333    0.00708109998952
0.4616    24.2673125    0.00708034002234
0.4624    24.2670833333    0.00708017366895
0.4632    24.2669833333    0.00707973885755
0.464    24.2665791667    0.00707913444986
0.4648    24.2662416667    0.00707891122145
0.4656    24.2661041667    0.00707901179151
0.4664    24.2666833333    0.0070774843366
0.4672    24.2667916667    0.00707757863307
0.468    24.2669791667    0.0070777253817
0.4688    24.2667708333    0.00707691616522
0.4696    24.2666166667    0.00707625374534
0.4704    24.26675    0.00707673111178
0.4712    24.2659666667    0.00707553714198
0.472    24.2652708333    0.00707552311066
0.4728    24.2656291667    0.00707538399846
0.4736    24.2657291667    0.00707560486586
0.4744    24.2655583333    0.00707438472329
0.4752    24.2655166667    0.00707374561778
0.476    24.2655791667    0.00707362218655
0.4768    24.265725    0.00707249800577
0.4776    24.2657791667    0.007071967349
0.4784    24.2665333333    0.00707217963631
0.4792    24.2669333333    0.00707157061023
0.48    24.2659708333    0.00707009262764
0.4808    24.266    0.00707039109436
0.4816    24.2665875    0.00706958574533
0.4824    24.2667583333    0.00706954265408
0.4832    24.26675    0.0070695837134
0.484    24.2671791667    0.00706970857691
0.4848    24.26725    0.00706960997295
0.4856    24.2678958333    0.00706848457257
0.4864    24.267825    0.00706848619666
0.4872    24.2674416667    0.00706764768955
0.488    24.2673875    0.00706754207939
0.4888    24.2675208333    0.00706773604517
0.4896    24.2665416667    0.00706729350146
0.4904    24.2667458333    0.00706628816063
0.4912    24.2674833333    0.00706538796958
0.492    24.2669625    0.00706481797748
0.4928    24.2669625    0.00706521033956
0.4936    24.2665791667    0.00706552762758
0.4944    24.2670833333    0.00706547864188
0.4952    24.2668375    0.00706545013806
0.496    24.2666625    0.00706455751298
0.4968    24.26695    0.00706442082402
0.4976    24.2670333333    0.00706429494153
0.4984    24.2667791667    0.00706357737563
0.4992    24.265975    0.00706319646706
0.5    24.2668625    0.00706339063022
0.5008    24.2666833333    0.00706329764971
0.5016    24.2668916667    0.00706150038244
0.5024    24.2678875    0.00706129506796
0.5032    24.26755    0.00706228794297
0.504    24.267175    0.00706198350839
0.5048    24.2666083333    0.00706151786585
0.5056    24.2666375    0.00706129634691
0.5064    24.2667375    0.0070613490386
0.5072    24.2665625    0.00706098973842
0.508    24.2671333333    0.00706047755879
0.5088    24.2670916667    0.00706034756623
0.5096    24.2661458333    0.00705945297014
0.5104    24.266275    0.00705943689353
0.5112    24.2652666667    0.00705993830157
0.512    24.2654083333    0.00705967560284
0.5128    24.2655583333    0.00705918065997
0.5136    24.2649416667    0.00705868733171
0.5144    24.2646125    0.00705900596344
0.5152    24.2647583333    0.00705818160036
0.516    24.2640833333    0.00705772639332
0.5168    24.2647458333    0.00705689681097
0.5176    24.2645125    0.00705680836923
0.5184    24.2651666667    0.00705650124165
0.5192    24.2651416667    0.00705622365457
0.52    24.2650166667    0.00705587054228
0.5208    24.2651375    0.00705637854141
0.5216    24.265375    0.00705609931601
0.5224    24.2653625    0.00705599222765
0.5232    24.2654083333    0.00705636055885
0.524    24.2651583333    0.00705564505652
0.5248    24.264825    0.00705515605727
0.5256    24.2650208333    0.00705507904943
0.5264    24.2650208333    0.0070548797744
0.5272    24.2652791667    0.0070545914067
0.528    24.2651208333    0.00705475480357
0.5288    24.2648416667    0.00705485046886
0.5296    24.2648041667    0.00705399763532
0.5304    24.2648541667    0.00705436846099
0.5312    24.2646666667    0.00705445492211
0.532    24.2646958333    0.00705370935458
0.5328    24.2650375    0.00705362672196
0.5336    24.2647541667    0.00705258266289
0.5344    24.2643083333    0.0070520512436
0.5352    24.2643375    0.00705206731749
0.536    24.2646916667    0.00705184177177
0.5368    24.264775    0.0070506756287
0.5376    24.2646916667    0.00705062964841
0.5384    24.2648166667    0.00705122122381
0.5392    24.2643958333    0.00705197749932
0.54    24.2643208333    0.00705047987086
0.5408    24.2644708333    0.00705086082808
0.5416    24.2642833333    0.007050951461
0.5424    24.2643541667    0.00704998721923
0.5432    24.2647791667    0.00705051398197
0.544    24.26445    0.007050382502
0.5448    24.2643291667    0.007050212013
0.5456    24.2646166667    0.00704988152896
0.5464    24.2648    0.0070500156787
0.5472    24.2651708333    0.00704999030947
0.548    24.2650333333    0.0070498334347
0.5488    24.2651416667    0.00704953523671
0.5496    24.2652625    0.00704955687941
0.5504    24.2648833333    0.00704906883157
0.5512    24.2639208333    0.00704845213856
0.552    24.2633291667    0.00704682667184
0.5528    24.262625    0.0070464425233
0.5536    24.262775    0.00704591886377
0.5544    24.2632666667    0.0070464553522
0.5552    24.2635041667    0.00704631279601
0.556    24.26435    0.00704618608187
0.5568    24.2640541667    0.00704546392786
0.5576    24.2641708333    0.00704514151768
0.5584    24.2652041667    0.00704550473479
0.5592    24.2653458333    0.00704556839174
0.56    24.2638541667    0.00704437932832
0.5608    24.2639125    0.00704459752589
0.5616    24.263975    0.0070446819225
0.5624    24.2644375    0.0070450064689
0.5632    24.2647    0.00704598176709
0.564    24.2639375    0.00704627568577
0.5648    24.2638541667    0.00704606754192
0.5656    24.2639083333    0.00704496599606
0.5664    24.2635833333    0.00704463713843
0.5672    24.2635916667    0.00704464227607
0.568    24.2630625    0.00704452753545
0.5688    24.2634125    0.00704355586177
0.5696    24.2640583333    0.00704361562383
0.5704    24.2645041667    0.00704366498633
0.5712    24.2654541667    0.00704388226105
0.572    24.265525    0.0070443156886
0.5728    24.264775    0.00704414909578
0.5736    24.2637458333    0.00704357868325
0.5744    24.2632625    0.00704349212368
0.5752    24.263025    0.00704332102362
0.576    24.2632791667    0.00704328449439
0.5768    24.2630625    0.0070425239636
0.5776    24.26265    0.00704206847245
0.5784    24.2624083333    0.0070426033198
0.5792    24.2616166667    0.00704277308446
0.58    24.2618416667    0.00704302031892
0.5808    24.2615916667    0.0070424401544
0.5816    24.2614375    0.00704237777537
0.5824    24.2615875    0.00704204863866
0.5832    24.2626541667    0.00704183281578
0.584    24.2625666667    0.00704154798951
0.5848    24.2625083333    0.00704166281545
0.5856    24.2624208333    0.00704197687044
0.5864    24.2636375    0.0070411183943
0.5872    24.2636375    0.00704108541392
0.588    24.2637541667    0.00704048880576
0.5888    24.2635708333    0.00704001156356
0.5896    24.2628458333    0.00703985710132
0.5904    24.2628416667    0.0070402182624
0.5912    24.263025    0.0070402789388
0.592    24.26325    0.00703998122449
0.5928    24.2632791667    0.00703943686956
0.5936    24.2630333333    0.00703931088561
0.5944    24.2627541667    0.00703872256343
0.5952    24.2629416667    0.007037769635
0.596    24.2629083333    0.0070366858446
0.5968    24.2630291667    0.00703694925439
0.5976    24.2626333333    0.00703699615625
0.5984    24.2628375    0.00703655671251
0.5992    24.2628708333    0.00703650203921
0.6    24.2631416667    0.00703609518376
0.6008    24.2631708333    0.00703644417043
0.6016    24.2629708333    0.00703592325086
0.6024    24.2635583333    0.0070353498148
0.6032    24.264075    0.00703597558919
0.604    24.264175    0.00703575891935
0.6048    24.2644666667    0.0070353716131
0.6056    24.2641083333    0.00703481075244
0.6064    24.2634708333    0.00703495830417
0.6072    24.2630208333    0.0070350280746
0.608    24.262575    0.00703464320128
0.6088    24.262675    0.0070345505993
0.6096    24.2624625    0.00703379752249
0.6104    24.2627333333    0.00703381377937
0.6112    24.2632625    0.00703460868477
0.612    24.2631791667    0.00703502074896
0.6128    24.2625916667    0.00703384990407
0.6136    24.2626    0.00703426219947
0.6144    24.2628083333    0.00703325207815
0.6152    24.2623708333    0.00703318917803
0.616    24.2623    0.00703356200101
0.6168    24.2619458333    0.00703356954897
0.6176    24.261925    0.00703295631004
0.6184    24.261575    0.00703272634387
0.6192    24.2623791667    0.00703295566455
0.62    24.2620041667    0.00703250076238
0.6208    24.2621666667    0.00703285123576
0.6216    24.2622875    0.00703344334325
0.6224    24.2631875    0.00703352887408
0.6232    24.2629625    0.00703368303075
0.624    24.2632291667    0.00703354312376
0.6248    24.2634458333    0.00703385215175
0.6256    24.2626125    0.00703410160049
0.6264    24.2627041667    0.00703441335667
0.6272    24.2622375    0.00703435757096
0.628    24.2616166667    0.00703441007704
0.6288    24.2618125    0.00703389929745
0.6296    24.2611791667    0.00703416607061
0.6304    24.2608125    0.00703414784636
0.6312    24.2603625    0.00703406320965
0.632    24.260325    0.00703414769253
0.6328    24.2606666667    0.00703358143729
0.6336    24.2609    0.00703331804778
0.6344    24.2612208333    0.00703345191023
0.6352    24.26105    0.00703262849543
0.636    24.2612125    0.0070317057166
0.6368    24.2610125    0.00703217979101
0.6376    24.2609375    0.0070322494762
0.6384    24.261425    0.00703310039018
0.6392    24.26135    0.00703308529272
0.64    24.2616416667    0.00703377417029
0.6408    24.2617375    0.0070332936231
0.6416    24.2617458333    0.00703288938311
0.6424    24.2616958333    0.0070332668467
0.6432    24.261975    0.00703269745023
0.644    24.2619416667    0.0070320318891
0.6448    24.2618375    0.00703132251988
0.6456    24.2618291667    0.00703176419428
0.6464    24.261575    0.00703198292634
0.6472    24.2614333333    0.0070317272192
0.648    24.2608666667    0.00703141819459
0.6488    24.2606666667    0.00703095696541
0.6496    24.2609125    0.00703111499898
0.6504    24.2605958333    0.00703063777686
0.6512    24.2599666667    0.00703007166038
0.652    24.2603875    0.00702968778012
0.6528    24.2602375    0.00702933112381
0.6536    24.2598541667    0.00702904918694
0.6544    24.25925    0.00702905757088
0.6552    24.259575    0.00702961495922
0.656    24.2598083333    0.0070302181782
0.6568    24.2596375    0.00702980632468
0.6576    24.25985    0.00702959990024
0.6584    24.2594375    0.00702953124384
0.6592    24.2595375    0.00702913821012
0.66    24.2599958333    0.00702858132995
0.6608    24.26025    0.00702820225584
0.6616    24.2604708333    0.00703014933849
0.6624    24.260825    0.0070297041615
0.6632    24.2604166667    0.00703047227748
0.664    24.2610958333    0.00703006696278
0.6648    24.2615875    0.00703020264723
0.6656    24.2617291667    0.00703046836397
0.6664    24.261    0.00703005519793
0.6672    24.2607375    0.00702996752043
0.668    24.2605916667    0.00702962638885
0.6688    24.260575    0.00702962639222
0.6696    24.2604166667    0.00702961916902
0.6704    24.2609166667    0.00703025317295
0.6712    24.260575    0.00702925079544
0.672    24.2615208333    0.00702947480556
0.6728    24.2610541667    0.0070285574158
0.6736    24.2610458333    0.00702849190971
0.6744    24.2614    0.00702838359393
0.6752    24.2611416667    0.00702781591554
0.676    24.2610291667    0.00702795618083
0.6768    24.2603666667    0.00702804930028
0.6776    24.2604    0.00702753043637
0.6784    24.260025    0.00702749881343
0.6792    24.260425    0.00702738879685
0.68    24.2601291667    0.00702689585939
0.6808    24.2599875    0.00702577989796
0.6816    24.2601    0.00702545019447
0.6824    24.2607583333    0.0070255401776
0.6832    24.2608833333    0.0070259233326
0.684    24.2613208333    0.00702606291215
0.6848    24.2610833333    0.00702676819496
0.6856    24.2614125    0.00702684180698
0.6864    24.2614583333    0.00702663929313
0.6872    24.2615166667    0.00702543284524
0.688    24.2620666667    0.00702523310244
0.6888    24.2619708333    0.00702529392614
0.6896    24.2623166667    0.00702544948674
0.6904    24.2622333333    0.00702566442821
0.6912    24.2621708333    0.00702471555885
0.692    24.2625875    0.00702498555985
0.6928    24.2625416667    0.00702442081686
0.6936    24.2620708333    0.00702446685471
0.6944    24.2626208333    0.00702580345989
0.6952    24.2621666667    0.00702550819156
0.696    24.2615541667    0.00702602509852
0.6968    24.2611    0.00702600604767
0.6976    24.2607208333    0.00702569864357
0.6984    24.2609958333    0.00702654185604
0.6992    24.2606333333    0.00702578690141
0.7    24.2606416667    0.00702593547668
0.7008    24.2607208333    0.00702642794304
0.7016    24.2599666667    0.00702651836592
0.7024    24.2601375    0.00702617403238
0.7032    24.2600291667    0.00702621967285
0.704    24.2597708333    0.00702599847168
0.7048    24.2602541667    0.00702518178664
0.7056    24.2596583333    0.00702459347815
0.7064    24.2595458333    0.00702483817616
0.7072    24.2598208333    0.00702484214536
0.708    24.2600458333    0.00702506049674
0.7088    24.2593666667    0.007024675297
0.7096    24.2592125    0.00702456805742
0.7104    24.2595291667    0.00702559074921
0.7112    24.259725    0.00702444721245
0.712    24.2601916667    0.00702463730348
0.7128    24.259925    0.00702422549406
0.7136    24.2593583333    0.00702399323002
0.7144    24.2588166667    0.00702387719652
0.7152    24.25905    0.0070234718681
0.716    24.259425    0.00702390325948
0.7168    24.2594791667    0.00702448545692
0.7176    24.2588583333    0.00702392055365
0.7184    24.2590208333    0.00702415155026
0.7192    24.2594166667    0.00702493714727
0.72    24.2590375    0.00702457447388
0.7208    24.2591    0.00702482455752
0.7216    24.2589625    0.00702408452355
0.7224    24.2593    0.00702434403003
0.7232    24.2587208333    0.00702439502198
0.724    24.2584    0.00702334959234
0.7248    24.2581833333    0.00702364562364
0.7256    24.2582041667    0.00702409096516
0.7264    24.2579541667    0.00702423466935
0.7272    24.258475    0.00702499674196
0.728    24.2589291667    0.00702490429262
0.7288    24.258725    0.00702378475967
0.7296    24.2582416667    0.00702341266822
0.7304    24.25835    0.00702293147613
0.7312    24.2583416667    0.0070220186179
0.732    24.2588875    0.00702265769388
0.7328    24.2588958333    0.00702286033859
0.7336    24.258725    0.00702219416513
0.7344    24.2585291667    0.007022421727
0.7352    24.2586875    0.00702303681592
0.736    24.2581375    0.00702266227398
0.7368    24.2579    0.00702251280257
0.7376    24.2583    0.00702208570663
0.7384    24.2586208333    0.0070224194575
0.7392    24.2591041667    0.00702248293988
0.74    24.2588    0.00702239997122
0.7408    24.2584291667    0.0070222763771
0.7416    24.2580541667    0.00702201537473
0.7424    24.2574958333    0.00702226038471
0.7432    24.2575125    0.00702273955249
0.744    24.2573    0.00702244391531
0.7448    24.2568    0.00702166566359
0.7456    24.2570958333    0.00702020024186
0.7464    24.25665    0.00702029934456
0.7472    24.2562541667    0.00701971165232
0.748    24.2557541667    0.00702058800811
0.7488    24.2554041667    0.00701991037119
0.7496    24.2562    0.00701990724385
0.7504    24.2564625    0.00701997410441
0.7512    24.2560666667    0.0070191008562
0.752    24.2563041667    0.00701921557791
0.7528    24.2558    0.00701877992668
0.7536    24.2561916667    0.00701954658158
0.7544    24.2564666667    0.00701902281888
0.7552    24.2569041667    0.0070185525126
0.756    24.2566291667    0.00701848567109
0.7568    24.2567875    0.00701851161028
0.7576    24.2570208333    0.00701952710782
0.7584    24.2576375    0.00702010072537
0.7592    24.2576125    0.00701994244545
0.76    24.2574791667    0.00701983117235
0.7608    24.257325    0.00701984300974
0.7616    24.2572791667    0.00701951917057
0.7624    24.2578833333    0.00701990963671
0.7632    24.257225    0.00702005564207
0.764    24.2572041667    0.00702092279953
0.7648    24.25675    0.00702017446226
0.7656    24.2561416667    0.00701987304443
0.7664    24.255375    0.00701919336633
0.7672    24.2551958333    0.007019000731
0.768    24.2557458333    0.00701792133967
0.7688    24.2554375    0.00701723839661
0.7696    24.2548583333    0.00701816897069
0.7704    24.255125    0.00701768896201
0.7712    24.2548541667    0.00701682081945
0.772    24.2548833333    0.00701737109314
0.7728    24.25425    0.0070174693198
0.7736    24.2542041667    0.00701701972707
0.7744    24.2545291667    0.00701700169118
0.7752    24.2545708333    0.00701690106863
0.776    24.2551    0.00701775659579
0.7768    24.2553916667    0.00701735671449
0.7776    24.2550875    0.0070175002852
0.7784    24.2547625    0.00701628852612
0.7792    24.254925    0.00701665691762
0.78    24.2545375    0.00701628299924
0.7808    24.2543583333    0.00701537636057
0.7816    24.254775    0.00701573275387
0.7824    24.2546583333    0.00701564576667
0.7832    24.2545333333    0.00701557181863
0.784    24.2544875    0.00701593575176
0.7848    24.2543    0.00701623151811
0.7856    24.2546208333    0.00701680708369
0.7864    24.2552    0.00701737757174
0.7872    24.25515    0.00701720996665
0.788    24.256    0.00701818597565
0.7888    24.2558333333    0.00701853068659
0.7896    24.2553083333    0.00701771205574
0.7904    24.2558041667    0.00701867921958
0.7912    24.2561166667    0.00701934598096
0.792    24.2561791667    0.0070194466255
0.7928    24.2559875    0.00701966824661
0.7936    24.2558166667    0.00701873720483
0.7944    24.2565875    0.0070189802469
0.7952    24.256575    0.00701895902736
0.796    24.2564    0.007018875875
0.7968    24.256325    0.00701867104065
0.7976    24.2562875    0.00701841029017
0.7984    24.2562333333    0.00701813441148
0.7992    24.2556375    0.00701762877776
0.8    24.2551666667    0.00701639069996
0.8008    24.25525    0.00701701226679
0.8016    24.2553583333    0.0070166158255
0.8024    24.2547166667    0.00701708839917
0.8032    24.254175    0.00701588775589
0.804    24.254225    0.00701627818359
0.8048    24.2543291667    0.00701610200077
0.8056    24.2542708333    0.00701570991291
0.8064    24.2541666667    0.00701490793739
0.8072    24.25405    0.0070142603724
0.808    24.2540375    0.00701375401089
0.8088    24.254025    0.00701416836314
0.8096    24.2548166667    0.00701504874495
0.8104    24.2549708333    0.00701513803201
0.8112    24.2547833333    0.00701508904268
0.812    24.2552208333    0.00701350060424
0.8128    24.2552    0.00701345879583
0.8136    24.2550708333    0.00701277971763
0.8144    24.255025    0.00701275342742
0.8152    24.2551791667    0.00701223828658
0.816    24.2546583333    0.00701215019386
0.8168    24.2542208333    0.00701349518386
0.8176    24.2540791667    0.00701397322068
0.8184    24.2539625    0.00701364338539
0.8192    24.2547625    0.00701418397003
0.82    24.2552625    0.00701445541877
0.8208    24.255175    0.007014211976
0.8216    24.2547958333    0.00701329916536
0.8224    24.2543166667    0.00701331649874
0.8232    24.2543458333    0.00701355844454
0.824    24.2541166667    0.007014745892
0.8248    24.2545166667    0.00701368730545
0.8256    24.2546    0.00701447795641
0.8264    24.2545208333    0.00701415035872
0.8272    24.2546791667    0.00701379515986
0.828    24.2541208333    0.00701333973915
0.8288    24.2546208333    0.00701323762219
0.8296    24.2548541667    0.00701277952143
0.8304    24.2546458333    0.00701326111424
0.8312    24.255175    0.00701344759902
0.832    24.255325    0.00701392561135
0.8328    24.2555916667    0.00701446085095
0.8336    24.2555833333    0.00701395351467
0.8344    24.2558291667    0.00701389762267
0.8352    24.2564208333    0.00701377617041
0.836    24.2571041667    0.00701324364387
0.8368    24.2570541667    0.0070136190651
0.8376    24.2570375    0.0070131195813
0.8384    24.2575625    0.0070133041285
0.8392    24.2568    0.0070136965887
0.84    24.2571791667    0.00701331303852
0.8408    24.2577166667    0.00701365928513
0.8416    24.2574208333    0.00701400760275
0.8424    24.2574541667    0.00701378844949
0.8432    24.2573458333    0.00701320198171
0.844    24.2571166667    0.00701352146709
0.8448    24.2575375    0.00701308336354
0.8456    24.2574333333    0.00701353011802
0.8464    24.2566    0.00701352526045
0.8472    24.257    0.00701288725784
0.848    24.2558666667    0.007013412866
0.8488    24.2559916667    0.00701302862782
0.8496    24.2562125    0.00701251567943
0.8504    24.2563833333    0.00701243753836
0.8512    24.2563625    0.00701176843617
0.852    24.2564333333    0.00701167999899
0.8528    24.2564541667    0.00701115692312
0.8536    24.2560416667    0.00701040089428
0.8544    24.2561    0.00701022963785
0.8552    24.2553708333    0.00701056431929
0.856    24.2548083333    0.00700943991048
0.8568    24.2544166667    0.00700922721455
0.8576    24.2539208333    0.00700951400556
0.8584    24.2542541667    0.00700944378876
0.8592    24.2542791667    0.00701020009152
0.86    24.2534333333    0.00701006182876
0.8608    24.25225    0.00700953796647
0.8616    24.2518875    0.00701010234667
0.8624    24.251625    0.00701079934049
0.8632    24.2516041667    0.00701087707993
0.864    24.2514    0.00700970162138
0.8648    24.2518125    0.00700975142667
0.8656    24.2519291667    0.00701036659278
0.8664    24.2522833333    0.00701106620227
0.8672    24.251875    0.00701139978449
0.868    24.2517083333    0.00701017367738
0.8688    24.2524666667    0.00700986475367
0.8696    24.2531    0.00701023737717
0.8704    24.253425    0.00701171824575
0.8712    24.2533125    0.00701136850633
0.872    24.2531958333    0.0070119571763
0.8728    24.2529541667    0.00701167338417
0.8736    24.2533208333    0.00701242042825
0.8744    24.2531666667    0.00701389471614
0.8752    24.2525041667    0.00701374235754
0.876    24.2518166667    0.00701226183858
0.8768    24.252075    0.00701189305512
0.8776    24.2527416667    0.00701258486011
0.8784    24.253175    0.00701300215652
0.8792    24.2532083333    0.00701334521504
0.88    24.2524875    0.00701319609365
0.8808    24.2535208333    0.00701369722421
0.8816    24.2529541667    0.00701305564805
0.8824    24.2529166667    0.00701321222683
0.8832    24.2526    0.00701303847224
0.884    24.2533625    0.00701235095623
0.8848    24.2528375    0.00701301383227
0.8856    24.2521208333    0.00701218775474
0.8864    24.2519125    0.00701150695805
0.8872    24.2518583333    0.00701136996278
0.888    24.2521625    0.00701138237662
0.8888    24.2522666667    0.00701080559584
0.8896    24.251925    0.00701116874351
0.8904    24.2521958333    0.00701095185749
0.8912    24.2516541667    0.00701222307575
0.892    24.2522416667    0.00701287610462
0.8928    24.2524458333    0.00701362883485
0.8936    24.2521666667    0.00701319433824
0.8944    24.2524958333    0.00701230572947
0.8952    24.2523583333    0.00701168527157
0.896    24.2524125    0.00701144391563
0.8968    24.25205    0.00701255209532
0.8976    24.2522458333    0.00701263089041
0.8984    24.2521333333    0.0070123944445
0.8992    24.252175    0.00701170763331
0.9    24.2520083333    0.00701108262802
