0.0164079 0.0257728 0.249788 
0.0863516 0.0290054 0.235807 
0.211775 0.0359871 0.211914 
0.392005 0.0493666 0.181079 
0.626036 0.0747282 0.149347 
0.912562 0.123124 0.127324 
1.24998 0.209882 0.128073 
1.6364 0.328729 0.151468 
2.06967 0.409073 0.164879 
2.54736 0.381986 0.147568 
3.06679 0.277907 0.135155 
3.62507 0.164714 0.136025 
4.21908 0.082359 0.126476 
4.84548 0.0363214 0.108157 
5.50079 0.0146878 0.0882773 
6.18132 0.00559191 0.0703263 
6.88328 0.00203821 0.0547551 
7.60275 0.000719919 0.0419787 
8.33569 0.000248567 0.0315615 
9.07801 8.4588e-05 0.0235211 
9.82556 2.85492e-05 0.0172441 
10.5742 9.63066e-06 0.0126281 
11.3196 3.26356e-06 0.00910339 
12.0578 1.12134e-06 0.00660565 
12.7845 3.92142e-07 0.00470405 
13.4957 1.41711e-07 0.00339932 
14.1874 5.30074e-08 0.00238972 
14.8558 2.11768e-08 0.00171948 
15.4971 8.91708e-09 0.00118554 
16.1078 4.23825e-09 0.000845931 
16.6843 2.01009e-09 0.000564504 
17.2236 1.32071e-09 0.000396163 
17.7225 4.84809e-10 0.000250428 
18.1783 1.04634e-09 0.000170903 
18.5884 2.76682e-10 9.88301e-05 
18.9507 2.87441e-09 6.4853e-05 
19.2629 2.69165e-09 3.24615e-05 
19.5235 1.11675e-08 2.0888e-05 
19.7311 1.22018e-08 8.21582e-06 
19.8848 3.79604e-08 6.68443e-06 
