0.0164062 0.0164126 6.0731e-09 1.7642e-08 
0.0164147 0.0863255 2.46492e-09 7.80571e-09 
0.0164123 0.211728 1.01209e-08 3.36974e-08 
0.0164076 0.392055 1.57713e-08 3.50227e-08 
0.0164081 0.626319 7.84274e-09 2.5328e-08 
0.0164102 0.91276 7.68819e-09 2.8598e-08 
0.0164097 1.24937 7.6895e-09 2.5637e-08 
0.016402 1.6369 1.10613e-08 3.72452e-08 
0.0164063 2.0689 1.23321e-06 4.19664e-06 
0.0164161 2.54664 0.000395724 0.00147342 
0.0164135 3.06714 0.00567588 0.0243434 
0.0164102 3.62516 0.013025 0.0680318 
0.0164157 4.2182 0.0117184 0.0810023 
0.0164084 4.84679 0.00681947 0.0675345 
0.0164143 5.49959 0.00309711 0.0480902 
0.016413 6.18391 0.00127088 0.0327483 
0.0164153 6.88346 0.000465412 0.0216971 
0.0164029 7.60399 0.000172091 0.014592 
0.0164054 8.33206 5.63282e-05 0.00973213 
0.0164072 9.07404 2.08998e-05 0.00667676 
0.0164156 9.82951 6.0933e-06 0.004526 
0.0164041 10.5746 2.55994e-06 0.003172 
0.0164122 11.3198 6.00007e-07 0.00217469 
0.0164084 12.0522 3.55077e-07 0.00154943 
0.016415 12.79 5.02169e-08 0.00106705 
0.0164044 13.4989 6.3392e-08 0.000769036 
0.0164055 14.1901 3.15589e-09 0.000527554 
0.0164069 14.8615 1.59762e-08 0.000382577 
0.0164051 15.4929 7.52958e-10 0.000258997 
0.0164055 16.1108 5.73899e-09 0.000187817 
0.0164094 16.6869 6.02268e-10 0.00012366 
0.0164069 17.2309 3.22202e-09 8.87671e-05 
0.0164131 17.7257 1.1282e-10 5.55829e-05 
0.0164076 18.1731 4.26689e-09 3.91352e-05 
0.0164148 18.5819 1.21154e-09 2.26726e-05 
0.0164102 18.9494 1.30732e-08 1.57283e-05 
0.0164043 19.2684 1.2581e-08 8.16554e-06 
0.0164071 19.5182 4.58479e-08 5.92025e-06 
0.0164043 19.7322 4.55232e-08 2.63066e-06 
0.0164025 19.8929 1.27608e-07 2.75766e-06 
0.0863193 0.0164078 2.46492e-09 7.80571e-09 
0.0863934 0.0863892 1.7185e-08 4.41703e-08 
0.0863415 0.211828 3.41253e-09 6.57853e-09 
0.0863338 0.3919 1.24945e-09 1.01111e-08 
0.0863295 0.625819 7.9804e-09 2.03256e-08 
0.0863192 0.91283 7.65079e-09 1.44982e-08 
0.0863728 1.24945 3.06396e-09 8.92276e-09 
0.0863129 1.63644 5.39752e-09 1.44227e-08 
0.0863291 2.07028 3.70074e-06 8.60346e-06 
0.0863651 2.54855 0.000799182 0.00219069 
0.086374 3.06555 0.00786599 0.0264055 
0.0863533 3.62354 0.0150842 0.0648606 
0.0863261 4.21892 0.0125275 0.074205 
0.0863579 4.84672 0.00702102 0.0616021 
0.086322 5.50354 0.00314346 0.044345 
0.0863853 6.17901 0.00127733 0.0305877 
0.0863131 6.88583 0.000468436 0.0205712 
0.0863088 7.60596 0.000171925 0.0139857 
0.086324 8.33288 5.68805e-05 0.00943998 
0.0863873 9.08091 2.07624e-05 0.00651895 
0.0863561 9.82634 6.2253e-06 0.00445789 
0.0863678 10.5699 2.50789e-06 0.00313299 
0.0863738 11.3174 6.30552e-07 0.00216246 
0.0863582 12.0623 3.36755e-07 0.0015411 
0.0863627 12.7785 5.63595e-08 0.00106654 
0.0863804 13.5014 5.65599e-08 0.000767663 
0.0863802 14.1942 3.70118e-09 0.000529204 
0.0863864 14.863 1.30371e-08 0.000382794 
0.0863514 15.4919 2.89616e-10 0.000260317 
0.0863852 16.1009 4.20963e-09 0.000188067 
0.0863298 16.6865 2.30337e-10 0.000124367 
0.0863689 17.2204 2.02812e-09 8.88164e-05 
0.0863284 17.7149 5.52032e-11 5.58681e-05 
0.0863277 18.181 2.08752e-09 3.90773e-05 
0.0863923 18.5844 4.39536e-10 2.26956e-05 
0.0863705 18.9433 5.21425e-09 1.55231e-05 
0.0863596 19.2715 4.58383e-09 7.98135e-06 
0.0863375 19.5303 1.76586e-08 5.55951e-06 
0.0863087 19.728 1.79235e-08 2.36494e-06 
0.0863804 19.8795 5.31968e-08 2.2578e-06 
0.211771 0.0164076 1.01209e-08 3.36974e-08 
0.21182 0.0863242 3.41253e-09 6.57853e-09 
0.211678 0.211757 7.70848e-10 5.96152e-09 
0.211812 0.392059 4.20402e-09 4.35621e-09 
0.211708 0.626105 1.1455e-10 3.36144e-10 
0.211824 0.912405 5.52325e-10 1.65565e-09 
0.211712 1.25051 1.69718e-09 9.67874e-10 
0.211807 1.636 4.47567e-08 3.64074e-08 
0.211688 2.06917 3.31674e-05 4.11409e-05 
0.211814 2.54632 0.00235812 0.00388524 
0.211746 3.06703 0.0130585 0.028822 
0.21181 3.62431 0.0189617 0.0581557 
0.21173 4.21836 0.0139528 0.0629082 
0.211878 4.84308 0.00735436 0.0520996 
0.211739 5.49907 0.00323049 0.0383501 
0.211872 6.18391 0.00128549 0.0270845 
0.211817 6.88068 0.000476087 0.0187248 
0.21175 7.60483 0.000170593 0.0129795 
0.211863 8.33871 5.85048e-05 0.00895146 
0.211837 9.07845 2.01946e-05 0.00625347 
0.211861 9.82958 6.64152e-06 0.00434265 
0.211775 10.575 2.32217e-06 0.00306687 
0.211727 11.3237 7.36803e-07 0.00214103 
0.211767 12.062 2.78427e-07 0.00152648 
0.211731 12.7804 8.24569e-08 0.00106619 
0.211823 13.4908 3.75601e-08 0.00076569 
0.211773 14.1922 9.34752e-09 0.000532076 
0.211707 14.8517 6.19779e-09 0.000383333 
0.211695 15.4915 1.04796e-09 0.000262637 
0.211738 16.1147 1.35198e-09 0.000188725 
0.211801 16.6899 1.25298e-10 0.000125619 
0.211774 17.2207 4.26894e-10 8.90848e-05 
0.211809 17.7244 4.16506e-11 5.6365e-05 
0.211701 18.1705 2.21939e-10 3.90806e-05 
0.211806 18.5859 5.42716e-11 2.27555e-05 
0.211739 18.9429 1.44786e-10 1.52854e-05 
0.211867 19.2645 4.41068e-11 7.78077e-06 
0.211809 19.5286 6.89899e-11 5.17784e-06 
0.211702 19.7386 6.59584e-11 2.09657e-06 
0.211779 19.879 3.27595e-10 1.7726e-06 
0.391976 0.0164133 1.57713e-08 3.50227e-08 
0.391905 0.0863366 1.24945e-09 1.01111e-08 
0.392059 0.211878 4.20402e-09 4.35621e-09 
0.392161 0.391862 1.39067e-08 6.32531e-09 
0.391811 0.626214 2.32305e-09 1.09108e-09 
0.391924 0.91221 1.76645e-09 2.08866e-09 
0.392091 1.24942 2.05535e-08 1.06433e-08 
0.392195 1.63674 1.60926e-06 7.62568e-07 
0.391994 2.07042 0.000414941 0.00026093 
0.391848 2.54706 0.00797597 0.00703695 
0.392066 3.06774 0.0232832 0.0297018 
0.391829 3.62345 0.0247422 0.0478654 
0.392115 4.21989 0.0158789 0.048935 
0.391855 4.84592 0.00779383 0.0408121 
0.392016 5.50131 0.00334738 0.0311383 
0.391928 6.18372 0.00129821 0.0228185 
0.391875 6.88404 0.000486456 0.0164086 
0.392051 7.60348 0.000169238 0.0117128 
0.392134 8.33211 6.06171e-05 0.00831495 
0.392171 9.07501 1.95367e-05 0.00591393 
0.391897 9.82877 7.18482e-06 0.00418682 
0.391949 10.5782 2.10561e-06 0.0029837 
0.392128 11.3214 8.83843e-07 0.00210993 
0.39191 12.0611 2.1394e-07 0.00150943 
0.392136 12.782 1.24369e-07 0.00106445 
0.391886 13.4972 1.94297e-08 0.000764236 
0.392073 14.1914 2.2124e-08 0.000535135 
0.391887 14.8543 1.3459e-09 0.000384709 
0.391979 15.4929 5.25171e-09 0.000265261 
0.392018 16.1022 1.15309e-10 0.000189934 
0.391814 16.6823 1.58858e-09 0.000127075 
0.391928 17.2276 1.03554e-10 8.9729e-05 
0.392063 17.7234 4.87932e-10 5.70179e-05 
0.392078 18.1839 1.87646e-10 3.92957e-05 
0.391931 18.5912 4.60079e-11 2.29041e-05 
0.392018 18.9572 9.65433e-10 1.52041e-05 
0.392061 19.2633 1.05584e-09 7.68676e-06 
0.391951 19.5278 6.5489e-09 4.98105e-06 
0.392074 19.7242 8.67114e-09 1.96744e-06 
0.391834 19.8885 3.14111e-08 1.59075e-06 
0.626111 0.0164112 7.84274e-09 2.5328e-08 
0.625724 0.0863089 7.9804e-09 2.03256e-08 
0.625887 0.211808 1.1455e-10 3.36144e-10 
0.625837 0.391943 2.32305e-09 1.09108e-09 
0.626274 0.626132 8.8076e-10 2.77787e-09 
0.626277 0.912276 4.53084e-10 7.31438e-10 
0.626039 1.25039 2.14961e-07 7.1668e-08 
0.626289 1.6359 7.51514e-05 2.65994e-05 
0.626165 2.07043 0.00422712 0.00166629 
0.626186 2.54846 0.0249228 0.0123868 
0.626303 3.06695 0.0401425 0.028398 
0.626033 3.62526 0.0321626 0.0359985 
0.626224 4.2204 0.0180384 0.0348308 
0.626135 4.84788 0.00833126 0.0296929 
0.625927 5.50284 0.00345769 0.023827 
0.626123 6.18292 0.00132846 0.0184149 
0.626221 6.88165 0.000490459 0.0139187 
0.626018 7.60022 0.000172426 0.0103421 
0.626265 8.3388 6.05159e-05 0.00759597 
0.625982 9.07903 2.01535e-05 0.00553675 
0.626128 9.82594 7.06113e-06 0.0040031 
0.626086 10.5692 2.24301e-06 0.00289151 
0.626048 11.3234 8.36243e-07 0.00207115 
0.625794 12.0576 2.45363e-07 0.00149155 
0.625754 12.7885 1.08698e-07 0.00106051 
0.626123 13.495 2.6382e-08 0.000763417 
0.625982 14.1838 1.69849e-08 0.000537609 
0.625734 14.859 2.63161e-09 0.00038659 
0.626232 15.4984 3.45719e-09 0.000267682 
0.626022 16.1157 2.05303e-10 0.000191425 
0.62577 16.6867 9.10535e-10 0.00012852 
0.625863 17.2187 2.52051e-11 9.0629e-05 
0.626301 17.7267 2.3556e-10 5.77727e-05 
0.625998 18.1847 1.08401e-10 3.97277e-05 
0.626317 18.5959 5.36846e-11 2.31814e-05 
0.625932 18.9514 5.19551e-10 1.53105e-05 
0.626022 19.2716 4.80723e-10 7.70526e-06 
0.626277 19.5326 1.58946e-09 4.91844e-06 
0.62601 19.7366 1.33545e-09 1.90271e-06 
0.62629 19.88 2.65627e-09 1.46305e-06 
0.912985 0.0164052 7.68819e-09 2.8598e-08 
0.912617 0.0863563 7.65079e-09 1.44982e-08 
0.91228 0.21177 5.52325e-10 1.65565e-09 
0.912702 0.392168 1.76645e-09 2.08866e-09 
0.912659 0.626265 4.53084e-10 7.31438e-10 
0.912447 0.912287 1.27742e-07 5.26489e-08 
0.912646 1.2502 2.76003e-05 9.95972e-06 
0.912159 1.6365 0.00265812 0.000925437 
0.912327 2.06867 0.0265294 0.00904007 
0.912114 2.54843 0.0621148 0.0222066 
0.912809 3.06798 0.0626954 0.0271384 
0.912264 3.62489 0.0402333 0.0257084 
0.912831 4.21966 0.0202042 0.0230164 
0.912247 4.84448 0.00888227 0.0202578 
0.91244 5.50298 0.00356844 0.017377 
0.91254 6.17992 0.0013638 0.0144069 
0.912217 6.8858 0.000493889 0.011564 
0.912761 7.60598 0.000176733 0.00902356 
0.912363 8.33292 6.00309e-05 0.0068813 
0.912677 9.07507 2.10678e-05 0.0051624 
0.912313 9.82995 6.79856e-06 0.00381381 
0.912252 10.5701 2.47158e-06 0.00279954 
0.912697 11.3243 7.44915e-07 0.00202939 
0.912666 12.0526 3.06552e-07 0.00147399 
0.912559 12.7837 8.00918e-08 0.00105532 
0.912328 13.5013 4.36191e-08 0.000763083 
0.91228 14.1808 8.23971e-09 0.000539529 
0.912848 14.8596 7.68335e-09 0.000388749 
0.913016 15.4899 7.35525e-10 0.000269899 
0.912289 16.1104 1.70154e-09 0.000193136 
0.912405 16.6908 4.30222e-11 0.000129989 
0.912417 17.2158 4.14367e-10 9.17196e-05 
0.912839 17.726 9.33569e-12 5.86003e-05 
0.912931 18.1749 7.82907e-11 4.03099e-05 
0.912377 18.5942 2.46377e-11 2.35787e-05 
0.912645 18.9422 2.00562e-11 1.55725e-05 
0.912249 19.258 1.10648e-11 7.84443e-06 
0.912643 19.5149 2.28304e-10 5.02193e-06 
0.912968 19.7223 5.96623e-10 1.9431e-06 
0.912534 19.88 2.78249e-09 1.50974e-06 
1.24957 0.0164093 7.6895e-09 2.5637e-08 
1.25037 0.0863884 3.06396e-09 8.92276e-09 
1.25008 0.211824 1.69718e-09 9.67874e-10 
1.24968 0.392057 2.05535e-08 1.06433e-08 
1.24938 0.626307 2.14961e-07 7.1668e-08 
1.24961 0.912583 2.76003e-05 9.95972e-06 
1.24974 1.2502 0.0023088 0.00084491 
1.24991 1.63602 0.0293663 0.0105737 
1.24977 2.06908 0.0918937 0.0316399 
1.24968 2.54782 0.116029 0.0379532 
1.25041 3.06787 0.0859996 0.0282259 
1.24976 3.62568 0.0473869 0.0188847 
1.25041 4.21802 0.0221226 0.0146571 
1.24945 4.84555 0.0093349 0.013244 
1.25012 5.50096 0.00368841 0.0123641 
1.25055 6.18278 0.00138679 0.0111752 
1.2498 6.88014 0.000503896 0.00959894 
1.24936 7.60265 0.000177487 0.00790494 
1.25024 8.33836 6.15519e-05 0.00625715 
1.24994 9.07418 2.08959e-05 0.00483837 
1.24996 9.82972 7.11814e-06 0.00364303 
1.24946 10.5715 2.38261e-06 0.00272095 
1.25012 11.315 8.20286e-07 0.00199006 
1.25044 12.0537 2.76151e-07 0.0014607 
1.2503 12.788 9.89464e-08 0.00104925 
1.25008 13.4989 3.41403e-08 0.000764232 
1.25051 14.1817 1.30495e-08 0.000540576 
1.25054 14.8499 4.74082e-09 0.000391723 
1.24965 15.5019 1.92809e-09 0.000271571 
1.25029 16.1042 7.78645e-10 0.000195311 
1.25053 16.6887 3.04327e-10 0.00013117 
1.25058 17.2295 1.51285e-10 9.29955e-05 
1.25022 17.7217 3.90273e-11 5.93086e-05 
1.25017 18.1751 3.18399e-11 4.09879e-05 
1.24952 18.5807 2.3551e-12 2.39535e-05 
1.24953 18.9537 1.24392e-11 1.59324e-05 
1.25046 19.2645 6.53701e-12 8.05312e-06 
1.25019 19.5241 2.03562e-11 5.24241e-06 
1.25053 19.7363 2.18382e-11 2.07842e-06 
1.2494 19.8851 1.28059e-10 1.70091e-06 
1.63593 0.0164071 1.10613e-08 3.72452e-08 
1.63609 0.0863459 5.39752e-09 1.44227e-08 
1.63665 0.211696 4.47567e-08 3.64074e-08 
1.63572 0.392115 1.60926e-06 7.62568e-07 
1.6367 0.626293 7.51514e-05 2.65994e-05 
1.63569 0.912149 0.00265812 0.000925437 
1.63587 1.25051 0.0293663 0.0105737 
1.63622 1.63656 0.11046 0.0401007 
1.63673 2.06975 0.178909 0.0627564 
1.63693 2.54755 0.1619 0.0523715 
1.63595 3.06768 0.102093 0.0295715 
1.63621 3.62361 0.052017 0.0146863 
1.63622 4.22012 0.0233485 0.00931416 
1.63697 4.84709 0.00964737 0.00862406 
1.63662 5.50087 0.00376995 0.00898881 
1.63641 6.18181 0.00140806 0.00894772 
1.63563 6.88505 0.000510437 0.00823264 
1.63581 7.60004 0.000179265 0.00711307 
1.63686 8.33856 6.23066e-05 0.00581823 
1.63588 9.07952 2.10567e-05 0.00460624 
1.63576 9.82938 7.23376e-06 0.00352478 
1.63637 10.5717 2.38904e-06 0.00266488 
1.63605 11.3214 8.42529e-07 0.00196453 
1.63595 12.0578 2.72734e-07 0.00145128 
1.63712 12.7799 1.04325e-07 0.00104646 
1.6365 13.4976 3.23757e-08 0.000765297 
1.63596 14.1899 1.46141e-08 0.000542275 
1.63695 14.8605 4.08704e-09 0.000393957 
1.63563 15.4985 2.44836e-09 0.00027327 
1.63683 16.1122 5.50991e-10 0.000196957 
1.63571 16.6906 4.91811e-10 0.000132272 
1.63588 17.2211 7.40481e-11 9.40136e-05 
1.6362 17.7251 1.0249e-10 5.99103e-05 
1.63612 18.185 7.66688e-12 4.15311e-05 
1.63575 18.5941 1.02159e-11 2.42554e-05 
1.63624 18.9481 1.57079e-11 1.62205e-05 
1.63603 19.2648 2.06057e-11 8.21229e-06 
1.63706 19.5222 1.63545e-10 5.39846e-06 
1.63669 19.7303 2.46486e-10 2.15359e-06 
1.63606 19.8793 7.95389e-10 1.78013e-06 
2.06983 0.0164047 1.23321e-06 4.19664e-06 
2.07018 0.0863499 3.70074e-06 8.60346e-06 
2.06903 0.211851 3.31674e-05 4.11409e-05 
2.06924 0.391881 0.000414941 0.00026093 
2.0705 0.625904 0.00422712 0.00166629 
2.06998 0.912733 0.0265294 0.00904007 
2.06873 1.25055 0.0918937 0.0316399 
2.06887 1.63699 0.178909 0.0627564 
2.07069 2.06974 0.212407 0.0722061 
2.0696 2.54819 0.170775 0.0521087 
2.07011 3.0665 0.103795 0.0259494 
2.07037 3.62382 0.0524056 0.0105779 
2.0693 4.21843 0.0234757 0.00583879 
2.06958 4.84616 0.00970855 0.0061039 
2.06959 5.50101 0.00379287 0.00733966 
2.06919 6.17941 0.00141914 0.00794343 
2.06955 6.88147 0.000513533 0.00765891 
2.06909 7.6016 0.000180957 0.00679815 
2.06952 8.33439 6.25693e-05 0.00565545 
2.06883 9.08082 2.13191e-05 0.00452449 
2.07068 9.82577 7.22687e-06 0.00348795 
2.06901 10.5727 2.4372e-06 0.00264887 
2.0704 11.3217 8.31329e-07 0.00195988 
2.06943 12.0534 2.83544e-07 0.00145039 
2.06885 12.7858 1.00137e-07 0.00104793 
2.06886 13.5007 3.51536e-08 0.000767016 
2.07029 14.1848 1.32855e-08 0.00054428 
2.06958 14.8563 4.85536e-09 0.000395468 
2.07064 15.5042 2.04043e-09 0.000274573 
2.06868 16.1006 7.70487e-10 0.000197828 
2.07049 16.6766 3.68074e-10 0.000133017 
2.06901 17.2187 1.32442e-10 9.45293e-05 
2.06992 17.7149 6.73455e-11 6.02807e-05 
2.06948 18.1776 1.72217e-11 4.17726e-05 
2.07036 18.5896 5.53348e-12 2.44293e-05 
2.0703 18.9539 1.9601e-11 1.63356e-05 
2.07063 19.2624 2.48348e-11 8.27645e-06 
2.06937 19.5319 1.1478e-10 5.42475e-06 
2.06885 19.739 1.48962e-10 2.15237e-06 
2.06903 19.8932 5.08325e-10 1.76157e-06 
2.54631 0.0164132 0.000395724 0.00147342 
2.54738 0.0863088 0.000799182 0.00219069 
2.54681 0.211802 0.00235812 0.00388524 
2.54799 0.391823 0.00797597 0.00703695 
2.54697 0.626269 0.0249228 0.0123868 
2.54749 0.912722 0.0621148 0.0222066 
2.54767 1.25015 0.116029 0.0379532 
2.5461 1.63721 0.1619 0.0523715 
2.54844 2.06884 0.170775 0.0521087 
2.54812 2.54682 0.138337 0.0353296 
2.54794 3.06643 0.0887054 0.0160612 
2.54786 3.62649 0.0472942 0.00591375 
2.54834 4.21771 0.0220737 0.00435773 
2.54646 4.84754 0.00938121 0.0062038 
2.5483 5.49955 0.00372689 0.0079824 
2.54648 6.18335 0.00140806 0.00861534 
2.54637 6.88296 0.000512016 0.00818029 
2.54747 7.60245 0.000180872 0.00714943 
2.5484 8.33474 6.25383e-05 0.00587371 
2.54653 9.07518 2.13206e-05 0.00465187 
2.547 9.82966 7.2087e-06 0.00355997 
2.54702 10.5754 2.43577e-06 0.00268763 
2.54705 11.3196 8.25849e-07 0.00198075 
2.54613 12.0596 2.83777e-07 0.00146092 
2.54785 12.7847 9.88372e-08 0.00105334 
2.5467 13.4981 3.54479e-08 0.000769202 
2.54726 14.1915 1.29872e-08 0.000545278 
2.54691 14.8533 4.99669e-09 0.00039565 
2.54655 15.4931 1.97096e-09 0.000274613 
2.54643 16.1064 8.28948e-10 0.00019761 
2.54706 16.6889 3.5235e-10 0.000132843 
2.54612 17.2174 1.55588e-10 9.42302e-05 
2.54743 17.7229 6.48439e-11 6.00861e-05 
2.54665 18.179 2.61645e-11 4.15733e-05 
2.54823 18.5835 7.72391e-12 2.43015e-05 
2.54797 18.9502 1.41212e-11 1.61897e-05 
2.54726 19.2714 1.23141e-11 8.18425e-06 
2.54771 19.5189 9.12267e-11 5.32305e-06 
2.54679 19.73 1.73199e-10 2.09953e-06 
2.54685 19.8865 7.95353e-10 1.69451e-06 
3.06684 0.0164157 0.00567588 0.0243434 
3.06724 0.0863935 0.00786599 0.0264055 
3.06645 0.211778 0.0130585 0.028822 
3.06721 0.392099 0.0232832 0.0297018 
3.0669 0.626089 0.0401425 0.028398 
3.06817 0.912401 0.0626954 0.0271384 
3.06539 1.25034 0.0859996 0.0282259 
3.06809 1.63628 0.102093 0.0295715 
3.06568 2.07009 0.103795 0.0259494 
3.06709 2.5461 0.0887054 0.0160612 
3.06671 3.06686 0.0627442 0.00679961 
3.06565 3.62387 0.0369135 0.00465935 
3.0681 4.21932 0.0185444 0.00736743 
3.06602 4.844 0.00825447 0.0102494 
3.0656 5.50204 0.00336745 0.0113956 
3.06591 6.18242 0.00128995 0.0109659 
3.06768 6.88481 0.000472232 0.00959918 
3.0662 7.60386 0.00016712 0.00791957 
3.06554 8.33806 5.78149e-05 0.0062456 
3.06625 9.07694 1.96612e-05 0.00480176 
3.06569 9.82904 6.64812e-06 0.00359754 
3.06812 10.5792 2.23505e-06 0.00267312 
3.06743 11.3242 7.60385e-07 0.00194819 
3.06526 12.0536 2.58891e-07 0.00142439 
3.06536 12.7815 9.13053e-08 0.00102095 
3.06724 13.4954 3.21951e-08 0.000741294 
3.06706 14.1841 1.22011e-08 0.000523703 
3.06622 14.8569 4.56615e-09 0.000378354 
3.06669 15.4996 1.94253e-09 0.000262108 
3.06626 16.1156 7.89304e-10 0.000187878 
3.06586 16.6781 3.85735e-10 0.000126046 
3.06705 17.216 1.68254e-10 8.89277e-05 
3.0657 17.7272 8.71771e-11 5.65895e-05 
3.06605 18.1832 4.61476e-11 3.88499e-05 
3.06699 18.594 1.45853e-11 2.26023e-05 
3.0671 18.9497 6.58427e-11 1.48615e-05 
3.06622 19.254 6.10989e-11 7.452e-06 
3.06755 19.5206 4.76722e-10 4.75808e-06 
3.0678 19.7373 7.29479e-10 1.85123e-06 
3.06738 19.8777 3.01677e-09 1.46317e-06 
3.62667 0.0164053 0.013025 0.0680318 
3.62341 0.0863883 0.0150842 0.0648606 
3.62371 0.211683 0.0189617 0.0581557 
3.62367 0.391936 0.0247422 0.0478654 
3.62419 0.626279 0.0321626 0.0359985 
3.62568 0.912551 0.0402333 0.0257084 
3.62529 1.25035 0.0473869 0.0188847 
3.62586 1.63648 0.052017 0.0146863 
3.62488 2.06941 0.0524056 0.0105779 
3.62631 2.54625 0.0472942 0.00591375 
3.62406 3.06528 0.0369135 0.00465935 
3.6259 3.62343 0.0238511 0.00873906 
3.62434 4.21768 0.0126763 0.0131403 
3.62556 4.84442 0.00579153 0.0147221 
3.62594 5.50099 0.00238543 0.0138795 
3.62561 6.17951 0.00091628 0.0118937 
3.62327 6.88511 0.000334944 0.00958687 
3.62469 7.6026 0.00011835 0.00745619 
3.62375 8.33926 4.07747e-05 0.00563388 
3.62577 9.08045 1.38521e-05 0.00419812 
3.62469 9.83037 4.65755e-06 0.00307386 
3.62485 10.5765 1.56932e-06 0.00224489 
3.62474 11.3141 5.29422e-07 0.00161558 
3.62488 12.0595 1.82074e-07 0.00116908 
3.62618 12.783 6.33715e-08 0.000831697 
3.62346 13.4894 2.30132e-08 0.00059927 
3.62613 14.1808 8.584e-09 0.000421115 
3.62446 14.8548 3.46471e-09 0.000301985 
3.62476 15.4981 1.46559e-09 0.000208212 
3.62643 16.1038 6.99726e-10 0.000147851 
3.62471 16.6868 3.42989e-10 9.85946e-05 
3.62664 17.2165 2.04562e-10 6.86285e-05 
3.62512 17.7224 9.24647e-11 4.3233e-05 
3.62421 18.1863 1.15501e-10 2.90302e-05 
3.62432 18.5931 1.74875e-11 1.66079e-05 
3.62638 18.9564 2.91975e-10 1.05826e-05 
3.62556 19.2648 2.75529e-10 5.1816e-06 
3.6239 19.5318 1.61002e-09 3.19226e-06 
3.62397 19.7279 2.01068e-09 1.21667e-06 
3.62378 19.8791 7.05918e-09 9.45545e-07 
4.2206 0.0164098 0.0117184 0.0810023 
4.21937 0.0863556 0.0125275 0.074205 
4.22116 0.211682 0.0139528 0.0629082 
4.21879 0.391935 0.0158789 0.048935 
4.21916 0.626107 0.0180384 0.0348308 
4.22116 0.912538 0.0202042 0.0230164 
4.21908 1.24949 0.0221226 0.0146571 
4.21716 1.63605 0.0233485 0.00931416 
4.21706 2.06963 0.0234757 0.00583879 
4.21932 2.54767 0.0220737 0.00435773 
4.21845 3.06675 0.0185444 0.00736743 
4.22032 3.62346 0.0126763 0.0131403 
4.21834 4.21717 0.00686183 0.0158938 
4.21847 4.84539 0.00312921 0.0150601 
4.21836 5.50353 0.00127777 0.0125681 
4.21719 6.18436 0.000486653 0.00985473 
4.21941 6.88324 0.000176387 0.0074394 
4.21993 7.60305 6.19903e-05 0.00551376 
4.22015 8.3362 2.12066e-05 0.00401873 
4.21757 9.07456 7.19483e-06 0.00291555 
4.22012 9.82527 2.39923e-06 0.00209179 
4.22103 10.5717 8.12815e-07 0.00150405 
4.22003 11.3206 2.70314e-07 0.00106952 
4.21928 12.0631 9.49602e-08 0.000766162 
4.21988 12.7816 3.2141e-08 0.00054065 
4.21885 13.4934 1.24101e-08 0.000386277 
4.21982 14.1932 4.42647e-09 0.000269455 
4.21703 14.8574 2.07077e-09 0.000191334 
4.21966 15.495 8.3703e-10 0.000130817 
4.2201 16.1078 5.14679e-10 9.16702e-05 
4.21894 16.6802 2.38414e-10 6.03867e-05 
4.21983 17.2186 2.03395e-10 4.11714e-05 
4.22095 17.7303 6.93942e-11 2.54398e-05 
4.21806 18.1781 1.78876e-10 1.65675e-05 
4.21719 18.5825 2.55399e-11 9.21813e-06 
4.22053 18.953 5.37602e-10 5.66392e-06 
4.21963 19.2591 5.10415e-10 2.69588e-06 
4.22081 19.52 2.37844e-09 1.61536e-06 
4.22004 19.7401 2.62654e-09 6.09423e-07 
4.21743 19.8887 8.17352e-09 4.78189e-07 
4.84601 0.0164024 0.00681947 0.0675345 
4.84587 0.0863813 0.00702102 0.0616021 
4.84701 0.211836 0.00735436 0.0520996 
4.84617 0.391827 0.00779383 0.0408121 
4.84507 0.625785 0.00833126 0.0296929 
4.8453 0.912967 0.00888227 0.0202578 
4.84713 1.25007 0.0093349 0.013244 
4.84365 1.63637 0.00964737 0.00862406 
4.84313 2.06907 0.00970855 0.0061039 
4.84436 2.5469 0.00938121 0.0062038 
4.8432 3.06811 0.00825447 0.0102494 
4.84326 3.62512 0.00579153 0.0147221 
4.84436 4.21835 0.00312921 0.0150601 
4.84517 4.84775 0.00140816 0.0125842 
4.8435 5.50014 0.000566318 0.00952975 
4.84755 6.18345 0.000212891 0.00692889 
4.84494 6.88455 7.63015e-05 0.00493278 
4.84379 7.60508 2.66031e-05 0.00349472 
4.84418 8.33837 9.02946e-06 0.00245999 
4.84436 9.07429 3.05277e-06 0.00173779 
4.84308 9.82182 1.01063e-06 0.00122106 
4.84744 10.5706 3.43153e-07 0.000863823 
4.8462 11.3188 1.12947e-07 0.000606328 
4.84393 12.0621 4.02734e-08 0.000429565 
4.84674 12.7903 1.34017e-08 0.000300254 
4.84518 13.5008 5.42904e-09 0.000212401 
4.84335 14.1841 1.90729e-09 0.000146709 
4.8443 14.8546 9.97352e-10 0.000103025 
4.8476 15.4994 4.07955e-10 6.96253e-05 
4.84708 16.1145 2.94009e-10 4.79965e-05 
4.84328 16.6913 1.35086e-10 3.10715e-05 
4.84398 17.2291 1.4641e-10 2.06814e-05 
4.84717 17.722 3.6832e-11 1.24668e-05 
4.84709 18.181 1.76027e-10 7.87127e-06 
4.84686 18.5868 3.94555e-11 4.2581e-06 
4.84363 18.9573 5.52488e-10 2.54316e-06 
4.8445 19.2708 5.22573e-10 1.18577e-06 
4.84383 19.517 2.02244e-09 7.04523e-07 
4.84707 19.7232 2.05638e-09 2.66426e-07 
4.84459 19.8934 5.87567e-09 2.16551e-07 
5.50297 0.0164157 0.00309711 0.0480902 
5.50131 0.0863227 0.00314346 0.044345 
5.50054 0.211672 0.00323049 0.0383501 
5.50212 0.39214 0.00334738 0.0311383 
5.50295 0.626118 0.00345769 0.023827 
5.50352 0.912789 0.00356844 0.017377 
5.50344 1.24941 0.00368841 0.0123641 
5.49933 1.63592 0.00376995 0.00898881 
5.50301 2.0687 0.00379287 0.00733966 
5.49926 2.54697 0.00372689 0.0079824 
5.50055 3.06601 0.00336745 0.0113956 
5.5014 3.62631 0.00238543 0.0138795 
5.50127 4.21821 0.00127777 0.0125681 
5.49823 4.84324 0.000566318 0.00952975 
5.49876 5.50315 0.000224192 0.00665466 
5.50156 6.18396 8.31198e-05 0.00451975 
5.50351 6.8861 2.94393e-05 0.00304074 
5.49946 7.60004 1.01696e-05 0.0020574 
5.50182 8.33193 3.42339e-06 0.00139557 
5.49923 9.07594 1.15132e-06 0.000957091 
5.50177 9.82781 3.78689e-07 0.000656779 
5.49866 10.5725 1.28468e-07 0.000455947 
5.50198 11.3245 4.19964e-08 0.000315106 
5.49986 12.0633 1.50962e-08 0.000220333 
5.5024 12.7793 4.9885e-09 0.000152173 
5.50291 13.4989 2.08863e-09 0.000106326 
5.50204 14.1907 7.38524e-10 7.26158e-05 
5.50141 14.8631 4.15929e-10 5.03212e-05 
5.5019 15.4999 1.76644e-10 3.34985e-05 
5.50257 16.1141 1.4049e-10 2.26659e-05 
5.49964 16.6855 6.29378e-11 1.43783e-05 
5.49805 17.2268 8.54707e-11 9.33162e-06 
5.50108 17.7208 1.50127e-11 5.47533e-06 
5.50024 18.1826 1.28671e-10 3.36539e-06 
5.4996 18.589 4.15439e-11 1.77963e-06 
5.49859 18.9491 3.90784e-10 1.04175e-06 
5.50267 19.2561 3.6382e-10 4.7881e-07 
5.50076 19.5285 1.22717e-09 2.85505e-07 
5.49964 19.7303 1.1792e-09 1.09662e-07 
5.49879 19.8805 3.17366e-09 9.49295e-08 
6.17981 0.0164092 0.00127088 0.0327483 
6.17885 0.0863584 0.00127733 0.0305877 
6.18 0.211697 0.00128549 0.0270845 
6.1807 0.392018 0.00129821 0.0228185 
6.18116 0.626236 0.00132846 0.0184149 
6.18222 0.912944 0.0013638 0.0144069 
6.18164 1.25031 0.00138679 0.0111752 
6.1794 1.63601 0.00140806 0.00894772 
6.18327 2.06977 0.00141914 0.00794343 
6.17898 2.54784 0.00140806 0.00861534 
6.18021 3.06815 0.00128995 0.0109659 
6.17881 3.62342 0.00091628 0.0118937 
6.18166 4.21836 0.000486653 0.00985473 
6.18081 4.8466 0.000212891 0.00692889 
6.17834 5.49916 8.31198e-05 0.00451975 
6.17914 6.18348 3.0423e-05 0.00288484 
6.18252 6.8826 1.06517e-05 0.00183661 
6.1806 7.60343 3.64429e-06 0.00118441 
6.18338 8.33491 1.21635e-06 0.000771309 
6.18283 9.07825 4.06493e-07 0.0005114 
6.18404 9.82897 1.32835e-07 0.00034139 
6.18263 10.5788 4.49375e-08 0.000231676 
6.17863 11.3196 1.46114e-08 0.000157068 
6.18163 12.0627 5.2741e-09 0.000108003 
6.18174 12.79 1.74051e-09 7.34465e-05 
6.18073 13.49 7.45077e-10 5.061e-05 
6.17923 14.1913 2.67952e-10 3.40902e-05 
6.18243 14.8507 1.58896e-10 2.32348e-05 
6.18105 15.5047 6.99644e-11 1.51986e-05 
6.18307 16.1115 6.04089e-11 1.00762e-05 
6.18317 16.6872 2.515e-11 6.25052e-06 
6.18291 17.2216 4.41825e-11 3.95517e-06 
6.18293 17.7216 5.68575e-12 2.26721e-06 
6.17882 18.1873 7.62697e-11 1.36328e-06 
6.17921 18.5897 3.08696e-11 7.05143e-07 
6.18086 18.9596 2.17151e-10 4.06738e-07 
6.18159 19.2558 1.9862e-10 1.85464e-07 
6.17861 19.5296 6.06842e-10 1.13038e-07 
6.17928 19.7265 5.60907e-10 4.50887e-08 
6.18246 19.8759 1.44784e-09 4.27957e-08 
6.88484 0.0164137 0.000465412 0.0216971 
6.88408 0.0863609 0.000468436 0.0205712 
6.88291 0.211747 0.000476087 0.0187248 
6.88515 0.39199 0.000486456 0.0164086 
6.87991 0.626113 0.000490459 0.0139187 
6.88108 0.912149 0.000493889 0.011564 
6.88278 1.25009 0.000503896 0.00959894 
6.88291 1.63665 0.000510437 0.00823264 
6.88411 2.07034 0.000513533 0.00765891 
6.88523 2.54737 0.000512016 0.00818029 
6.8845 3.06598 0.000472232 0.00959918 
6.88152 3.62634 0.000334944 0.00958687 
6.88119 4.21821 0.000176387 0.0074394 
6.88394 4.84337 7.63015e-05 0.00493278 
6.88668 5.49844 2.94393e-05 0.00304074 
6.88644 6.1798 1.06517e-05 0.00183661 
6.88599 6.88452 3.68982e-06 0.00110936 
6.88646 7.5999 1.25036e-06 0.000681308 
6.88563 8.33774 4.13846e-07 0.00042483 
6.88665 9.07827 1.37304e-07 0.000271264 
6.88114 9.82267 4.45944e-08 0.000175358 
6.88148 10.5736 1.50159e-08 0.000115761 
6.886 11.3213 4.86545e-09 7.66631e-05 
6.88618 12.0546 1.75663e-09 5.16215e-05 
6.88266 12.7811 5.81986e-10 3.44648e-05 
6.88342 13.4915 2.52457e-10 2.3349e-05 
6.88451 14.1815 9.32087e-11 1.54611e-05 
6.88278 14.8491 5.72792e-11 1.0343e-05 
6.88554 15.5031 2.59418e-11 6.63122e-06 
6.8802 16.1138 2.43597e-11 4.30282e-06 
6.88524 16.6771 9.042e-12 2.60872e-06 
6.885 17.2202 2.08463e-11 1.61189e-06 
6.88373 17.7171 2.37465e-12 9.04143e-07 
6.88448 18.1714 3.86125e-11 5.32016e-07 
6.88567 18.589 1.78039e-11 2.69438e-07 
6.88049 18.9421 1.02694e-10 1.54173e-07 
6.88394 19.2673 9.23219e-11 7.03524e-08 
6.88518 19.5167 2.62923e-10 4.44675e-08 
6.88041 19.7405 2.36506e-10 1.87425e-08 
6.88078 19.8755 5.92199e-10 2.06754e-08 
7.6044 0.0164131 0.000172091 0.014592 
7.60279 0.0863573 0.000171925 0.0139857 
7.60459 0.211697 0.000170593 0.0129795 
7.60371 0.392124 0.000169238 0.0117128 
7.60465 0.62613 0.000172426 0.0103421 
7.59978 0.912785 0.000176733 0.00902356 
7.60397 1.24978 0.000177487 0.00790494 
7.60122 1.63577 0.000179265 0.00711307 
7.60642 2.06904 0.000180957 0.00679815 
7.60318 2.54693 0.000180872 0.00714943 
7.59899 3.06541 0.00016712 0.00791957 
7.60291 3.62527 0.00011835 0.00745619 
7.60154 4.21822 6.19903e-05 0.00551376 
7.60169 4.84754 2.66031e-05 0.00349472 
7.60274 5.50174 1.01696e-05 0.0020574 
7.60021 6.18307 3.64429e-06 0.00118441 
7.60566 6.8829 1.25036e-06 0.000681308 
7.60142 7.6046 4.19967e-07 0.000398914 
7.60594 8.33758 1.37823e-07 0.000237842 
7.60271 9.07604 4.54091e-08 0.000145784 
7.59973 9.82349 1.46434e-08 9.08453e-05 
7.60295 10.5774 4.91072e-09 5.81031e-05 
7.60286 11.3157 1.58277e-09 3.73801e-05 
7.60377 12.0579 5.7317e-10 2.45466e-05 
7.60318 12.7782 1.8952e-10 1.60465e-05 
7.59993 13.4914 8.35734e-11 1.06713e-05 
7.60234 14.1812 3.13115e-11 6.92199e-06 
7.59973 14.8541 2.02013e-11 4.53288e-06 
7.60558 15.4941 9.08495e-12 2.8419e-06 
7.60534 16.1126 9.52711e-12 1.80693e-06 
7.60002 16.6911 3.0142e-12 1.06848e-06 
7.60268 17.2224 9.22253e-12 6.45586e-07 
7.60196 17.7304 1.12091e-12 3.53376e-07 
7.6035 18.1798 1.74875e-11 2.04659e-07 
7.60446 18.5817 8.73969e-12 1.02381e-07 
7.60295 18.9463 4.37028e-11 5.92519e-08 
7.59978 19.267 3.88147e-11 2.71936e-08 
7.6 19.5297 1.04977e-10 1.86468e-08 
7.60587 19.7348 9.25307e-11 8.65248e-09 
7.60205 19.8854 2.26503e-10 1.15896e-08 
8.3331 0.0164107 5.63282e-05 0.00973213 
8.33368 0.0863224 5.68805e-05 0.00943998 
8.33269 0.211787 5.85048e-05 0.00895146 
8.33297 0.39187 6.06171e-05 0.00831495 
8.33752 0.626275 6.05159e-05 0.00759597 
8.33384 0.912478 6.00309e-05 0.0068813 
8.33165 1.25 6.15519e-05 0.00625715 
8.33832 1.63666 6.23066e-05 0.00581823 
8.33154 2.06981 6.25693e-05 0.00565545 
8.33566 2.54857 6.25383e-05 0.00587371 
8.33814 3.06576 5.78149e-05 0.0062456 
8.33982 3.6248 4.07747e-05 0.00563388 
8.33677 4.21935 2.12066e-05 0.00401873 
8.33327 4.84663 9.02946e-06 0.00245999 
8.33461 5.50055 3.42339e-06 0.00139557 
8.33711 6.18277 1.21635e-06 0.000771309 
8.33349 6.885 4.13846e-07 0.00042483 
8.33583 7.60324 1.37823e-07 0.000237842 
8.33665 8.33625 4.48906e-08 0.000135663 
8.33487 9.07405 1.4673e-08 7.96756e-05 
8.33751 9.82907 4.70655e-09 4.77136e-05 
8.33741 10.5779 1.56772e-09 2.93991e-05 
8.33865 11.3194 5.05538e-10 1.82897e-05 
8.33621 12.0601 1.82096e-10 1.16747e-05 
8.33506 12.7789 6.08128e-11 7.455e-06 
8.33293 13.4988 2.6759e-11 4.84987e-06 
8.3342 14.1941 1.04385e-11 3.0742e-06 
8.33978 14.8556 6.86086e-12 1.96933e-06 
8.33417 15.4909 3.11228e-12 1.20579e-06 
8.33328 16.1078 3.60086e-12 7.46313e-07 
8.33218 16.6797 9.87393e-13 4.29925e-07 
8.33246 17.2309 3.81731e-12 2.54665e-07 
8.33627 17.7275 5.18727e-13 1.36471e-07 
8.33644 18.1755 7.2648e-12 7.80614e-08 
8.33443 18.5935 3.80994e-12 3.86981e-08 
8.33622 18.959 1.72763e-11 2.2798e-08 
8.3358 19.2583 1.51813e-11 1.07243e-08 
8.3333 19.5187 3.9497e-11 8.21117e-09 
8.33551 19.7324 3.42862e-11 4.24432e-09 
8.33411 19.8904 8.25075e-11 6.72581e-09 
9.07534 0.0164138 2.08998e-05 0.00667676 
9.08218 0.0863924 2.07624e-05 0.00651895 
9.0786 0.211784 2.01946e-05 0.00625347 
9.0794 0.39186 1.95367e-05 0.00591393 
9.0774 0.626024 2.01535e-05 0.00553675 
9.07598 0.912146 2.10678e-05 0.0051624 
9.08121 1.25005 2.08959e-05 0.00483837 
9.07708 1.63685 2.10567e-05 0.00460624 
9.07737 2.06915 2.13191e-05 0.00452449 
9.07858 2.54751 2.13206e-05 0.00465187 
9.07529 3.0676 1.96612e-05 0.00480176 
9.07401 3.62589 1.38521e-05 0.00419812 
9.08116 4.21819 7.19483e-06 0.00291555 
9.07727 4.84762 3.05277e-06 0.00173779 
9.07653 5.50009 1.15132e-06 0.000957091 
9.0737 6.18225 4.06493e-07 0.0005114 
9.0794 6.88331 1.37304e-07 0.000271264 
9.07839 7.6058 4.54091e-08 0.000145784 
9.07968 8.33428 1.4673e-08 7.96756e-05 
9.07705 9.08159 4.76819e-09 4.4851e-05 
9.08151 9.82157 1.51751e-09 2.57208e-05 
9.07562 10.5705 5.05612e-10 1.52073e-05 
9.07855 11.314 1.61592e-10 9.12436e-06 
9.07732 12.0568 5.87294e-11 5.65225e-06 
9.07729 12.7877 1.93705e-11 3.5086e-06 
9.08162 13.4995 8.79367e-12 2.22649e-06 
9.07728 14.1865 3.37818e-12 1.38052e-06 
9.07801 14.8629 2.37283e-12 8.67216e-07 
9.07667 15.4996 1.02653e-12 5.1622e-07 
9.07758 16.1006 1.37336e-12 3.12111e-07 
9.0745 16.6916 3.26862e-13 1.74696e-07 
9.07836 17.218 1.53816e-12 1.02062e-07 
9.07972 17.7266 2.49969e-13 5.35549e-08 
9.07461 18.1721 2.88051e-12 3.06754e-08 
9.07805 18.5899 1.5715e-12 1.52258e-08 
9.07581 18.9502 6.55405e-12 9.63846e-09 
9.07948 19.2705 5.72884e-12 4.69644e-09 
9.07864 19.5215 1.44438e-11 4.16204e-09 
9.0769 19.7359 1.23719e-11 2.51226e-09 
9.07816 19.8788 2.93625e-11 4.46208e-09 
9.82604 0.0164049 6.0933e-06 0.004526 
9.82729 0.086382 6.2253e-06 0.00445789 
9.83004 0.211784 6.64152e-06 0.00434265 
9.82297 0.39207 7.18482e-06 0.00418682 
9.82985 0.62583 7.06113e-06 0.0040031 
9.8245 0.912496 6.79856e-06 0.00381381 
9.82682 1.24947 7.11814e-06 0.00364303 
9.82357 1.63666 7.23376e-06 0.00352478 
9.82992 2.06871 7.22687e-06 0.00348795 
9.82309 2.54749 7.2087e-06 0.00355997 
9.82661 3.06557 6.64812e-06 0.00359754 
9.82954 3.62608 4.65755e-06 0.00307386 
9.82436 4.22006 2.39923e-06 0.00209179 
9.82641 4.84776 1.01063e-06 0.00122106 
9.83001 5.50302 3.78689e-07 0.000656779 
9.82948 6.18007 1.32835e-07 0.00034139 
9.8238 6.88621 4.45944e-08 0.000175358 
9.82692 7.60065 1.46434e-08 9.08453e-05 
9.82411 8.33291 4.70655e-09 4.77136e-05 
9.82865 9.07724 1.51751e-09 2.57208e-05 
9.82534 9.82087 4.83003e-10 1.41105e-05 
9.82512 10.5787 1.59424e-10 8.00504e-06 
9.82344 11.3174 5.14944e-11 4.62434e-06 
9.82708 12.0625 1.83984e-11 2.76846e-06 
9.82743 12.7889 6.30902e-12 1.66712e-06 
9.82945 13.499 2.73701e-12 1.0339e-06 
9.82585 14.1813 1.13869e-12 6.26086e-07 
9.82314 14.8588 7.86074e-13 3.84004e-07 
9.82691 15.4902 3.56378e-13 2.22989e-07 
9.8212 16.1137 4.99987e-13 1.32206e-07 
9.82093 16.6818 1.17389e-13 7.27767e-08 
9.82165 17.2288 5.93491e-13 4.27423e-08 
9.83002 17.7152 1.05595e-13 2.2242e-08 
9.82593 18.1827 1.09185e-12 1.36764e-08 
9.82156 18.5872 6.07869e-13 6.99332e-09 
9.82608 18.9474 2.40165e-12 4.62976e-09 
9.82371 19.2698 2.07367e-12 2.40966e-09 
9.83043 19.516 5.10493e-12 2.47197e-09 
9.82953 19.736 4.34873e-12 1.52419e-09 
9.83026 19.8909 1.02099e-11 2.97328e-09 
10.5738 0.0164134 2.55994e-06 0.003172 
10.5792 0.0863894 2.50789e-06 0.00313299 
10.5733 0.211858 2.32217e-06 0.00306687 
10.5706 0.391977 2.10561e-06 0.0029837 
10.5773 0.62605 2.24301e-06 0.00289151 
10.5719 0.912174 2.47158e-06 0.00279954 
10.5742 1.24984 2.38261e-06 0.00272095 
10.5773 1.63621 2.38904e-06 0.00266488 
10.5773 2.06923 2.4372e-06 0.00264887 
10.5778 2.54676 2.43577e-06 0.00268763 
10.577 3.06751 2.23505e-06 0.00267312 
10.5693 3.62584 1.56932e-06 0.00224489 
10.5702 4.21752 8.12815e-07 0.00150405 
10.5719 4.84449 3.43153e-07 0.000863823 
10.571 5.49856 1.28468e-07 0.000455947 
10.5746 6.18057 4.49375e-08 0.000231676 
10.5712 6.88595 1.50159e-08 0.000115761 
10.5768 7.60417 4.91072e-09 5.81031e-05 
10.573 8.33554 1.56772e-09 2.93991e-05 
10.5772 9.07647 5.05612e-10 1.52073e-05 
10.5794 9.82165 1.59424e-10 8.00504e-06 
10.5692 10.5704 5.31594e-11 4.36993e-06 
10.5689 11.317 1.69194e-11 2.42191e-06 
10.5781 12.0585 6.25638e-12 1.40528e-06 
10.5707 12.7878 2.04654e-12 8.21627e-07 
10.5793 13.4931 9.6258e-13 4.96804e-07 
10.5782 14.1878 3.82573e-13 2.91359e-07 
10.5706 14.8525 2.98975e-13 1.75883e-07 
10.5776 15.4997 1.36447e-13 1.00234e-07 
10.5771 16.1071 1.95009e-13 6.04087e-08 
10.5794 16.6835 5.05081e-14 3.34242e-08 
10.5788 17.2233 2.36228e-13 2.05812e-08 
10.5753 17.7223 5.18742e-14 1.15859e-08 
10.5731 18.1758 4.07452e-13 7.82232e-09 
10.574 18.589 2.33297e-13 4.33536e-09 
10.5759 18.951 8.73326e-13 3.2899e-09 
10.5712 19.261 7.55846e-13 1.82218e-09 
10.576 19.5248 1.81552e-12 1.92048e-09 
10.5774 19.729 1.53616e-12 1.19084e-09 
10.5733 19.8783 3.5687e-12 2.29513e-09 
11.3181 0.0164025 6.00007e-07 0.00217469 
11.3187 0.0863183 6.30552e-07 0.00216246 
11.3209 0.211821 7.36803e-07 0.00214103 
11.3148 0.391853 8.83843e-07 0.00210993 
11.3152 0.626097 8.36243e-07 0.00207115 
11.3241 0.912344 7.44915e-07 0.00202939 
11.3252 1.24996 8.20286e-07 0.00199006 
11.321 1.63584 8.42529e-07 0.00196453 
11.3198 2.07062 8.31329e-07 0.00195988 
11.3149 2.54705 8.25849e-07 0.00198075 
11.3153 3.06756 7.60385e-07 0.00194819 
11.3207 3.62386 5.29422e-07 0.00161558 
11.3203 4.22024 2.70314e-07 0.00106952 
11.3141 4.8472 1.12947e-07 0.000606328 
11.3233 5.50332 4.19964e-08 0.000315106 
11.3158 6.18354 1.46114e-08 0.000157068 
11.3143 6.88574 4.86545e-09 7.66631e-05 
11.3173 7.60259 1.58277e-09 3.73801e-05 
11.3154 8.33985 5.05538e-10 1.82897e-05 
11.318 9.07427 1.61592e-10 9.12436e-06 
11.3226 9.82264 5.14944e-11 4.62434e-06 
11.3178 10.5773 1.69194e-11 2.42191e-06 
11.3143 11.318 5.6433e-12 1.29303e-06 
11.319 12.0561 2.00204e-12 7.2657e-07 
11.3249 12.7805 7.37974e-13 4.12104e-07 
11.3149 13.4937 3.21927e-13 2.44481e-07 
11.3192 14.1858 1.5309e-13 1.39609e-07 
11.3177 14.8585 1.15447e-13 8.2857e-08 
11.318 15.5019 5.88194e-14 4.64526e-08 
11.3178 16.1025 8.15413e-14 2.85396e-08 
11.3219 16.6916 2.5614e-14 1.65055e-08 
11.3232 17.2198 9.11989e-14 1.10831e-08 
11.315 17.7192 2.48126e-14 6.84239e-09 
11.3156 18.183 1.49549e-13 5.12744e-09 
11.3146 18.5927 8.61891e-14 3.04926e-09 
11.3244 18.9566 3.11184e-13 2.50308e-09 
11.3213 19.2587 2.65867e-13 1.47566e-09 
11.3166 19.5257 6.35092e-13 1.55715e-09 
11.3173 19.7403 5.3354e-13 9.4782e-10 
11.318 19.881 1.24314e-12 1.68629e-09 
12.0579 0.0163999 3.55077e-07 0.00154943 
12.0622 0.0863798 3.36755e-07 0.0015411 
12.052 0.211864 2.78427e-07 0.00152648 
12.0581 0.391836 2.1394e-07 0.00150943 
12.0566 0.625802 2.45363e-07 0.00149155 
12.0573 0.91215 3.06552e-07 0.00147399 
12.0623 1.25023 2.76151e-07 0.0014607 
12.0598 1.63711 2.72734e-07 0.00145128 
12.0534 2.06912 2.83544e-07 0.00145039 
12.0569 2.5476 2.83777e-07 0.00146092 
12.0624 3.06559 2.58891e-07 0.00142439 
12.0551 3.6268 1.82074e-07 0.00116908 
12.0632 4.22116 9.49602e-08 0.000766162 
12.0631 4.84559 4.02734e-08 0.000429565 
12.0601 5.50312 1.50962e-08 0.000220333 
12.0538 6.18061 5.2741e-09 0.000108003 
12.0573 6.88162 1.75663e-09 5.16215e-05 
12.0522 7.60599 5.7317e-10 2.45466e-05 
12.0544 8.3321 1.82096e-10 1.16747e-05 
12.0563 9.07797 5.87294e-11 5.65225e-06 
12.0618 9.82436 1.83984e-11 2.76846e-06 
12.0555 10.5758 6.25638e-12 1.40528e-06 
12.0591 11.3208 2.00204e-12 7.2657e-07 
12.0618 12.0584 8.05227e-13 3.98046e-07 
12.0532 12.7812 2.84424e-13 2.21645e-07 
12.0582 13.4946 1.53547e-13 1.28429e-07 
12.0518 14.1928 7.68054e-14 7.06901e-08 
12.0538 14.862 5.55494e-14 4.21263e-08 
12.055 15.4915 3.4404e-14 2.38089e-08 
12.059 16.108 3.95534e-14 1.5683e-08 
12.0581 16.6818 1.93345e-14 9.97329e-09 
12.0585 17.2263 4.44975e-14 7.64486e-09 
12.0586 17.7184 1.78435e-14 5.1431e-09 
12.0587 18.1711 6.58504e-14 4.26341e-09 
12.053 18.5833 3.97285e-14 2.66038e-09 
12.0584 18.9557 1.20176e-13 2.24413e-09 
12.0564 19.2681 1.01656e-13 1.31558e-09 
12.0575 19.5321 2.31634e-13 1.31838e-09 
12.0578 19.7253 1.9552e-13 7.73178e-10 
12.0588 19.8909 4.48528e-13 1.33514e-09 
12.7803 0.0164052 5.02169e-08 0.00106705 
12.7798 0.0863859 5.63595e-08 0.00106654 
12.7877 0.211768 8.24569e-08 0.00106619 
12.7905 0.391826 1.24369e-07 0.00106445 
12.7876 0.625814 1.08698e-07 0.00106051 
12.7878 0.912741 8.00918e-08 0.00105532 
12.7805 1.24946 9.89464e-08 0.00104925 
12.7846 1.63651 1.04325e-07 0.00104646 
12.7875 2.06877 1.00137e-07 0.00104793 
12.7795 2.54775 9.88372e-08 0.00105334 
12.7908 3.06781 9.13053e-08 0.00102095 
12.781 3.62677 6.33715e-08 0.000831697 
12.7797 4.22001 3.2141e-08 0.00054065 
12.7818 4.84643 1.34017e-08 0.000300254 
12.7853 5.50046 4.9885e-09 0.000152173 
12.7788 6.17947 1.74051e-09 7.34465e-05 
12.7822 6.88255 5.81986e-10 3.44648e-05 
12.7826 7.60578 1.8952e-10 1.60465e-05 
12.7822 8.33683 6.08128e-11 7.455e-06 
12.7845 9.08023 1.93705e-11 3.5086e-06 
12.7843 9.82788 6.30902e-12 1.66712e-06 
12.7884 10.5791 2.04654e-12 8.21627e-07 
12.7785 11.3149 7.37974e-13 4.12104e-07 
12.7873 12.0563 2.84424e-13 2.21645e-07 
12.7838 12.7901 1.29857e-13 1.21314e-07 
12.7823 13.4889 8.30861e-14 6.69566e-08 
12.7896 14.1849 4.04958e-14 3.67358e-08 
12.7852 14.8584 3.60439e-14 2.25973e-08 
12.788 15.5048 1.43086e-14 1.31877e-08 
12.7789 16.1076 2.35198e-14 9.29913e-09 
12.7782 16.6923 1.41404e-14 6.58401e-09 
12.7881 17.2285 2.30801e-14 5.3702e-09 
12.7848 17.7281 1.40092e-14 3.82232e-09 
12.7907 18.179 2.79891e-14 2.92691e-09 
12.7799 18.5975 1.84943e-14 1.88504e-09 
12.7875 18.9471 4.58957e-14 1.56684e-09 
12.7849 19.2574 3.77753e-14 9.35153e-10 
12.7874 19.5288 8.45429e-14 8.51625e-10 
12.7885 19.732 7.05784e-14 4.89375e-10 
12.785 19.8871 1.67118e-13 8.36578e-10 
13.4891 0.0164099 6.3392e-08 0.000769036 
13.4919 0.0863432 5.65599e-08 0.000767663 
13.4942 0.211865 3.75601e-08 0.00076569 
13.4977 0.392166 1.94297e-08 0.000764236 
13.4928 0.625755 2.6382e-08 0.000763417 
13.5006 0.912826 4.36191e-08 0.000763083 
13.4949 1.24976 3.41403e-08 0.000764232 
13.4936 1.63567 3.23757e-08 0.000765297 
13.5013 2.07042 3.51536e-08 0.000767016 
13.4954 2.54712 3.54479e-08 0.000769202 
13.4962 3.06655 3.21951e-08 0.000741294 
13.4967 3.62559 2.30132e-08 0.00059927 
13.4944 4.21712 1.24101e-08 0.000386277 
13.4897 4.84638 5.42904e-09 0.000212401 
13.4922 5.50338 2.08863e-09 0.000106326 
13.4945 6.18339 7.45077e-10 5.061e-05 
13.5011 6.88175 2.52457e-10 2.3349e-05 
13.4971 7.60366 8.35734e-11 1.06713e-05 
13.49 8.33597 2.6759e-11 4.84987e-06 
13.4903 9.07359 8.79367e-12 2.22649e-06 
13.4989 9.82606 2.73701e-12 1.0339e-06 
13.5024 10.5702 9.6258e-13 4.96804e-07 
13.4979 11.32 3.21927e-13 2.44481e-07 
13.4923 12.0588 1.53547e-13 1.28429e-07 
13.4991 12.7887 8.30861e-14 6.69566e-08 
13.493 13.4922 4.85538e-14 3.78572e-08 
13.4976 14.1824 3.2199e-14 2.16048e-08 
13.4931 14.8595 1.9891e-14 1.37018e-08 
13.4892 15.5022 1.44464e-14 8.37071e-09 
13.4971 16.1147 1.61035e-14 6.30471e-09 
13.4969 16.6872 1.13678e-14 4.61602e-09 
13.4889 17.2265 1.4852e-14 3.7845e-09 
13.4897 17.7195 7.31183e-15 2.41311e-09 
13.4909 18.1799 1.41567e-14 1.88329e-09 
13.5013 18.5854 8.90007e-15 1.23127e-09 
13.4979 18.9533 2.00424e-14 1.10852e-09 
13.4922 19.2587 1.68129e-14 7.08279e-10 
13.4903 19.5253 3.31319e-14 7.17981e-10 
13.4968 19.7333 2.75523e-14 4.32587e-10 
13.4969 19.8791 6.54817e-14 7.54109e-10 
14.1891 0.0164129 3.15589e-09 0.000527554 
14.1831 0.086378 3.70118e-09 0.000529204 
14.1931 0.211851 9.34752e-09 0.000532076 
14.1823 0.39181 2.2124e-08 0.000535135 
14.1941 0.6263 1.69849e-08 0.000537609 
14.1892 0.91264 8.23971e-09 0.000539529 
14.1879 1.25039 1.30495e-08 0.000540576 
14.1886 1.63711 1.46141e-08 0.000542275 
14.1858 2.06969 1.32855e-08 0.00054428 
14.1806 2.54634 1.29872e-08 0.000545278 
14.1886 3.06746 1.22011e-08 0.000523703 
14.1919 3.62657 8.584e-09 0.000421115 
14.1906 4.22039 4.42647e-09 0.000269455 
14.194 4.84767 1.90729e-09 0.000146709 
14.1915 5.5031 7.38524e-10 7.26158e-05 
14.1938 6.18162 2.67952e-10 3.40902e-05 
14.191 6.88041 9.32087e-11 1.54611e-05 
14.1923 7.60401 3.13115e-11 6.92199e-06 
14.1877 8.33196 1.04385e-11 3.0742e-06 
14.1918 9.07411 3.37818e-12 1.38052e-06 
14.1848 9.82706 1.13869e-12 6.26086e-07 
14.1892 10.5738 3.82573e-13 2.91359e-07 
14.1909 11.3161 1.5309e-13 1.39609e-07 
14.1905 12.0536 7.68054e-14 7.06901e-08 
14.1902 12.7901 4.04958e-14 3.67358e-08 
14.1888 13.501 3.2199e-14 2.16048e-08 
14.1815 14.1895 1.66784e-14 1.32383e-08 
14.186 14.8557 1.67831e-14 8.64069e-09 
14.1895 15.4895 1.0998e-14 5.92041e-09 
14.1861 16.113 1.44781e-14 4.47325e-09 
14.1841 16.6783 8.42617e-15 3.24391e-09 
14.1923 17.2281 9.22564e-15 2.39266e-09 
14.185 17.7226 5.51786e-15 1.60377e-09 
14.1893 18.1733 7.74416e-15 1.26768e-09 
14.1929 18.5963 4.74468e-15 7.92825e-10 
14.1812 18.9511 8.93952e-15 7.38863e-10 
14.1914 19.265 7.57592e-15 4.82814e-10 
14.1886 19.514 1.32297e-14 4.88288e-10 
14.1811 19.7342 1.18227e-14 3.08498e-10 
14.1885 19.8761 2.92245e-14 5.44813e-10 
14.8509 0.0164051 1.59762e-08 0.000382577 
14.8546 0.086323 1.30371e-08 0.000382794 
14.8503 0.211775 6.19779e-09 0.000383333 
14.849 0.391862 1.3459e-09 0.000384709 
14.8498 0.625738 2.63161e-09 0.00038659 
14.8498 0.912183 7.68335e-09 0.000388749 
14.863 1.25044 4.74082e-09 0.000391723 
14.8562 1.63633 4.08704e-09 0.000393957 
14.8565 2.06969 4.85536e-09 0.000395468 
14.8571 2.5463 4.99669e-09 0.00039565 
14.855 3.06605 4.56615e-09 0.000378354 
14.855 3.62571 3.46471e-09 0.000301985 
14.8515 4.22037 2.07077e-09 0.000191334 
14.8556 4.84715 9.97352e-10 0.000103025 
14.863 5.50322 4.15929e-10 5.03212e-05 
14.8545 6.17847 1.58896e-10 2.32348e-05 
14.8537 6.88003 5.72792e-11 1.0343e-05 
14.862 7.60313 2.02013e-11 4.53288e-06 
14.8556 8.33235 6.86086e-12 1.96933e-06 
14.8589 9.07969 2.37283e-12 8.67216e-07 
14.8484 9.82193 7.86074e-13 3.84004e-07 
14.8576 10.575 2.98975e-13 1.75883e-07 
14.8544 11.3229 1.15447e-13 8.2857e-08 
14.8587 12.055 5.55494e-14 4.21263e-08 
14.8501 12.7814 3.60439e-14 2.25973e-08 
14.8567 13.498 1.9891e-14 1.37018e-08 
14.8498 14.1807 1.67831e-14 8.64069e-09 
14.8557 14.8624 1.55831e-14 6.32824e-09 
14.8535 15.496 1.7566e-14 4.75663e-09 
14.8588 16.102 1.44246e-14 3.99354e-09 
14.8506 16.6784 1.20116e-14 2.9265e-09 
14.8611 17.2281 9.96613e-15 2.31442e-09 
14.8519 17.7166 7.735e-15 1.67547e-09 
14.8547 18.1848 7.40795e-15 1.37561e-09 
14.8551 18.5973 5.63972e-15 9.39102e-10 
14.8548 18.9514 6.52539e-15 8.06336e-10 
14.855 19.2654 4.20124e-15 4.90256e-10 
14.8556 19.5161 6.30014e-15 4.33922e-10 
14.8495 19.7303 4.63991e-15 2.60885e-10 
14.8597 19.8782 1.32444e-14 4.46644e-10 
15.4915 0.0164049 7.52958e-10 0.000258997 
15.4994 0.0863234 2.89616e-10 0.000260317 
15.5006 0.211756 1.04796e-09 0.000262637 
15.4986 0.392135 5.25171e-09 0.000265261 
15.5008 0.625904 3.45719e-09 0.000267682 
15.4915 0.91276 7.35525e-10 0.000269899 
15.4926 1.24955 1.92809e-09 0.000271571 
15.4941 1.63664 2.44836e-09 0.00027327 
15.4948 2.07012 2.04043e-09 0.000274573 
15.5021 2.54731 1.97096e-09 0.000274613 
15.4962 3.06716 1.94253e-09 0.000262108 
15.4924 3.62422 1.46559e-09 0.000208212 
15.5005 4.22116 8.3703e-10 0.000130817 
15.4956 4.84592 4.07955e-10 6.96253e-05 
15.5041 5.49984 1.76644e-10 3.34985e-05 
15.4967 6.1811 6.99644e-11 1.51986e-05 
15.4976 6.88445 2.59418e-11 6.63122e-06 
15.4928 7.60635 9.08495e-12 2.8419e-06 
15.4899 8.33421 3.11228e-12 1.20579e-06 
15.4941 9.07478 1.02653e-12 5.1622e-07 
15.501 9.82637 3.56378e-13 2.22989e-07 
15.4973 10.5771 1.36447e-13 1.00234e-07 
15.4963 11.3196 5.88194e-14 4.64526e-08 
15.5016 12.0626 3.4404e-14 2.38089e-08 
15.5043 12.789 1.43086e-14 1.31877e-08 
15.496 13.4933 1.44464e-14 8.37071e-09 
15.4988 14.1924 1.0998e-14 5.92041e-09 
15.5041 14.8495 1.7566e-14 4.75663e-09 
15.5039 15.491 1.28196e-14 4.02098e-09 
15.4993 16.1064 1.7494e-14 3.48783e-09 
15.5021 16.6787 1.08789e-14 2.7378e-09 
15.4991 17.2266 1.09392e-14 2.14611e-09 
15.5002 17.7158 6.87781e-15 1.52064e-09 
15.5011 18.1857 6.65634e-15 1.22738e-09 
15.4957 18.5954 5.28799e-15 9.14957e-10 
15.4954 18.9469 4.29851e-15 6.9886e-10 
15.5023 19.2708 2.56847e-15 3.75274e-10 
15.504 19.5306 2.83933e-15 3.34222e-10 
15.4899 19.737 3.20529e-15 1.91591e-10 
15.4962 19.8836 8.44909e-15 3.20012e-10 
16.1158 0.0164041 5.73899e-09 0.000187817 
16.1018 0.0863854 4.20963e-09 0.000188067 
16.1005 0.211794 1.35198e-09 0.000188725 
16.1071 0.391945 1.15309e-10 0.000189934 
16.1121 0.626198 2.05303e-10 0.000191425 
16.1147 0.912241 1.70154e-09 0.000193136 
16.1064 1.25058 7.78645e-10 0.000195311 
16.1119 1.6371 5.50991e-10 0.000196957 
16.1024 2.07062 7.70487e-10 0.000197828 
16.1108 2.54712 8.28948e-10 0.00019761 
16.1097 3.0665 7.89304e-10 0.000187878 
16.1114 3.62521 6.99726e-10 0.000147851 
16.1078 4.21943 5.14679e-10 9.16702e-05 
16.1061 4.84327 2.94009e-10 4.79965e-05 
16.103 5.50251 1.4049e-10 2.26659e-05 
16.1139 6.18283 6.04089e-11 1.00762e-05 
16.1135 6.88095 2.43597e-11 4.30282e-06 
16.1116 7.60592 9.52711e-12 1.80693e-06 
16.1076 8.33224 3.60086e-12 7.46313e-07 
16.1003 9.08051 1.37336e-12 3.12111e-07 
16.1001 9.82456 4.99987e-13 1.32206e-07 
16.1042 10.5702 1.95009e-13 6.04087e-08 
16.1065 11.321 8.15413e-14 2.85396e-08 
16.1022 12.052 3.95534e-14 1.5683e-08 
16.1036 12.7809 2.35198e-14 9.29913e-09 
16.101 13.4903 1.61035e-14 6.30471e-09 
16.1008 14.1939 1.44781e-14 4.47325e-09 
16.1003 14.8587 1.44246e-14 3.99354e-09 
16.1148 15.4922 1.7494e-14 3.48783e-09 
16.1126 16.1033 1.54279e-14 3.41235e-09 
16.1008 16.6801 1.24983e-14 2.55014e-09 
16.1116 17.224 8.83236e-15 2.07671e-09 
16.1149 17.7305 7.32315e-15 1.53205e-09 
16.1115 18.1712 4.95651e-15 1.19749e-09 
16.1088 18.5856 3.58808e-15 7.75547e-10 
16.1032 18.9493 2.93909e-15 6.42352e-10 
16.1095 19.2629 1.80706e-15 3.82074e-10 
16.1022 19.5242 2.28673e-15 3.66496e-10 
16.1098 19.7306 1.24763e-15 2.07874e-10 
16.1026 19.8803 3.53459e-15 3.33693e-10 
16.6845 0.0164053 6.02268e-10 0.00012366 
16.68 0.0863151 2.30337e-10 0.000124367 
16.6775 0.211673 1.25298e-10 0.000125619 
16.6854 0.392104 1.58858e-09 0.000127075 
16.6769 0.625924 9.10535e-10 0.00012852 
16.6888 0.912593 4.30222e-11 0.000129989 
16.6856 1.24953 3.04327e-10 0.00013117 
16.6817 1.63607 4.91811e-10 0.000132272 
16.6894 2.07055 3.68074e-10 0.000133017 
16.6835 2.54636 3.5235e-10 0.000132843 
16.6813 3.06716 3.85735e-10 0.000126046 
16.6833 3.62638 3.42989e-10 9.85946e-05 
16.6773 4.22098 2.38414e-10 6.03867e-05 
16.6872 4.84556 1.35086e-10 3.10715e-05 
16.6823 5.50118 6.29378e-11 1.43783e-05 
16.6832 6.18033 2.515e-11 6.25052e-06 
16.6912 6.88617 9.042e-12 2.60872e-06 
16.6908 7.60096 3.0142e-12 1.06848e-06 
16.6827 8.33212 9.87393e-13 4.29925e-07 
16.6826 9.07824 3.26862e-13 1.74696e-07 
16.687 9.82897 1.17389e-13 7.27767e-08 
16.6805 10.5719 5.05081e-14 3.34242e-08 
16.692 11.3181 2.5614e-14 1.65055e-08 
16.687 12.0522 1.93345e-14 9.97329e-09 
16.678 12.7835 1.41404e-14 6.58401e-09 
16.6909 13.5004 1.13678e-14 4.61602e-09 
16.6794 14.1912 8.42617e-15 3.24391e-09 
16.687 14.8581 1.20116e-14 2.9265e-09 
16.6828 15.4903 1.08789e-14 2.7378e-09 
16.6774 16.107 1.24983e-14 2.55014e-09 
16.6904 16.6779 9.55875e-15 2.11547e-09 
16.6804 17.2217 9.8552e-15 1.97286e-09 
16.6848 17.7198 7.55002e-15 1.45201e-09 
16.6884 18.1694 5.11389e-15 1.10398e-09 
16.6839 18.5816 3.83585e-15 7.56724e-10 
16.6889 18.9418 2.97842e-15 6.05221e-10 
16.6829 19.2579 1.84471e-15 3.28701e-10 
16.6923 19.5313 2.02117e-15 3.18536e-10 
16.6893 19.7272 1.82248e-15 1.59766e-10 
16.6876 19.8826 3.50447e-15 2.66491e-10 
17.217 0.0164039 3.22202e-09 8.87671e-05 
17.2216 0.0863538 2.02812e-09 8.88164e-05 
17.2311 0.211681 4.26894e-10 8.90848e-05 
17.2298 0.392123 1.03554e-10 8.9729e-05 
17.2291 0.625896 2.52051e-11 9.0629e-05 
17.2185 0.912153 4.14367e-10 9.17196e-05 
17.2225 1.24994 1.51285e-10 9.29955e-05 
17.2225 1.63631 7.40481e-11 9.40136e-05 
17.2165 2.06915 1.32442e-10 9.45293e-05 
17.2287 2.54849 1.55588e-10 9.42302e-05 
17.2315 3.06546 1.68254e-10 8.89277e-05 
17.2191 3.62491 2.04562e-10 6.86285e-05 
17.2307 4.21864 2.03395e-10 4.11714e-05 
17.2311 4.8443 1.4641e-10 2.06814e-05 
17.2317 5.49846 8.54707e-11 9.33162e-06 
17.2174 6.17998 4.41825e-11 3.95517e-06 
17.2208 6.88483 2.08463e-11 1.61189e-06 
17.2284 7.60019 9.22253e-12 6.45586e-07 
17.2169 8.33364 3.81731e-12 2.54665e-07 
17.228 9.07395 1.53816e-12 1.02062e-07 
17.2286 9.82079 5.93491e-13 4.27423e-08 
17.2163 10.5716 2.36228e-13 2.05812e-08 
17.2303 11.3159 9.11989e-14 1.10831e-08 
17.2281 12.0531 4.44975e-14 7.64486e-09 
17.2225 12.7792 2.30801e-14 5.3702e-09 
17.2216 13.4921 1.4852e-14 3.7845e-09 
17.2216 14.1885 9.22564e-15 2.39266e-09 
17.2296 14.8537 9.96613e-15 2.31442e-09 
17.2282 15.4967 1.09392e-14 2.14611e-09 
17.231 16.1034 8.83236e-15 2.07671e-09 
17.2156 16.6763 9.8552e-15 1.97286e-09 
17.2187 17.2166 1.13901e-14 2.07387e-09 
17.2295 17.7312 1.03367e-14 1.69163e-09 
17.23 18.183 9.40107e-15 1.51232e-09 
17.2176 18.5828 6.23735e-15 1.00773e-09 
17.2238 18.9522 4.71587e-15 7.39977e-10 
17.2177 19.2719 2.76379e-15 4.10454e-10 
17.224 19.5298 2.30664e-15 3.32219e-10 
17.2159 19.7328 1.09548e-15 1.6265e-10 
17.2294 19.8852 2.23171e-15 2.0725e-10 
17.7257 0.0164089 1.1282e-10 5.55829e-05 
17.723 0.0863755 5.52032e-11 5.58681e-05 
17.725 0.211801 4.16506e-11 5.6365e-05 
17.73 0.392003 4.87932e-10 5.70179e-05 
17.7193 0.626132 2.3556e-10 5.77727e-05 
17.7278 0.912258 9.33569e-12 5.86003e-05 
17.7228 1.24976 3.90273e-11 5.93086e-05 
17.7279 1.63698 1.0249e-10 5.99103e-05 
17.7216 2.07052 6.73455e-11 6.02807e-05 
17.7237 2.548 6.48439e-11 6.00861e-05 
17.7297 3.06658 8.71771e-11 5.65895e-05 
17.7184 3.62675 9.24647e-11 4.3233e-05 
17.7265 4.21951 6.93942e-11 2.54398e-05 
17.7168 4.8456 3.6832e-11 1.24668e-05 
17.7205 5.50267 1.50127e-11 5.47533e-06 
17.7276 6.18221 5.68575e-12 2.26721e-06 
17.7273 6.88095 2.37465e-12 9.04143e-07 
17.7265 7.60631 1.12091e-12 3.53376e-07 
17.7224 8.33503 5.18727e-13 1.36471e-07 
17.7288 9.08243 2.49969e-13 5.35549e-08 
17.7267 9.82946 1.05595e-13 2.2242e-08 
17.7167 10.5706 5.18742e-14 1.15859e-08 
17.7206 11.3241 2.48126e-14 6.84239e-09 
17.7178 12.0526 1.78435e-14 5.1431e-09 
17.7237 12.784 1.40092e-14 3.82232e-09 
17.7235 13.4923 7.31183e-15 2.41311e-09 
17.7263 14.1806 5.51786e-15 1.60377e-09 
17.7171 14.8595 7.735e-15 1.67547e-09 
17.7231 15.4931 6.87781e-15 1.52064e-09 
17.7274 16.1013 7.32315e-15 1.53205e-09 
17.7273 16.6899 7.55002e-15 1.45201e-09 
17.7171 17.2151 1.03367e-14 1.69163e-09 
17.724 17.7208 1.08614e-14 1.53094e-09 
17.7239 18.1808 1.05192e-14 1.50984e-09 
17.7153 18.583 7.13382e-15 9.88546e-10 
17.7217 18.9558 5.18045e-15 7.48598e-10 
17.7217 19.2626 3.23025e-15 4.28037e-10 
17.7246 19.5271 2.10534e-15 3.23265e-10 
17.727 19.7255 1.07217e-15 1.56124e-10 
17.7191 19.8946 2.46864e-15 1.96539e-10 
18.1847 0.0164123 4.26689e-09 3.91352e-05 
18.1744 0.0863919 2.08752e-09 3.90773e-05 
18.1854 0.211786 2.21939e-10 3.90806e-05 
18.1764 0.391861 1.87646e-10 3.92957e-05 
18.1868 0.625866 1.08401e-10 3.97277e-05 
18.1692 0.912728 7.82907e-11 4.03099e-05 
18.1744 1.24953 3.18399e-11 4.09879e-05 
18.18 1.63683 7.66688e-12 4.15311e-05 
18.1809 2.0697 1.72217e-11 4.17726e-05 
18.1863 2.54818 2.61645e-11 4.15733e-05 
18.1753 3.06733 4.61476e-11 3.88499e-05 
18.1795 3.62675 1.15501e-10 2.90302e-05 
18.1839 4.22058 1.78876e-10 1.65675e-05 
18.1775 4.84427 1.76027e-10 7.87127e-06 
18.1827 5.49923 1.28671e-10 3.36539e-06 
18.1735 6.17959 7.62697e-11 1.36328e-06 
18.1783 6.88332 3.86125e-11 5.32016e-07 
18.1738 7.59968 1.74875e-11 2.04659e-07 
18.1817 8.33769 7.2648e-12 7.80614e-08 
18.1754 9.07965 2.88051e-12 3.06754e-08 
18.1872 9.82081 1.09185e-12 1.36764e-08 
18.1766 10.575 4.07452e-13 7.82232e-09 
18.1835 11.3184 1.49549e-13 5.12744e-09 
18.1824 12.0619 6.58504e-14 4.26341e-09 
18.1836 12.7856 2.79891e-14 2.92691e-09 
18.1709 13.5001 1.41567e-14 1.88329e-09 
18.1705 14.185 7.74416e-15 1.26768e-09 
18.1727 14.857 7.40795e-15 1.37561e-09 
18.1705 15.4935 6.65634e-15 1.22738e-09 
18.1776 16.1095 4.95651e-15 1.19749e-09 
18.1816 16.6859 5.11389e-15 1.10398e-09 
18.1796 17.215 9.40107e-15 1.51232e-09 
18.1769 17.7276 1.05192e-14 1.50984e-09 
18.1716 18.1786 1.00727e-14 1.41493e-09 
18.1709 18.5849 8.26078e-15 1.09318e-09 
18.174 18.9488 6.81291e-15 8.88845e-10 
18.1812 19.2625 3.61244e-15 4.77185e-10 
18.1794 19.5267 2.75779e-15 3.68024e-10 
18.1793 19.7357 1.30212e-15 1.68265e-10 
18.1744 19.8788 1.78902e-15 1.88317e-10 
18.5922 0.0164141 1.21154e-09 2.26726e-05 
18.5817 0.0863472 4.39536e-10 2.26956e-05 
18.5819 0.211854 5.42716e-11 2.27555e-05 
18.5895 0.391813 4.60079e-11 2.29041e-05 
18.5942 0.625787 5.36846e-11 2.31814e-05 
18.5913 0.912441 2.46377e-11 2.35787e-05 
18.5851 1.24939 2.3551e-12 2.39535e-05 
18.5851 1.63654 1.02159e-11 2.42554e-05 
18.5958 2.06892 5.53348e-12 2.44293e-05 
18.593 2.54717 7.72391e-12 2.43015e-05 
18.5828 3.06566 1.45853e-11 2.26023e-05 
18.5838 3.62423 1.74875e-11 1.66079e-05 
18.5849 4.21872 2.55399e-11 9.21813e-06 
18.5821 4.84777 3.94555e-11 4.2581e-06 
18.5888 5.50233 4.15439e-11 1.77963e-06 
18.5828 6.18089 3.08696e-11 7.05143e-07 
18.5843 6.88501 1.78039e-11 2.69438e-07 
18.5946 7.59946 8.73969e-12 1.02381e-07 
18.5801 8.33956 3.80994e-12 3.86981e-08 
18.5792 9.07989 1.5715e-12 1.52258e-08 
18.582 9.82954 6.07869e-13 6.99332e-09 
18.5826 10.5705 2.33297e-13 4.33536e-09 
18.5915 11.3192 8.61891e-14 3.04926e-09 
18.5795 12.0592 3.97285e-14 2.66038e-09 
18.5863 12.7799 1.84943e-14 1.88504e-09 
18.5949 13.4935 8.90007e-15 1.23127e-09 
18.5918 14.189 4.74468e-15 7.92825e-10 
18.5893 14.8549 5.63972e-15 9.39102e-10 
18.5976 15.4969 5.28799e-15 9.14957e-10 
18.5899 16.1076 3.58808e-15 7.75547e-10 
18.5902 16.6868 3.83585e-15 7.56724e-10 
18.5929 17.2293 6.23735e-15 1.00773e-09 
18.582 17.7224 7.13382e-15 9.88546e-10 
18.5973 18.1785 8.26078e-15 1.09318e-09 
18.5936 18.5958 7.93832e-15 9.44478e-10 
18.5858 18.9553 6.6039e-15 8.01664e-10 
18.586 19.2615 3.73093e-15 4.43174e-10 
18.5816 19.5327 2.1202e-15 2.86557e-10 
18.597 19.7402 8.57596e-16 1.17751e-10 
18.5931 19.8857 1.1634e-15 1.45122e-10 
18.946 0.016402 1.30732e-08 1.57283e-05 
18.9536 0.0863843 5.21425e-09 1.55231e-05 
18.9453 0.211675 1.44786e-10 1.52854e-05 
18.9458 0.391812 9.65433e-10 1.52041e-05 
18.9581 0.626216 5.19551e-10 1.53105e-05 
18.9541 0.912238 2.00562e-11 1.55725e-05 
18.9565 1.25 1.24392e-11 1.59324e-05 
18.9516 1.63663 1.57079e-11 1.62205e-05 
18.955 2.06988 1.9601e-11 1.63356e-05 
18.9487 2.54698 1.41212e-11 1.61897e-05 
18.9518 3.06711 6.58427e-11 1.48615e-05 
18.9482 3.62421 2.91975e-10 1.05826e-05 
18.9414 4.21899 5.37602e-10 5.66392e-06 
18.9439 4.84656 5.52488e-10 2.54316e-06 
18.9562 5.5014 3.90784e-10 1.04175e-06 
18.9475 6.18003 2.17151e-10 4.06738e-07 
18.9529 6.88052 1.02694e-10 1.54173e-07 
18.9474 7.60386 4.37028e-11 5.92519e-08 
18.9414 8.33464 1.72763e-11 2.2798e-08 
18.9536 9.08047 6.55405e-12 9.63846e-09 
18.9572 9.8239 2.40165e-12 4.62976e-09 
18.9445 10.5763 8.73326e-13 3.2899e-09 
18.9484 11.322 3.11184e-13 2.50308e-09 
18.9529 12.062 1.20176e-13 2.24413e-09 
18.9576 12.7863 4.58957e-14 1.56684e-09 
18.9582 13.5021 2.00424e-14 1.10852e-09 
18.9426 14.1888 8.93952e-15 7.38863e-10 
18.9557 14.8621 6.52539e-15 8.06336e-10 
18.943 15.5039 4.29851e-15 6.9886e-10 
18.9418 16.1093 2.93909e-15 6.42352e-10 
18.9472 16.6834 2.97842e-15 6.05221e-10 
18.9451 17.2256 4.71587e-15 7.39977e-10 
18.948 17.7136 5.18045e-15 7.48598e-10 
18.96 18.1805 6.81291e-15 8.88845e-10 
18.9478 18.5882 6.6039e-15 8.01664e-10 
18.9471 18.9485 6.25571e-15 7.42796e-10 
18.952 19.2621 3.56765e-15 4.26942e-10 
18.9588 19.5181 2.94987e-15 3.52199e-10 
18.9588 19.7275 1.20529e-15 1.50206e-10 
18.947 19.8818 1.85776e-15 1.75701e-10 
19.262 0.0164106 1.2581e-08 8.16554e-06 
19.2712 0.0863838 4.58383e-09 7.98135e-06 
19.2554 0.211719 4.41068e-11 7.78077e-06 
19.2725 0.391898 1.05584e-09 7.68676e-06 
19.2675 0.626083 4.80723e-10 7.70526e-06 
19.2556 0.912916 1.10648e-11 7.84443e-06 
19.2626 1.24993 6.53701e-12 8.05312e-06 
19.2618 1.63622 2.06057e-11 8.21229e-06 
19.2596 2.06929 2.48348e-11 8.27645e-06 
19.2562 2.54767 1.23141e-11 8.18425e-06 
19.2643 3.06549 6.10989e-11 7.452e-06 
19.2616 3.62329 2.75529e-10 5.1816e-06 
19.2709 4.21746 5.10415e-10 2.69588e-06 
19.2609 4.84361 5.22573e-10 1.18577e-06 
19.2629 5.50271 3.6382e-10 4.7881e-07 
19.255 6.18423 1.9862e-10 1.85464e-07 
19.2544 6.88297 9.23219e-11 7.03524e-08 
19.2627 7.60576 3.88147e-11 2.71936e-08 
19.256 8.33338 1.51813e-11 1.07243e-08 
19.2555 9.07688 5.72884e-12 4.69644e-09 
19.2617 9.82995 2.07367e-12 2.40966e-09 
19.2615 10.5729 7.55846e-13 1.82218e-09 
19.2588 11.3173 2.65867e-13 1.47566e-09 
19.2606 12.0601 1.01656e-13 1.31558e-09 
19.2667 12.7805 3.77753e-14 9.35153e-10 
19.2647 13.4927 1.68129e-14 7.08279e-10 
19.2605 14.1851 7.57592e-15 4.82814e-10 
19.2652 14.8606 4.20124e-15 4.90256e-10 
19.258 15.5044 2.56847e-15 3.75274e-10 
19.257 16.101 1.80706e-15 3.82074e-10 
19.2679 16.6847 1.84471e-15 3.28701e-10 
19.2611 17.2312 2.76379e-15 4.10454e-10 
19.2544 17.7177 3.23025e-15 4.28037e-10 
19.2693 18.1802 3.61244e-15 4.77185e-10 
19.267 18.5848 3.73093e-15 4.43174e-10 
19.2619 18.9582 3.56765e-15 4.26942e-10 
19.2563 19.2586 2.79205e-15 2.94533e-10 
19.2594 19.5312 2.37773e-15 2.36511e-10 
19.2605 19.7239 1.25686e-15 1.0714e-10 
19.2659 19.8814 2.44764e-15 1.29501e-10 
19.5198 0.0164012 4.58479e-08 5.92025e-06 
19.5315 0.0863513 1.76586e-08 5.55951e-06 
19.5311 0.211787 6.89899e-11 5.17784e-06 
19.517 0.391959 6.5489e-09 4.98105e-06 
19.5164 0.625785 1.58946e-09 4.91844e-06 
19.5194 0.912605 2.28304e-10 5.02193e-06 
19.5279 1.25023 2.03562e-11 5.24241e-06 
19.5233 1.63562 1.63545e-10 5.39846e-06 
19.5153 2.06945 1.1478e-10 5.42475e-06 
19.5263 2.5462 9.12267e-11 5.32305e-06 
19.5193 3.06635 4.76722e-10 4.75808e-06 
19.5225 3.62423 1.61002e-09 3.19226e-06 
19.5246 4.21763 2.37844e-09 1.61536e-06 
19.5312 4.84463 2.02244e-09 7.04523e-07 
19.5301 5.50056 1.22717e-09 2.85505e-07 
19.5155 6.18287 6.06842e-10 1.13038e-07 
19.5184 6.8831 2.62923e-10 4.44675e-08 
19.5268 7.60628 1.04977e-10 1.86468e-08 
19.533 8.33191 3.9497e-11 8.21117e-09 
19.5224 9.07971 1.44438e-11 4.16204e-09 
19.5182 9.83017 5.10493e-12 2.47197e-09 
19.5159 10.5733 1.81552e-12 1.92048e-09 
19.5232 11.3249 6.35092e-13 1.55715e-09 
19.5219 12.0621 2.31634e-13 1.31838e-09 
19.5281 12.787 8.45429e-14 8.51625e-10 
19.5166 13.4996 3.31319e-14 7.17981e-10 
19.5159 14.1808 1.32297e-14 4.88288e-10 
19.5289 14.8587 6.30014e-15 4.33922e-10 
19.5228 15.4999 2.83933e-15 3.34222e-10 
19.5243 16.1017 2.28673e-15 3.66496e-10 
19.5269 16.6819 2.02117e-15 3.18536e-10 
19.5168 17.2229 2.30664e-15 3.32219e-10 
19.5315 17.7305 2.10534e-15 3.23265e-10 
19.5297 18.1759 2.75779e-15 3.68024e-10 
19.5148 18.581 2.1202e-15 2.86557e-10 
19.5283 18.9459 2.94987e-15 3.52199e-10 
19.5174 19.2602 2.37773e-15 2.36511e-10 
19.5158 19.5163 3.82786e-15 1.84639e-10 
19.5331 19.7329 5.09829e-15 8.04957e-11 
19.5317 19.8776 1.41041e-14 1.30759e-10 
19.7317 0.016413 4.55232e-08 2.63066e-06 
19.7235 0.0863919 1.79235e-08 2.36494e-06 
19.7235 0.211854 6.59584e-11 2.09657e-06 
19.723 0.39208 8.67114e-09 1.96744e-06 
19.7394 0.626189 1.33545e-09 1.90271e-06 
19.7302 0.912553 5.96623e-10 1.9431e-06 
19.7366 1.2502 2.18382e-11 2.07842e-06 
19.7238 1.63687 2.46486e-10 2.15359e-06 
19.7248 2.07024 1.48962e-10 2.15237e-06 
19.7392 2.54786 1.73199e-10 2.09953e-06 
19.7364 3.06597 7.29479e-10 1.85123e-06 
19.7406 3.62453 2.01068e-09 1.21667e-06 
19.7342 4.21895 2.62654e-09 6.09423e-07 
19.7268 4.84577 2.05638e-09 2.66426e-07 
19.7268 5.50069 1.1792e-09 1.09662e-07 
19.7287 6.18403 5.60907e-10 4.50887e-08 
19.7355 6.88477 2.36506e-10 1.87425e-08 
19.7297 7.6054 9.25307e-11 8.65248e-09 
19.7265 8.33178 3.42862e-11 4.24432e-09 
19.7351 9.08207 1.23719e-11 2.51226e-09 
19.7266 9.82771 4.34873e-12 1.52419e-09 
19.7341 10.5763 1.53616e-12 1.19084e-09 
19.7409 11.318 5.3354e-13 9.4782e-10 
19.7255 12.0596 1.9552e-13 7.73178e-10 
19.7238 12.79 7.05784e-14 4.89375e-10 
19.7368 13.4931 2.75523e-14 4.32587e-10 
19.7398 14.1809 1.18227e-14 3.08498e-10 
19.7364 14.8554 4.63991e-15 2.60885e-10 
19.7288 15.5009 3.20529e-15 1.91591e-10 
19.7365 16.1069 1.24763e-15 2.07874e-10 
19.7382 16.688 1.82248e-15 1.59766e-10 
19.7248 17.2214 1.09548e-15 1.6265e-10 
19.738 17.7202 1.07217e-15 1.56124e-10 
19.7408 18.18 1.30212e-15 1.68265e-10 
19.7349 18.5927 8.57596e-16 1.17751e-10 
19.7384 18.951 1.20529e-15 1.50206e-10 
19.7408 19.2621 1.25686e-15 1.0714e-10 
19.7375 19.5182 5.09829e-15 8.04957e-11 
19.7313 19.7333 9.14105e-15 4.45915e-11 
19.7257 19.8826 3.40059e-14 6.51094e-11 
19.8925 0.0164039 1.27608e-07 2.75766e-06 
19.8802 0.0863462 5.31968e-08 2.2578e-06 
19.8819 0.211731 3.27595e-10 1.7726e-06 
19.8907 0.391921 3.14111e-08 1.59075e-06 
19.8926 0.626336 2.65627e-09 1.46305e-06 
19.8931 0.912884 2.78249e-09 1.50974e-06 
19.8799 1.25041 1.28059e-10 1.70091e-06 
19.8874 1.63669 7.95389e-10 1.78013e-06 
19.8843 2.06902 5.08325e-10 1.76157e-06 
19.8762 2.54713 7.95353e-10 1.69451e-06 
19.8769 3.06619 3.01677e-09 1.46317e-06 
19.8919 3.62534 7.05918e-09 9.45545e-07 
19.8944 4.22088 8.17352e-09 4.78189e-07 
19.8845 4.84658 5.87567e-09 2.16551e-07 
19.8863 5.50143 3.17366e-09 9.49295e-08 
19.8827 6.18153 1.44784e-09 4.27957e-08 
19.8894 6.88526 5.92199e-10 2.06754e-08 
19.8853 7.60211 2.26503e-10 1.15896e-08 
19.8858 8.33896 8.25075e-11 6.72581e-09 
19.8786 9.08216 2.93625e-11 4.46208e-09 
19.8791 9.82121 1.02099e-11 2.97328e-09 
19.8847 10.5785 3.5687e-12 2.29513e-09 
19.879 11.3241 1.24314e-12 1.68629e-09 
19.8792 12.0563 4.48528e-13 1.33514e-09 
19.885 12.7903 1.67118e-13 8.36578e-10 
19.8905 13.4936 6.54817e-14 7.54109e-10 
19.893 14.1814 2.92245e-14 5.44813e-10 
19.8924 14.8573 1.32444e-14 4.46644e-10 
19.8854 15.4917 8.44909e-15 3.20012e-10 
19.8821 16.1052 3.53459e-15 3.33693e-10 
19.8869 16.6853 3.50447e-15 2.66491e-10 
19.878 17.2158 2.23171e-15 2.0725e-10 
19.8804 17.7182 2.46864e-15 1.96539e-10 
19.8814 18.1779 1.78902e-15 1.88317e-10 
19.877 18.5975 1.1634e-15 1.45122e-10 
19.8848 18.9558 1.85776e-15 1.75701e-10 
19.8833 19.2665 2.44764e-15 1.29501e-10 
19.8776 19.5248 1.41041e-14 1.30759e-10 
19.8802 19.7231 3.40059e-14 6.51094e-11 
19.8806 19.884 1.37013e-13 9.63278e-11 
