       -0.9955569698        0.5440178096
       -0.9766639215        0.5414702560
       -0.9429745712        0.5370614419
       -0.8949919979        0.5310753437
       -0.8334426288        0.5238942370
       -0.7592592630        0.5159697919
       -0.6735663685        0.5077914467
       -0.5776629302        0.4998543027
       -0.4730027314        0.4926290090
       -0.3611723058        0.4865354683
       -0.2438668837        0.4819214196
       -0.1228646926        0.4790462458
     6.123233996e-17        0.4780698540
        0.1228646926        0.4790462458
        0.2438668837        0.4819214196
        0.3611723058        0.4865354683
        0.4730027314        0.4926290090
        0.5776629302        0.4998543027
        0.6735663685        0.5077914467
        0.7592592630        0.5159697919
        0.8334426288        0.5238942370
        0.8949919979        0.5310753437
        0.9429745712        0.5370614419
        0.9766639215        0.5414702560
        0.9955569698        0.5440178096
