        -1.000000000       0.02481265890
       -0.9800000000       0.05473514711
       -0.9600000000       0.07425837812
       -0.9400000000       0.03754811866
       -0.9200000000       0.06071176081
       -0.9000000000       0.08091271770
       -0.8800000000       0.06933206413
       -0.8600000000       0.02868064814
       -0.8400000000       0.06362991726
       -0.8200000000       0.09019328988
       -0.8000000000       0.05652034548
       -0.7800000000       0.04622176015
       -0.7600000000       0.05698135537
       -0.7400000000        0.1085200777
       -0.7200000000       0.08083640572
       -0.7000000000       0.05635492580
       -0.6800000000       0.07106296490
       -0.6600000000       0.02622240100
       -0.6400000000        0.1393233721
       -0.6200000000        0.1002530120
       -0.6000000000       0.04498802234
       -0.5800000000       0.08895459806
       -0.5600000000       0.05181435925
       -0.5400000000       0.04701083585
       -0.5200000000        0.1696218491
       -0.5000000000        0.1041067337
       -0.4800000000       0.06618515282
       -0.4600000000        0.1198637564
       -0.4400000000       0.03848888487
       -0.4200000000       0.08332974605
       -0.4000000000       0.09287001253
       -0.3800000000        0.1729920187
       -0.3600000000        0.1541771134
       -0.3400000000        0.1141093879
       -0.3200000000       0.05495221239
       -0.3000000000        0.1328611335
       -0.2800000000       0.05543264079
       -0.2600000000        0.1150429401
       -0.2400000000        0.3032877635
       -0.2200000000       0.09461371358
       -0.2000000000        0.1562085993
       -0.1800000000        0.1045953847
       -0.1600000000        0.1065389162
       -0.1400000000       0.09024353947
       -0.1200000000        0.1228247560
       -0.1000000000        0.3909581484
      -0.08000000000        0.1418505151
      -0.06000000000        0.2160726073
      -0.04000000000        0.1499959606
      -0.02000000000        0.1094450752
         0.000000000        0.1782961519
       0.02000000000       0.09091183243
       0.04000000000        0.3944818295
       0.06000000000        0.3266727261
       0.08000000000        0.2943984849
        0.1000000000        0.1789745129
        0.1200000000        0.1322150497
        0.1400000000        0.2575102434
        0.1600000000       0.09319625602
        0.1800000000        0.5777301479
        0.2000000000        0.3430394364
        0.2200000000        0.3354065730
        0.2400000000        0.3148956663
        0.2600000000        0.2628533471
        0.2800000000        0.2183727084
        0.3000000000        0.1949213052
        0.3200000000        0.6921923144
        0.3400000000        0.5714882117
        0.3600000000        0.4452128851
        0.3800000000        0.3597138571
        0.4000000000        0.3245772879
        0.4200000000        0.3679422504
        0.4400000000        0.2870437951
        0.4600000000         1.008736679
        0.4800000000        0.5876169083
        0.5000000000        0.6160768582
        0.5200000000        0.5781131868
        0.5400000000        0.4574139507
        0.5600000000        0.3787232563
        0.5800000000         1.100019307
        0.6000000000        0.9818561624
        0.6200000000        0.7327553894
        0.6400000000        0.9077913485
        0.6600000000        0.5534481284
        0.6800000000        0.5276319923
        0.7000000000         1.614294594
        0.7200000000         1.210773655
        0.7400000000         1.330398265
        0.7600000000        0.6476951717
        0.7800000000        0.7844604673
        0.8000000000         2.200003252
        0.8200000000         1.593417057
        0.8400000000         1.221738305
        0.8600000000         1.250110906
        0.8800000000         2.639452904
        0.9000000000         2.105149285
        0.9200000000         1.503585203
        0.9400000000         3.102795342
        0.9600000000         2.510558978
        0.9800000000         4.099997477
         1.000000000         1.492791397
