       -0.9937521706         4.305212604
       -0.9672268386         3.398722398
       -0.9200993342         2.224520221
       -0.8533633646         1.210700173
       -0.7684399635        0.5508036763
       -0.6671388042        0.2111079044
       -0.5516188359       0.06883448668
       -0.4243421202       0.01929307253
       -0.2880213168      0.004706043681
       -0.1455618542      0.001053177029
     6.123233996e-17     0.0004044827697
        0.1455618542      0.001053177029
        0.2880213168      0.004706043681
        0.4243421202       0.01929307253
        0.5516188359       0.06883448668
        0.6671388042        0.2111079044
        0.7684399635        0.5508036763
        0.8533633646         1.210700173
        0.9200993342         2.224520221
        0.9672268386         3.398722398
        0.9937521706         4.305212604
