-1.37e-15   1.48e-13 -1.25e-13 -1.34e-13 4.49e-14 4.49e-14 -2.59e-14 1.91e-13 1.03e-13 1.03e-13 -5.77e-14 -1 1.39e-12 -1.15e-13 8.58e-13 1.46e-13 -1.31e-13 2.84e-14 -2.24e-13 -3.89e-14 1.45e-12 3.24e-13 3.12e-13 4.89e-14 -1.54e-12 -4.63e-14 -4.63e-14 2.51e-14 -1.04e-13 -5.11e-13 
0.000573   4.8e-15 3.3e-16 -1.11e-14 4.05e-14 -3.31e-14 -5.05e-16 -1.88e-14 -1.47e-13 1.43e-13 8.42e-16 4.19e-13 0.727 -4.19e-13 -0.687 -6.85e-13 -1.89e-13 7.46e-13 7.13e-15 -7.83e-14 -5.74e-14 -6.56e-13 6e-13 -1.1e-16 -7.42e-14 4.44e-13 -4.25e-13 9.05e-16 4.76e-16 -1.67e-14 
0.000573   1.69e-13 1.16e-14 -3.94e-13 1.29e-13 1.31e-13 -1.79e-14 -6.64e-13 -7.34e-14 -8.16e-14 2.98e-14 1.58e-12 0.687 -9.66e-14 0.727 -1.66e-12 2.21e-13 -1.3e-13 1.58e-13 1.23e-13 -2.79e-12 -9.1e-13 -9.19e-13 -2.54e-13 -2.63e-12 3.28e-13 3.53e-13 3.19e-14 1.63e-14 -5.91e-13 
0.00115   4.01e-13 -4.01e-14 0.00871 -5.59e-14 -5.47e-14 -7.21e-14 0.00618 -2.14e-14 -1.88e-14 1.91e-14 1.83e-12 -1.49e-12 -1.74e-14 -1.33e-12 -0.167 2.11e-13 -1.13e-13 1.99e-13 8.34e-15 0.276 -1.9e-13 -2.33e-13 1.61e-13 -0.947 2.83e-13 1.93e-13 -2.01e-13 3.09e-13 -1.56e-12 
0.00115   1.6e-13 -1.65e-13 -0.346 -2.51e-13 -2.34e-13 -3.13e-13 0.23 1.55e-16 5.09e-14 -1.18e-14 5.39e-13 9.68e-13 6.13e-13 1.48e-12 -0.543 5.06e-13 3.02e-13 4.77e-13 -3.48e-14 0.67 2.01e-13 2.2e-13 5.49e-13 0.289 -5.59e-13 -5.62e-13 -5.59e-13 -4.86e-14 1.84e-13 
0.00115   3.88e-13 -3.26e-13 -0.709 -3.45e-13 -3e-13 -7.46e-14 0.57 -1.79e-13 -4.38e-14 -1.74e-13 -3.69e-14 -4.86e-13 -4.46e-13 -6.87e-13 0.212 2.69e-14 -3.25e-13 4.09e-14 -6.74e-15 -0.331 5.64e-14 5.03e-14 -2.02e-13 -0.137 3.32e-13 3.35e-13 3.5e-13 6.17e-15 1.68e-13 
0.00115   5.71e-14 3.8e-14 -0.0456 3.19e-13 3.02e-13 1.75e-13 -0.124 -4.11e-15 -4.64e-14 5.04e-14 -9.5e-13 -2.61e-12 -1.57e-13 -1.92e-12 -0.786 -2.01e-14 -6.12e-13 4.83e-15 -6.14e-14 -0.602 9.59e-13 1.02e-12 5.71e-13 -0.0381 9.9e-13 1.01e-12 2.01e-13 -3.01e-14 -1.68e-13 
0.00115   -1.6e-13 -3.66e-15 0.613 -4.5e-13 -3.34e-13 -2.48e-13 0.779 5.02e-15 2.92e-13 -2.02e-13 -5.36e-14 2.68e-13 2.56e-13 3.73e-13 -0.118 9.62e-14 1.88e-13 9.82e-14 1.74e-14 -0.0537 1.25e-13 1.33e-13 1.21e-13 0.016 1.52e-13 1.55e-13 7.01e-14 -3.84e-14 -1.81e-13 
0.00191   4.22e-14 1.48e-13 2.14e-13 6.98e-14 3.68e-13 -4.26e-14 8.46e-14 -5.64e-13 1.28e-13 -3.76e-14 -4.92e-14 5.14e-13 0.185 -6.36e-13 3.02e-13 -9.19e-13 -0.983 1.91e-12 -3.6e-13 5.09e-13 -1.16e-12 1.5e-12 1.66e-13 2.11e-13 -5.6e-13 2.08e-12 3.2e-14 8.27e-14 -1.65e-13 
0.00191   -6.18e-14 -2.16e-13 -3.13e-13 -4.23e-13 -2.19e-13 6.24e-14 -1.24e-13 8.25e-14 5.55e-13 5.5e-14 -1.08e-13 2.8e-13 0.983 -1.01e-13 2.8e-13 -2.37e-12 0.185 -2.43e-14 3.25e-13 -7.41e-13 -1.06e-12 5.65e-13 -2.43e-13 -3.09e-13 -2.02e-12 -2.11e-13 -4.69e-14 -1.21e-13 2.42e-13 
0.00248   4.55e-14 2.37e-14 1.59e-14 0.00222 -0.0129 -5.18e-14 -4.17e-14 0.0127 0.00246 -8.9e-15 -1.23e-14 6.06e-13 -9.82e-13 -6.03e-13 1.84e-13 -0.115 1.44e-12 0.21 -1.72e-14 2.49e-13 0.308 -0.228 -5.22e-14 4.81e-14 -0.514 0.729 -1.7e-13 -2.47e-13 -1.64e-13 
0.00248   3.2e-13 -1.74e-14 6.57e-15 -0.0169 -0.0148 -4.04e-14 -1.62e-13 0.0319 0.0448 -3.63e-14 -1.84e-13 -5.85e-13 1.68e-12 -4.13e-13 5.47e-13 0.179 1.34e-12 0.162 -3.3e-13 1.12e-12 -0.164 -0.0497 -1.18e-14 6.93e-13 0.763 0.572 -9.31e-13 -9.42e-13 -1.16e-12 
0.00248   -1.05e-13 2.88e-13 1.42e-13 -0.128 -0.0822 -5.35e-13 -2.96e-13 0.0862 0.066 -6.3e-14 3.1e-13 8.04e-13 9.62e-13 7.25e-13 1.19e-12 0.105 1.72e-13 0.333 1.18e-13 4.94e-13 0.744 0.494 -7.37e-13 -2.08e-13 0.174 -0.119 -1.57e-12 -1.88e-13 1.75e-13 
0.00248   -3.25e-14 1.42e-13 -6.85e-14 0.38 -0.277 -1.54e-13 -1.1e-13 -0.426 0.727 1.69e-14 8.87e-14 -6.3e-14 -2.3e-13 2.38e-13 1.44e-13 0.137 2.71e-13 -0.128 -3.09e-14 7.23e-14 -0.0176 0.153 -8.12e-14 -5.5e-14 -0.0689 0.0642 -1.1e-13 -2.03e-14 6.24e-14 
0.00248   -8.45e-14 -8.51e-15 2.72e-14 -0.258 -0.168 -6.12e-14 -1.54e-13 0.088 -0.182 -7.05e-15 2.16e-13 2.05e-13 -4.57e-13 4.5e-13 3.22e-13 0.164 3.25e-13 -0.578 2.51e-13 4.96e-13 -0.131 0.598 6.78e-14 -7.15e-14 -0.151 0.325 -3.91e-13 -2.13e-13 -1.49e-14 
0.00248   1.64e-13 2.49e-13 4.51e-14 0.357 0.529 -1.63e-13 3.65e-13 0.153 -0.0283 -1.2e-14 -6.08e-14 -1.93e-13 2.67e-13 -2.12e-14 3.29e-13 0.487 1.36e-12 0.326 -4.49e-13 -2.62e-13 -0.262 0.319 -6.58e-13 -9.73e-14 -0.232 0.0354 -3.49e-13 1e-13 2.06e-13 
0.00248   2.86e-13 1.81e-13 -1.32e-14 0.655 0.255 2.08e-13 7.09e-13 -0.145 -0.346 1.54e-13 2.14e-13 2.33e-13 8.83e-13 5.39e-14 3.58e-13 -0.215 -5.14e-13 -0.393 1.77e-13 9.45e-13 0.345 0.0273 2.29e-13 4.16e-14 0.193 0.0841 -3.22e-13 -2.7e-13 2.22e-13 
0.00248   -5.73e-15 -2.45e-13 1.79e-13 0.369 -0.72 4.81e-14 -1.19e-13 0.00651 -0.455 5.46e-14 -1.78e-13 -1.25e-13 2.56e-13 -6.02e-14 -6.88e-14 0.158 3.17e-13 0.291 -1.09e-13 -4.01e-13 -0.143 0.0342 -2.39e-13 1.08e-14 -0.0699 -0.0491 -8.58e-14 9.76e-14 -1.06e-13 
0.00248   -1.68e-13 3.52e-13 -2.09e-13 0.267 -0.156 -4.45e-13 1.61e-13 0.87 0.315 -1.26e-13 1.61e-13 1.44e-13 -8.64e-15 -3.41e-14 -6.63e-14 -0.0666 -1.03e-12 -0.18 3.24e-15 2.34e-14 0.0457 -0.0937 1.71e-13 -5.18e-14 0.017 -0.0152 3.03e-13 2.72e-14 5.39e-14 
0.00248   -2.26e-15 -9.69e-14 7.34e-14 -0.0873 -0.0311 -5.47e-15 -1.44e-13 -0.0237 -0.0686 -1.92e-14 -8.54e-14 2.92e-13 2.76e-12 -5.74e-13 -6.69e-14 0.765 -2.01e-12 -0.299 -3.25e-13 -4.1e-13 0.311 -0.456 -1.87e-13 3.71e-14 -0.0168 -0.0793 -1.13e-14 9.22e-14 -8.65e-14 
0.00382   -0.35 -0.029 1.18e-13 -1.18e-13 -1.17e-13 -0.0109 4.26e-15 -5.42e-14 -5.33e-14 -0.00678 -4.56e-13 3.92e-13 -2.51e-13 3.88e-13 -4.23e-13 2.24e-13 -2.55e-13 2.19e-13 0.0246 3.55e-13 -2.04e-13 -2.03e-13 -0.0659 -1.54e-12 6.35e-13 5.72e-13 0.129 -0.331 0.863 
0.00382   -0.203 0.185 -5.21e-14 -5.56e-14 -5.84e-14 0.00982 1.29e-13 -4.97e-14 -4.97e-14 -0.0187 -2.85e-13 1.86e-13 8.09e-14 1.97e-13 1.44e-13 -9.1e-14 9.34e-14 -7.35e-14 -0.0786 -2.87e-13 -4.24e-13 -4.31e-13 0.188 -3.23e-13 3.92e-13 5.64e-13 -0.461 0.761 0.301 
0.00382   0.0359 -0.279 7.91e-14 5.34e-14 6.29e-14 -0.0811 -7.07e-14 1.06e-13 1.1e-13 0.0156 1.22e-13 1.19e-13 8.41e-14 1.54e-13 6.78e-13 -5.85e-14 1.24e-13 -2.05e-15 -0.25 -4.52e-13 -3.04e-13 -2.56e-13 0.615 -1.01e-13 -8.29e-13 -7.81e-13 -0.544 -0.42 -0.0213 
0.00382   -0.00477 -0.323 1.16e-13 1.08e-13 1.65e-13 -0.461 -2.55e-13 -1.43e-13 -1.19e-13 0.14 2.64e-14 8.51e-14 9.19e-14 8.35e-14 2.97e-13 5.86e-13 8.25e-14 5.73e-13 0.0581 1.49e-13 6.9e-13 7.97e-13 0.509 2.54e-14 6.36e-13 5.96e-13 0.562 0.289 0.0466 
0.00382   0.064 -0.577 2.07e-13 1.56e-14 8e-14 -0.355 -1.17e-13 8.22e-14 9.18e-14 0.348 8.36e-15 -7.99e-14 -1.75e-13 -6.31e-14 -3.55e-13 -6.32e-13 -1.44e-13 -5.9e-13 -0.192 -2.35e-13 -3.68e-13 -4.53e-13 -0.547 -4.92e-15 -6.01e-14 -1.91e-14 -0.255 0.111 0.0492 
0.00382   0.0332 0.66 -1.81e-13 -2.1e-13 -1.22e-13 -0.641 2.63e-14 -4.03e-13 -3.76e-13 0.317 -4.76e-14 -3.46e-14 1.44e-13 -2.32e-14 6.46e-14 -2.24e-13 1.61e-13 -2.03e-13 -0.101 -2.26e-13 -4.53e-13 -4.62e-13 -0.037 -4.22e-14 -2.42e-13 -2.5e-13 -0.0875 -0.179 -0.0256 
0.00382   -0.0374 -0.0632 -6.24e-15 1.05e-13 7.54e-14 -0.468 -3.82e-13 -3.13e-13 -2.5e-13 -0.865 7.42e-14 -1.87e-14 3.59e-14 -1.53e-14 -1.1e-13 -2.79e-13 4.23e-14 -2.7e-13 -0.0408 -1.4e-13 -2.35e-13 -2.58e-13 -0.145 2.13e-14 -7.05e-14 -6.47e-14 -0.0648 -0.00498 -0.0321 
0.00382   0.182 -0.0764 8.62e-14 8.76e-14 1.06e-13 -0.146 -6.06e-14 6.98e-14 7.76e-14 0.0464 -3.6e-14 -6.79e-15 -2.56e-13 -1.13e-13 4.26e-14 3.39e-13 -4.04e-13 1.35e-13 0.922 -2.48e-13 -5.01e-13 -5.47e-13 0.0328 -4.57e-14 -1.47e-13 -1.08e-13 -0.283 -0.0425 0.0718 
0.00382   0.892 0.07 4.85e-13 -3.1e-13 -3.24e-13 0.0582 -1.08e-13 1.17e-13 1.17e-13 -0.0894 -7.05e-14 6.51e-14 3.74e-14 8.5e-14 -3.89e-14 -1.02e-14 6.47e-14 2.73e-14 -0.17 9.14e-14 3.88e-14 5.05e-14 0.0227 -2.23e-13 1.56e-13 1.58e-13 0.0469 0.0693 0.39 
