-1.39e-15   -0.0172 0.00273 0.0249 -0.00723 -0.0051 -0.0319 -0.0545 -0.00723 -0.0231 -0.0157 -0.994 -3.34e-05 -2.33e-05 3.34e-05 1.34e-13 -2.94e-05 2.33e-05 2.94e-05 -3.91e-14 0.0545 0.0231 0.00723 0.0157 -0.0249 0.0051 0.00723 0.0319 -0.00273 0.0172 
-5.08e-17   0.016 0.00736 0.0733 -0.47 0.206 -0.475 0.0597 0.0349 0.00335 0.00795 0.0309 -0.000847 -0.00371 0.000847 -9.27e-15 -0.00359 0.00371 0.00359 1.7e-15 -0.0597 -0.00335 -0.0349 -0.00795 -0.0733 -0.206 0.47 0.475 -0.00736 -0.016 
-3.85e-17   -0.000122 -0.000156 0.0001 0.00453 -0.00189 0.00269 0.00119 0.000964 -0.00281 0.000618 -0.000183 -0.14 -0.499 0.14 5.63e-14 -0.481 0.499 0.481 7.68e-17 -0.00119 0.00281 -0.000964 -0.000618 -0.0001 0.00189 -0.00453 -0.00269 0.000156 0.000122 
-2.82e-17   0.033 -0.0053 -0.0306 -0.039 0.0205 -0.0366 -0.474 -0.368 0.335 0.149 0.037 0.00606 -0.0018 -0.00606 -2.43e-14 -0.00423 0.0018 0.00423 -1.02e-14 0.474 -0.335 0.368 -0.149 0.0306 -0.0205 0.039 0.0366 0.0053 -0.033 
-1.43e-17   0.0126 -0.016 0.539 0.0732 0.408 0.188 -0.00706 0.00352 0.033 0.0277 0.00751 0.00156 -0.00105 -0.00156 8.44e-15 0.000717 0.00105 -0.000717 7.38e-15 0.00706 -0.033 -0.00352 -0.0277 -0.539 -0.408 -0.0732 -0.188 0.016 -0.0126 
-7.14e-18   0.0819 -0.00484 0.00512 -0.00648 0.0491 -0.00482 0.0305 -0.415 -0.19 -0.53 0.0256 -0.00086 0.000751 0.00086 -1.46e-13 -0.00116 -0.000751 0.00116 -8.82e-15 -0.0305 0.19 0.415 0.53 -0.00512 -0.0491 0.00648 0.00482 0.00484 -0.0819 
-5.66e-19   -0.00287 0.0208 0.00172 0.000148 -0.00333 9.3e-05 0.00627 0.00261 -0.000671 -0.00304 -0.000306 0.679 0.000549 -0.679 -5.13e-16 -0.198 -0.000549 0.198 7.12e-16 -0.00627 0.000671 -0.00261 0.00304 -0.00172 0.00333 -0.000148 -9.3e-05 -0.0208 0.00287 
3.03e-19   0.158 0.688 0.00534 0.0174 0.0101 0.00361 -0.00721 0.00518 -0.0153 0.0199 -0.0012 -0.0187 0.000261 0.0187 -1.3e-14 0.00516 -0.000261 -0.00516 2e-14 0.00721 0.0153 -0.00518 -0.0199 -0.00534 -0.0101 -0.0174 -0.00361 -0.688 -0.158 
1.59e-18   0.663 -0.158 0.0333 -0.0203 -0.0718 0.0131 -0.0296 0.0317 -0.118 0.113 -0.0172 0.00733 0.000108 -0.00733 3.27e-14 -0.00136 -0.000108 0.00136 -4e-15 0.0296 0.118 -0.0317 -0.113 -0.0333 0.0718 0.0203 -0.0131 0.158 -0.663 
5.5e-18   -0.102 -0.000817 -0.147 0.107 0.222 -0.0574 -0.0664 -0.211 -0.489 0.34 0.0183 0.0037 0.000743 -0.0037 2.71e-15 0.000671 -0.000743 -0.000671 1.05e-14 0.0664 0.489 0.211 -0.34 0.147 -0.222 -0.107 0.0574 0.000817 0.102 
7.16e-18   0.118 -0.0305 -0.333 0.291 0.438 -0.136 0.00816 0.154 0.192 -0.136 -0.0287 0.00249 0.00121 -0.00249 1.28e-14 -0.00277 -0.00121 0.00277 -1.59e-14 -0.00816 -0.192 -0.154 0.136 0.333 -0.438 -0.291 0.136 0.0305 -0.118 
3.82e-17   0.00495 -0.000139 -0.00177 0.0104 -0.00142 -0.00681 0.0526 -0.0367 0.0259 0.0208 -0.00707 0.139 -0.498 -0.139 6.41e-14 0.477 0.498 -0.477 2.98e-16 -0.0526 -0.0259 0.0367 -0.0208 0.00177 0.00142 -0.0104 0.00681 0.000139 -0.00495 
4.01e-17   -0.0439 0.00536 -0.0103 -0.104 0.0233 0.0694 -0.501 0.346 -0.238 -0.217 0.0656 0.0163 -0.0522 -0.0163 -7.35e-14 0.0493 0.0522 -0.0493 -4.04e-15 0.501 0.238 -0.346 0.217 0.0103 -0.0233 0.104 -0.0694 -0.00536 0.0439 
6.43e-17   0.0226 0.00301 -0.263 -0.405 0.204 0.458 0.0951 -0.0343 0.0488 0.0341 -0.0528 0.000374 0.000327 -0.000374 3.74e-14 -0.00263 -0.000327 0.00263 -1.36e-15 -0.0951 -0.0488 0.0343 -0.0341 0.263 -0.204 0.405 -0.458 -0.00301 -0.0226 
0.000573   1.83e-13 3.69e-14 1.51e-12 -2e-13 -2e-13 7.75e-15 1.79e-12 6.13e-13 6.47e-13 1.58e-13 -1.59e-12 -0.707 9.16e-14 -0.707 1.68e-12 -1.87e-13 1.18e-13 -1.87e-13 -1.21e-13 1.6e-12 3.17e-13 3.42e-13 4.03e-14 1.38e-12 -2.53e-13 -2.53e-13 -3.18e-14 -6.22e-14 2.67e-13 
0.00115   1.26e-13 2.7e-14 0.627 6.06e-14 4.74e-14 1.93e-13 -0.26 1.34e-14 4.1e-15 -1.36e-13 -1.42e-12 9.9e-13 1.26e-13 9.9e-13 0.28 -3.49e-13 9.5e-14 -3.49e-13 2.74e-14 -0.26 1.65e-14 4.83e-14 -8.85e-14 0.627 -1.44e-14 7.09e-14 1.55e-13 1.89e-14 2.55e-13 
0.00115   -7.88e-14 -4.98e-14 0.287 -2.77e-14 -3.25e-14 -2.72e-13 0.231 3.67e-13 3.97e-13 4.34e-13 -1.99e-13 1.25e-13 2.11e-13 1.25e-13 -0.853 3.41e-13 3.07e-13 3.41e-13 -4.35e-14 0.231 3.44e-13 2.86e-13 2.8e-13 0.287 -5.73e-15 -1.76e-14 -2.72e-13 -8.24e-15 -3.48e-14 
0.00115   -5.41e-14 7.03e-14 -0.157 7.31e-13 7.33e-13 3.61e-13 -0.615 3.86e-13 2.63e-13 2.52e-13 -8.51e-13 -2.32e-12 -5.86e-13 -2.32e-12 -0.439 -2.03e-13 -5.37e-13 -2.03e-13 -4.01e-14 -0.615 2.15e-13 3.76e-13 1.58e-13 -0.157 6.29e-13 7.07e-13 2.77e-13 4.74e-14 -1.04e-13 
0.00191   -1.22e-13 1.76e-13 3.3e-13 8.46e-13 8.47e-13 4.25e-15 4.91e-13 -1.24e-16 -7.96e-14 1.37e-13 6.1e-14 -1.01e-13 -0.707 -1.09e-13 7.97e-14 1.18e-12 -0.707 1.21e-12 -4.72e-13 5.74e-13 -9.64e-14 -1.88e-14 8.9e-14 3.26e-13 8.68e-13 8.68e-13 1.27e-14 2.14e-13 -1.23e-13 
0.00248   7.96e-15 -7.82e-15 1.32e-14 -0.486 0.369 1.55e-13 -9.23e-14 0.187 -0.301 3.31e-14 -2.67e-14 -3.06e-14 -1.77e-13 -3.01e-14 -1.79e-13 -0.042 -1.78e-13 -0.042 6.07e-14 -8.37e-14 -0.301 0.187 3.12e-14 2.09e-14 0.369 -0.486 1.76e-13 1.29e-14 1.57e-14 
0.00248   -9.14e-14 -2.57e-13 2.34e-13 0.408 0.498 -3.66e-13 6.25e-13 -0.0256 -0.103 -1.3e-13 -1.6e-13 -4.49e-13 1.57e-12 -4.49e-13 5.59e-13 0.272 1.57e-12 0.272 -4.31e-13 6.22e-13 -0.103 -0.0256 -1.19e-13 2.32e-13 0.498 0.408 -3.86e-13 -2.64e-13 -1.46e-13 
0.00248   -2.24e-14 1.63e-13 -3.95e-14 -0.181 0.0976 -8.72e-13 -1.11e-13 0.268 0.533 -4.35e-13 2.04e-13 4.87e-13 3.62e-13 4.87e-13 8.26e-13 0.319 3.71e-13 0.319 -1.27e-13 -1.18e-13 0.533 0.268 -4.26e-13 -8.1e-14 0.0976 -0.181 -8.46e-13 1.64e-13 -1.98e-14 
0.00248   -3.42e-14 7.91e-14 2.28e-14 0.131 -0.291 -2.86e-13 -1.67e-13 0.483 -0.305 -2.69e-13 -1.89e-14 9.93e-14 2.83e-13 9.89e-14 2.38e-13 0.267 2.91e-13 0.267 -1.28e-13 -1.58e-13 -0.305 0.483 -2.61e-13 -1.68e-14 -0.291 0.131 -2.98e-13 6.29e-14 -2.4e-14 
0.00248   -9.58e-14 -1.74e-14 8.09e-14 -0.217 -0.146 2.58e-13 -7.68e-13 -0.398 -0.146 -1.89e-13 -3.9e-13 -3.85e-13 4.2e-13 -3.85e-13 -3.73e-13 0.501 4.35e-13 0.501 -4.5e-13 -7.82e-13 -0.146 -0.398 -1.68e-13 9.83e-14 -0.146 -0.217 2.35e-13 -3.14e-14 -6.86e-14 
0.00382   -0.168 0.682 3.99e-14 1.33e-13 1.43e-13 -0.079 1.28e-14 -2e-13 -1.95e-13 -0.0161 -8.7e-14 -6.97e-14 2.01e-13 -6.97e-14 4.51e-14 -6.24e-14 2.01e-13 -6.24e-14 0.0353 1.34e-14 -1.96e-13 -2e-13 -0.0161 3.97e-14 1.44e-13 1.31e-13 -0.079 0.682 -0.168 
0.00382   -0.0056 -0.0462 -1.57e-14 -2.3e-13 -2.2e-13 -0.536 -3.13e-13 -2.87e-13 -3.23e-13 0.408 2.51e-14 9.09e-14 1.46e-13 9.08e-14 5.19e-13 -2.17e-13 1.46e-13 -2.17e-13 -0.297 -3.2e-13 -3.18e-13 -2.86e-13 0.408 -1.65e-14 -2.28e-13 -2.44e-13 -0.536 -0.0462 -0.0056 
0.00382   -0.0517 0.0406 1.73e-14 1.35e-13 1.48e-13 0.384 2.52e-13 4.91e-13 4.4e-13 0.575 -1.28e-14 4.13e-14 5.48e-14 4.13e-14 3.84e-13 7.12e-13 5.46e-14 7.12e-13 0.186 2.51e-13 4.38e-13 4.94e-13 0.575 3.25e-14 1.25e-13 1.42e-13 0.384 0.0406 -0.0517 
0.00382   0.675 0.159 -1.6e-13 9.33e-14 9.68e-14 -0.0353 1.18e-14 -8.96e-14 -8.34e-14 0.0447 -3.02e-13 2.04e-13 -1.25e-13 2.04e-13 -1.49e-13 2.03e-13 -1.25e-13 2.03e-13 0.176 1.43e-14 -8.6e-14 -8.88e-14 0.0447 -1.57e-13 9.51e-14 9.16e-14 -0.0353 0.159 0.675 
0.00382   0.114 0.0796 -3.31e-16 1.25e-14 1.3e-14 0.241 1.71e-13 2.84e-13 2.3e-13 -0.00747 -2.94e-14 1.08e-13 3.1e-13 1.08e-13 -4.87e-14 -2.07e-13 3.11e-13 -2.07e-13 -0.919 1.57e-13 2.44e-13 2.81e-13 -0.00747 -1.28e-14 1.39e-14 2.17e-14 0.241 0.0796 0.114 
