0.00381932 1.81191e-16 1.1424e-15 -2.89674e-16 -2.89674e-16 5.39805e-17 -3.43214e-16 2.06311e-16 2.06311e-16 -1.38029e-16 5.66424e-16 -3.88138e-16 1.00981e-16 -3.88138e-16 2.62092e-16 -6.66635e-17 1.00981e-16 -6.66635e-17 2.04957e-17 -1.70421e-16 7.60193e-17 7.60193e-17 -5.36861e-18 1.04599e-15 -3.10077e-16 -3.10077e-16 3.70307e-17 -1.12698e-16 2.63581e-15 
5.05256e-16 0.00381932 -7.59118e-16 -3.19967e-16 -3.21588e-16 -3.10924e-16 6.1908e-16 -3.77294e-16 -3.77294e-16 2.10184e-16 -4.77552e-16 -2.67209e-17 3.53859e-16 -2.67209e-17 6.47054e-18 1.51424e-17 3.53859e-16 1.51424e-17 -2.71413e-16 9.56582e-17 -3.22903e-16 -3.22903e-16 2.19388e-16 -8.93727e-17 -2.39429e-17 -2.39429e-17 6.60104e-17 -6.3557e-16 3.29076e-17 
1.19872e-15 -7.10174e-16 0.0011458 -5.3716e-17 -1.00768e-16 -7.49544e-19 6.15303e-16 -1.73416e-16 -2.59563e-16 -3.95866e-18 -1.53463e-16 1.59778e-16 -2.04579e-16 1.59778e-16 -1.71772e-16 1.77233e-16 -2.04579e-16 1.77233e-16 -8.11444e-17 9.71072e-17 1.04676e-16 1.04676e-16 -5.68455e-18 1.07715e-16 -1.09059e-17 -1.09059e-17 6.04995e-17 1.87196e-17 8.02443e-16 
-3.05831e-16 -5.74551e-16 -1.72743e-16 0.00248256 -7.07364e-17 -5.09954e-18 8.62094e-16 4.43727e-16 -4.31509e-16 -1.37005e-16 1.11576e-16 -2.25311e-16 2.30611e-16 -1.25964e-16 1.66658e-16 -2.03766e-16 8.41014e-17 -8.61617e-17 1.89807e-16 3.16228e-16 1.68868e-16 1.73264e-16 8.72184e-17 -1.09059e-17 1.49173e-16 6.04995e-17 1.39706e-17 2.58009e-17 -3.02839e-16 
-3.05831e-16 -2.52931e-16 -1.00768e-16 -7.49544e-19 0.00248256 -1.33908e-16 6.98659e-16 -3.05965e-16 3.06895e-16 -2.12463e-17 1.11576e-16 -1.25964e-16 8.41014e-17 -2.25311e-16 1.66658e-16 -8.61617e-17 2.30611e-16 -2.03766e-16 1.89807e-16 3.16228e-16 1.73264e-16 1.68868e-16 8.72184e-17 -1.09059e-17 6.04995e-17 1.49173e-16 1.39706e-17 2.58009e-17 -3.02839e-16 
4.45004e-17 -4.37801e-16 -7.07364e-17 -5.09954e-18 -2.82145e-16 0.00381932 8.82945e-16 5.74803e-16 4.90231e-16 3.11284e-16 -9.88296e-17 4.10494e-17 -1.01998e-16 4.10494e-17 -1.55826e-16 2.40276e-16 -1.01998e-16 2.40276e-16 -2.42599e-16 7.92756e-16 4.15833e-16 4.15833e-16 2.30105e-16 6.04995e-17 1.39706e-17 1.39706e-17 1.88728e-16 4.89775e-17 1.0579e-16 
-3.79254e-16 5.19426e-16 6.05646e-16 7.45957e-16 7.64316e-16 7.40325e-16 0.0011458 1.30259e-16 -2.93645e-16 7.10599e-16 2.18345e-16 2.69288e-16 -8.09973e-17 2.69288e-16 1.48795e-17 -2.80976e-16 -8.09973e-17 -2.80976e-16 -2.50973e-17 -1.11443e-16 -7.44891e-17 -7.44891e-17 -9.5332e-17 4.56712e-18 -7.70613e-17 -7.70613e-17 -2.65575e-16 8.53963e-17 -2.25972e-17 
2.4951e-16 -3.28702e-16 -1.27802e-16 2.91433e-16 -2.54198e-16 3.46079e-16 3.32567e-16 0.00248256 7.05624e-16 1.95743e-16 2.55016e-16 3.00257e-16 1.32297e-17 -9.092e-17 4.24358e-17 -6.61851e-17 -3.26026e-16 -2.45717e-16 6.71996e-17 -7.44891e-17 -7.38938e-17 -9.5332e-17 8.18888e-18 -6.00841e-17 -8.67053e-17 -9.34095e-17 -1.35949e-16 -2.30463e-17 5.92707e-18 
2.4951e-16 -3.28702e-16 -2.01308e-16 -3.90118e-16 1.86025e-16 3.84599e-16 -2.93645e-16 7.10599e-16 0.00248256 1.45574e-16 2.55016e-16 -9.092e-17 -3.26026e-16 3.00257e-16 4.24358e-17 -2.45717e-16 1.32297e-17 -6.61851e-17 6.71996e-17 -7.44891e-17 -9.5332e-17 -7.38938e-17 8.18888e-18 -6.00841e-17 -9.34095e-17 -8.67053e-17 -1.35949e-16 -2.30463e-17 5.92707e-18 
-1.85331e-16 1.42337e-16 -2.32203e-17 -1.12217e-16 -1.73394e-16 1.8017e-16 7.05624e-16 1.95743e-16 1.70177e-16 0.00381932 -2.20307e-16 -6.83457e-17 -8.99868e-17 -6.83457e-17 1.3189e-16 6.35013e-17 -8.99868e-17 6.35013e-17 1.35999e-16 -9.5332e-17 8.18888e-18 8.18888e-18 9.72141e-17 7.53722e-18 1.00616e-17 1.00616e-17 -1.97823e-17 -2.90827e-17 1.56878e-18 
5.34093e-16 -4.61045e-16 -1.66363e-16 9.60538e-17 9.60538e-17 -6.74131e-17 4.26418e-16 2.35923e-16 2.35923e-16 -2.11676e-16 -1.36933e-15 7.94462e-16 -2.19883e-16 4.9151e-16 1.67264e-16 -3.26005e-16 5.42299e-17 -5.57337e-16 -1.4859e-16 1.66645e-15 8.04349e-16 7.75175e-16 1.86667e-16 -1.76564e-15 -1.15094e-16 -1.15094e-16 9.58578e-17 -3.96325e-16 -1.95318e-15 
-3.56781e-16 1.91715e-17 1.5943e-16 -1.61453e-16 -9.86651e-17 3.46321e-17 3.20815e-16 4.53887e-16 -9.02655e-17 -7.82082e-17 8.01374e-16 0.000572898 4.95438e-16 1.31864e-16 9.40122e-16 -2.78013e-17 -6.05757e-16 -2.1717e-16 -8.92709e-17 1.12129e-15 2.10409e-15 3.72843e-16 5.65924e-16 1.06435e-15 -1.04672e-15 1.26567e-16 -7.34358e-17 -3.73759e-17 1.35754e-15 
6.48388e-17 2.76836e-16 -1.47792e-16 1.79586e-16 5.73733e-17 -6.53031e-17 -2.02708e-16 3.95263e-17 -3.12997e-16 -2.85122e-17 -3.75672e-16 4.97805e-16 0.00190966 -2.90732e-16 2.52893e-16 1.43343e-15 9.45961e-17 -1.88374e-16 -4.83812e-16 -4.8423e-16 7.19049e-16 -4.76802e-16 3.97183e-16 -2.02374e-16 1.19487e-15 -1.01802e-16 7.66121e-17 1.97886e-16 -3.95143e-16 
-3.56781e-16 1.91715e-17 1.5943e-16 -9.86651e-17 -1.61453e-16 3.46321e-17 3.20815e-16 -9.02655e-17 4.53887e-16 -7.82082e-17 4.9151e-16 1.67264e-16 -3.26005e-16 0.000572898 4.23605e-16 -5.55522e-16 8.10904e-16 -2.10238e-16 -4.64705e-16 1.13887e-15 4.03e-16 2.06148e-15 5.98123e-16 1.06435e-15 1.26567e-16 -1.04672e-15 -7.34358e-17 -3.73759e-17 1.35754e-15 
2.27938e-16 -4.85979e-17 -1.56446e-16 1.2231e-16 1.2231e-16 -6.78283e-17 3.18512e-17 8.37941e-17 8.37941e-17 2.70427e-16 1.31864e-16 9.40122e-16 -2.78013e-17 3.66399e-16 0.0011458 4.01158e-16 -1.87145e-16 4.0007e-16 -1.66814e-16 6.49919e-16 1.11494e-15 1.18189e-15 2.22127e-15 -6.09959e-16 6.28092e-16 6.28092e-16 -6.54143e-16 -1.14803e-17 -9.35512e-16 
-2.4428e-17 -1.07413e-17 1.26165e-16 -1.50865e-16 -3.775e-17 1.57047e-16 -3.09661e-16 -9.68344e-18 -3.13898e-16 8.69086e-17 -2.90732e-16 2.52893e-16 1.43343e-15 -4.80332e-16 4.97909e-16 0.00248256 -2.65862e-16 -3.0062e-16 7.09263e-16 -5.27761e-16 5.40472e-16 -8.84821e-16 8.49485e-16 7.29666e-17 -7.20984e-16 -1.37382e-16 7.14094e-16 8.47933e-18 2.65738e-16 
6.48388e-17 2.76836e-16 -1.47792e-16 5.73733e-17 1.79586e-16 -6.53031e-17 -2.02708e-16 -3.12997e-16 3.95263e-17 -2.85122e-17 5.42299e-17 -5.57337e-16 -1.4859e-16 8.10904e-16 -2.10238e-16 -4.64705e-16 0.00190966 1.07715e-15 -7.89762e-16 -4.86753e-16 -5.42588e-16 7.85164e-16 3.96491e-16 -2.02374e-16 -1.01802e-16 1.19487e-15 7.66121e-17 1.97886e-16 -3.95143e-16 
-2.4428e-17 -1.07413e-17 1.26165e-16 -3.775e-17 -1.50865e-16 1.57047e-16 -3.09661e-16 -3.13898e-16 -9.68344e-18 8.69086e-17 -6.05757e-16 -2.1717e-16 -8.92709e-17 -1.87145e-16 4.0007e-16 -1.66814e-16 1.07378e-15 0.00248256 4.13764e-16 -4.7147e-16 -8.42543e-16 5.19865e-16 8.50558e-16 7.29666e-17 -1.37382e-16 -7.20984e-16 7.14094e-16 8.47933e-18 2.65738e-16 
-2.84517e-17 -1.4305e-16 -4.00186e-17 1.16752e-16 1.16752e-16 -1.66117e-16 6.53474e-17 3.68311e-17 3.68311e-17 1.22013e-16 9.45961e-17 -1.88374e-16 -4.83812e-16 -2.65862e-16 -3.0062e-16 7.09263e-16 -7.71746e-16 2.13692e-16 0.00381932 -4.61082e-17 -2.64842e-16 -3.06898e-16 3.47022e-16 3.86508e-17 1.41714e-16 1.41714e-16 -8.62443e-16 -6.67175e-17 -7.91833e-17 
-1.06683e-16 1.66798e-16 2.18259e-16 4.45572e-16 4.45572e-16 1.12857e-15 1.19303e-16 4.7819e-17 4.7819e-17 -9.58362e-17 1.56914e-15 9.88835e-16 -3.13714e-16 1.06615e-15 4.74285e-16 -5.87049e-16 -4.49391e-16 -3.88131e-16 -7.45895e-17 0.0011458 6.96038e-16 7.39081e-16 -3.43237e-16 1.07468e-15 1.35106e-15 1.40588e-15 1.79307e-15 -1.89549e-16 6.76623e-16 
1.60152e-17 -3.28712e-16 4.77548e-17 3.11612e-16 2.52309e-16 7.02359e-16 4.7819e-17 -1.67571e-17 -9.58362e-17 3.21857e-17 6.52851e-16 1.83452e-15 6.02396e-16 2.91719e-16 9.95363e-16 4.40449e-16 -4.7774e-16 -7.46342e-16 -1.76254e-16 5.67067e-16 0.00248256 -4.24026e-16 4.47201e-16 -2.61828e-16 8.97287e-16 -5.05675e-16 1.35633e-15 1.82804e-16 -3.80573e-16 
1.60152e-17 -3.28712e-16 4.77548e-17 2.52309e-16 3.11612e-16 7.02359e-16 4.7819e-17 -9.58362e-17 -1.67571e-17 3.21857e-17 7.21962e-16 2.02455e-16 -6.22187e-16 1.94836e-15 1.0322e-15 -7.22303e-16 8.68996e-16 4.19055e-16 -3.63396e-16 7.39081e-16 -3.43237e-16 0.00248256 6.2314e-16 -3.22105e-16 -3.86817e-16 7.83367e-16 1.45632e-15 1.82804e-16 -3.80573e-16 
2.7427e-17 1.59744e-16 1.19922e-16 1.14998e-16 1.14998e-16 4.62122e-16 -9.58362e-17 3.21857e-17 3.21857e-17 1.08555e-17 1.06298e-16 5.23153e-16 3.16975e-16 4.30112e-16 1.93333e-15 7.56609e-16 3.44269e-16 8.02272e-16 1.727e-16 -4.24026e-16 4.47201e-16 6.85309e-16 0.00381932 -3.68939e-17 -1.39874e-16 -1.06125e-16 7.14729e-16 -1.11339e-16 2.1773e-16 
1.04011e-15 -6.91011e-17 2.15606e-16 -5.65143e-17 -5.65143e-17 4.94765e-17 -1.16181e-16 5.9394e-17 5.9394e-17 -5.94452e-17 -1.63843e-15 9.56375e-16 -1.54385e-16 9.56375e-16 -5.6881e-16 1.01129e-16 -1.54385e-16 1.01129e-16 -3.53278e-17 8.82834e-16 -2.32611e-16 -9.70573e-17 4.12087e-18 0.0011458 6.82094e-16 5.70372e-16 6.99232e-17 8.19685e-16 -4.04663e-15 
-3.80789e-16 7.34095e-17 -5.65143e-17 1.76822e-16 4.94765e-17 -5.14189e-17 -1.17235e-16 -8.88443e-17 1.88052e-17 -1.10068e-17 -1.63357e-16 -9.91813e-16 1.12789e-15 7.62628e-17 5.71601e-16 -6.45157e-16 4.51141e-18 -1.00216e-16 9.34606e-17 1.1928e-15 7.99192e-16 -3.19241e-16 1.56333e-17 8.16305e-16 0.00248256 2.36452e-16 1.06923e-15 9.0109e-16 1.02889e-15 
-3.80789e-16 7.34095e-17 -5.65143e-17 4.94765e-17 1.76822e-16 -5.14189e-17 -1.17235e-16 1.88052e-17 -8.88443e-17 -1.10068e-17 -1.63357e-16 7.62628e-17 4.51141e-18 -9.91813e-16 5.71601e-16 -1.00216e-16 1.12789e-15 -6.45157e-16 9.34606e-17 1.39185e-15 -3.97066e-16 6.9166e-16 -9.0095e-18 5.70372e-16 6.99232e-17 0.00248256 8.58068e-16 1.06695e-15 1.02889e-15 
1.37279e-16 4.08932e-17 4.94765e-17 -5.14189e-17 -5.14189e-17 1.3811e-16 -1.76462e-16 -1.69449e-16 -1.69449e-16 -1.10706e-16 -5.07916e-17 -1.1214e-16 1.36329e-16 -1.1214e-16 -6.27793e-16 6.93411e-16 1.36329e-16 6.93411e-16 -8.31688e-16 1.61451e-15 1.40635e-15 1.39937e-15 7.58018e-16 2.36452e-16 1.06923e-15 1.24965e-15 0.00381932 7.60032e-16 -2.91075e-16 
-3.28353e-17 -6.09891e-16 6.88461e-17 8.20476e-17 8.20476e-17 3.03145e-17 5.40879e-17 -7.28993e-17 -7.28993e-17 2.15569e-17 -3.64609e-16 -7.20336e-17 2.23644e-16 -7.20336e-17 -2.5766e-18 5.1334e-17 2.23644e-16 5.1334e-17 -1.64731e-16 -3.05161e-16 2.54283e-16 2.54283e-16 -1.27076e-16 7.91886e-16 9.04833e-16 9.78684e-16 8.17221e-16 0.00381932 1.05134e-15 
2.68279e-15 9.62462e-17 3.57191e-16 -4.98679e-17 -4.98679e-17 3.5778e-18 2.59158e-17 -2.86927e-17 -2.86927e-17 3.52033e-17 -2.08149e-15 1.45678e-15 -4.32715e-16 1.45678e-15 -1.01633e-15 2.98796e-16 -4.32715e-16 2.98796e-16 -8.89508e-17 6.21493e-16 -3.39815e-16 -3.39815e-16 1.75336e-16 -4.0136e-15 9.99603e-16 9.99603e-16 -2.45022e-16 1.36228e-15 0.00381932 
