       -0.9955569698         1.676586676
       -0.9766639215         1.573240164
       -0.9429745712         1.404279905
       -0.8949919979         1.194131952
       -0.8334426288        0.9696608166
       -0.7592592630        0.7545146198
       -0.6735663685        0.5654602275
       -0.5776629302        0.4112780446
       -0.4730027314        0.2938229171
       -0.3611723058        0.2103053287
       -0.2438668837        0.1558184927
       -0.1228646926        0.1254539845
     6.123233996e-17        0.1157448528
        0.1228646926        0.1254539845
        0.2438668837        0.1558184927
        0.3611723058        0.2103053287
        0.4730027314        0.2938229171
        0.5776629302        0.4112780446
        0.6735663685        0.5654602275
        0.7592592630        0.7545146198
        0.8334426288        0.9696608166
        0.8949919979         1.194131952
        0.9429745712         1.404279905
        0.9766639215         1.573240164
        0.9955569698         1.676586676
