        -1.000000000        0.1674474277
       -0.9800000000        0.4541670734
       -0.9600000000        0.4586155076
       -0.9400000000        0.3423019943
       -0.9200000000        0.3355775601
       -0.9000000000        0.4736340836
       -0.8800000000        0.4388489605
       -0.8600000000        0.2332644459
       -0.8400000000        0.3798915592
       -0.8200000000        0.4614310350
       -0.8000000000        0.3862937198
       -0.7800000000        0.2910153080
       -0.7600000000        0.2506730015
       -0.7400000000        0.5389118238
       -0.7200000000        0.4181963481
       -0.7000000000        0.3600984147
       -0.6800000000        0.3294227573
       -0.6600000000        0.2223993460
       -0.6400000000        0.5366543894
       -0.6200000000        0.3832115748
       -0.6000000000        0.3367821808
       -0.5800000000        0.4254149320
       -0.5600000000        0.2566042024
       -0.5400000000        0.2354866408
       -0.5200000000        0.5542670754
       -0.5000000000        0.3968878499
       -0.4800000000        0.3701825685
       -0.4600000000        0.4517977772
       -0.4400000000        0.2411506318
       -0.4200000000        0.3445826419
       -0.4000000000        0.3294144062
       -0.3800000000        0.4579158354
       -0.3600000000        0.4835899959
       -0.3400000000        0.4064064334
       -0.3200000000        0.3586002053
       -0.3000000000        0.3678876257
       -0.2800000000        0.2328468056
       -0.2600000000        0.3474994752
       -0.2400000000        0.6493694447
       -0.2200000000        0.3654111040
       -0.2000000000        0.4097887633
       -0.1800000000        0.4215545689
       -0.1600000000        0.2885627649
       -0.1400000000        0.3507035933
       -0.1200000000        0.2920825790
       -0.1000000000        0.6135346577
      -0.08000000000        0.3950832994
      -0.06000000000        0.5534312476
      -0.04000000000        0.4240642971
      -0.02000000000        0.2894532035
         0.000000000        0.3745757077
       0.02000000000        0.2762889194
       0.04000000000        0.5607378860
       0.06000000000        0.6094619019
       0.08000000000        0.4859627943
        0.1000000000        0.4547937608
        0.1200000000        0.2842747750
        0.1400000000        0.4458793447
        0.1600000000        0.2770788482
        0.1800000000        0.6594305227
        0.2000000000        0.4713318916
        0.2200000000        0.4766970925
        0.2400000000        0.6055951087
        0.2600000000        0.4193945220
        0.2800000000        0.3101389421
        0.3000000000        0.3573242285
        0.3200000000        0.6657246736
        0.3400000000        0.5819018712
        0.3600000000        0.5929864580
        0.3800000000        0.4890151126
        0.4000000000        0.4153512747
        0.4200000000        0.4644254523
        0.4400000000        0.3580619732
        0.4600000000        0.7603202730
        0.4800000000        0.5653242781
        0.5000000000        0.5881210869
        0.5200000000        0.6791350565
        0.5400000000        0.3880375310
        0.5600000000        0.3744452395
        0.5800000000        0.7378839373
        0.6000000000        0.6955725452
        0.6200000000        0.5582886653
        0.6400000000        0.7754549264
        0.6600000000        0.4216209677
        0.6800000000        0.4703470030
        0.7000000000        0.8133547611
        0.7200000000        0.7623584463
        0.7400000000        0.9241102633
        0.7600000000        0.4103487769
        0.7800000000        0.5101133778
        0.8000000000        0.9712468115
        0.8200000000        0.8614432230
        0.8400000000        0.7143728652
        0.8600000000        0.5763668308
        0.8800000000         1.066949889
        0.9000000000        0.9982203771
        0.9200000000        0.6739363180
        0.9400000000         1.078407285
        0.9600000000         1.020983617
        0.9800000000         1.379638019
         1.000000000        0.4747514302
