       -0.9955569698         2.136973479
       -0.9766639215         1.971661566
       -0.9429745712         1.707124549
       -0.8949919979         1.388950508
       -0.8334426288         1.064184068
       -0.7592592630        0.7701466858
       -0.6735663685        0.5287291116
       -0.5776629302        0.3465599080
       -0.4730027314        0.2191358261
       -0.3611723058        0.1362347268
       -0.2438668837       0.08655777870
       -0.1228646926       0.06073338536
     6.123233996e-17       0.05279962523
        0.1228646926       0.06073338536
        0.2438668837       0.08655777870
        0.3611723058        0.1362347268
        0.4730027314        0.2191358261
        0.5776629302        0.3465599080
        0.6735663685        0.5287291116
        0.7592592630        0.7701466858
        0.8334426288         1.064184068
        0.8949919979         1.388950508
        0.9429745712         1.707124549
        0.9766639215         1.971661566
        0.9955569698         2.136973479
