         0.000000000        0.1032499786
        0.1365909849        0.1035704964
        0.2731819699        0.1045352790
        0.4097729548        0.1061538567
        0.5463639398        0.1084415704
        0.6829549247        0.1114186859
        0.8195459096        0.1151090013
        0.9561368946        0.1195377883
         1.092727880        0.1247288548
         1.229318864        0.1307004892
         1.365909849        0.1374600442
         1.502500834        0.1449969866
         1.639091819        0.1532743982
         1.775682804        0.1622192140
         1.912273789        0.1717119483
         2.048864774        0.1815772782
         2.185455759        0.1915775411
         2.322046744        0.2014117628
         2.458637729        0.2107229582
         2.595228714        0.2191158002
         2.731819699        0.2261851067
         2.868410684        0.2315530526
         3.005001669        0.2349101541
         3.141592654        0.2360528697
         3.278183639        0.2349101541
         3.414774623        0.2315530526
         3.551365608        0.2261851067
         3.687956593        0.2191158002
         3.824547578        0.2107229582
         3.961138563        0.2014117628
         4.097729548        0.1915775411
         4.234320533        0.1815772782
         4.370911518        0.1717119483
         4.507502503        0.1622192140
         4.644093488        0.1532743982
         4.780684473        0.1449969866
         4.917275458        0.1374600442
         5.053866443        0.1307004892
         5.190457428        0.1247288548
         5.327048413        0.1195377883
         5.463639398        0.1151090013
         5.600230382        0.1114186859
         5.736821367        0.1084415704
         5.873412352        0.1061538567
         6.010003337        0.1045352790
         6.146594322        0.1035704964
