       -0.9937521706         9.865437751
       -0.9672268386         5.601002011
       -0.9200993342         1.893003378
       -0.8533633646        0.3259520609
       -0.7684399635       0.01953844676
       -0.6671388042     0.0002110211302
       -0.5516188359     0.0004399956319
       -0.4243421202     0.0005088441743
       -0.2880213168     0.0001478474520
       -0.1455618542     0.0003188512869
     6.123233996e-17     0.0001059806054
        0.1455618542     0.0003188512869
        0.2880213168     0.0001478474520
        0.4243421202     0.0005088441743
        0.5516188359     0.0004399956319
        0.6671388042     0.0002110211302
        0.7684399635       0.01953844676
        0.8533633646        0.3259520609
        0.9200993342         1.893003378
        0.9672268386         5.601002011
        0.9937521706         9.865437751
