60
-0.232491565752 -3.03105686771 1.82601246371
-0.232491565752 3.03105686771 1.82601246371
0.232491565752 -3.03105686771 -1.82601246371
0.232491565752 3.03105686771 -1.82601246371
-0.376179255484 -1.15776070163 -3.33072948565
-0.376179255484 -3.47328210489 -0.608670821237
-0.376179255484 1.15776070163 -3.33072948565
-0.376179255484 3.47328210489 -0.608670821237
0.376179255484 -1.15776070163 3.33072948565
0.376179255484 -3.47328210489 0.608670821237
0.376179255484 1.15776070163 3.33072948565
0.376179255484 3.47328210489 0.608670821237
0.984850076721 -0.715535464447 -3.33072948565
0.984850076721 0.715535464447 -3.33072948565
1.73720858769 -3.03105686771 0.608670821237
1.73720858769 3.03105686771 0.608670821237
-2.95455023016 -0.715535464447 1.82601246371
-2.95455023016 0.715535464447 1.82601246371
-1.96970015344 -1.43107092889 2.57837097468
-1.96970015344 1.43107092889 2.57837097468
-1.96970015344 -2.31552140326 -1.82601246371
-1.96970015344 2.31552140326 -1.82601246371
-0.984850076721 -0.715535464447 3.33072948565
-0.984850076721 0.715535464447 3.33072948565
1.96970015344 -1.43107092889 -2.57837097468
1.96970015344 1.43107092889 -2.57837097468
1.96970015344 -2.31552140326 1.82601246371
1.96970015344 2.31552140326 1.82601246371
-2.43468328495 0. -2.57837097468
2.43468328495 0. 2.57837097468
-1.73720858769 -3.03105686771 -0.608670821237
-1.73720858769 3.03105686771 -0.608670821237
-2.81086254043 -1.15776070163 -1.82601246371
-2.81086254043 1.15776070163 -1.82601246371
2.95455023016 -0.715535464447 -1.82601246371
2.95455023016 0.715535464447 -1.82601246371
3.18704179591 -1.43107092889 -0.608670821237
3.18704179591 1.43107092889 -0.608670821237
3.41953336167 -0.715535464447 0.608670821237
3.41953336167 0.715535464447 0.608670821237
-1.59352089796 -2.58883163053 1.82601246371
-1.59352089796 2.58883163053 1.82601246371
1.59352089796 -2.58883163053 -1.82601246371
1.59352089796 2.58883163053 -1.82601246371
-3.41953336167 -0.715535464447 -0.608670821237
-3.41953336167 0.715535464447 -0.608670821237
-2.34587940893 -2.58883163053 0.608670821237
-2.34587940893 2.58883163053 0.608670821237
2.34587940893 -2.58883163053 -0.608670821237
2.34587940893 2.58883163053 -0.608670821237
2.81086254043 -1.15776070163 1.82601246371
2.81086254043 1.15776070163 1.82601246371
1.21734164247 0. 3.33072948565
-3.18704179591 -1.43107092889 0.608670821237
-3.18704179591 1.43107092889 0.608670821237
-1.21734164247 0. -3.33072948565
-0.752358510969 -2.31552140326 -2.57837097468
-0.752358510969 2.31552140326 -2.57837097468
0.752358510969 -2.31552140326 2.57837097468
0.752358510969 2.31552140326 2.57837097468
