780
     3.321345   -0.330494    1.197967
    -3.321345    0.330494   -1.197968
   -10.341345    0.330494   -5.822033
   -10.341345    0.330494    8.217967
     3.698655    0.330494   -5.822033
     3.698655    0.330494    8.217967
    -3.698655   -0.330494   -8.217967
    -3.698655   -0.330494    5.822033
    10.341345   -0.330494   -8.217967
    10.341345   -0.330494    5.822033
    -3.321345   -7.350494   -8.217967
    -3.321345   -7.350494    5.822033
    -3.321345    6.689506   -8.217967
    -3.321345    6.689506    5.822033
     3.321345   -6.689506   -5.822033
     3.321345   -6.689506    8.217967
     3.321345    7.350494   -5.822033
     3.321345    7.350494    8.217967
    -3.698655   -6.689506   -1.197968
    -3.698655    7.350494   -1.197968
    10.341345   -6.689506   -1.197968
    10.341345    7.350494   -1.197968
   -10.341345   -7.350494    1.197967
   -10.341345    6.689506    1.197967
     3.698655   -7.350494    1.197967
     3.698655    6.689506    1.197967
     1.197967    3.321345   -0.330494
    -1.197968   -3.321345    0.330494
    -5.822033  -10.341345    0.330494
    -5.822033    3.698655    0.330494
     8.217967  -10.341345    0.330494
     8.217967    3.698655    0.330494
    -8.217967   -3.698655   -0.330494
    -8.217967   10.341345   -0.330494
     5.822033   -3.698655   -0.330494
     5.822033   10.341345   -0.330494
    -8.217967   -3.321345   -7.350494
    -8.217967   -3.321345    6.689506
     5.822033   -3.321345   -7.350494
     5.822033   -3.321345    6.689506
    -5.822033    3.321345   -6.689506
    -5.822033    3.321345    7.350494
     8.217967    3.321345   -6.689506
     8.217967    3.321345    7.350494
    -1.197968   -3.698655   -6.689506
    -1.197968   -3.698655    7.350494
    -1.197968   10.341345   -6.689506
    -1.197968   10.341345    7.350494
     1.197967  -10.341345   -7.350494
     1.197967  -10.341345    6.689506
     1.197967    3.698655   -7.350494
     1.197967    3.698655    6.689506
    -0.330494    1.197967    3.321345
     0.330494   -1.197968   -3.321345
     0.330494   -5.822033  -10.341345
     0.330494   -5.822033    3.698655
     0.330494    8.217967  -10.341345
     0.330494    8.217967    3.698655
    -0.330494   -8.217967   -3.698655
    -0.330494   -8.217967   10.341345
    -0.330494    5.822033   -3.698655
    -0.330494    5.822033   10.341345
    -7.350494   -8.217967   -3.321345
    -7.350494    5.822033   -3.321345
     6.689506   -8.217967   -3.321345
     6.689506    5.822033   -3.321345
    -6.689506   -5.822033    3.321345
    -6.689506    8.217967    3.321345
     7.350494   -5.822033    3.321345
     7.350494    8.217967    3.321345
    -6.689506   -1.197968   -3.698655
    -6.689506   -1.197968   10.341345
     7.350494   -1.197968   -3.698655
     7.350494   -1.197968   10.341345
    -7.350494    1.197967  -10.341345
    -7.350494    1.197967    3.698655
     6.689506    1.197967  -10.341345
     6.689506    1.197967    3.698655
     2.746648   -1.580569    1.591667
    -2.746648    1.580569   -1.591667
    -9.766647    1.580569   -5.428333
    -9.766647    1.580569    8.611667
     4.273352    1.580569   -5.428333
     4.273352    1.580569    8.611667
    -4.273352   -1.580569   -8.611668
    -4.273352   -1.580569    5.428333
     9.766648   -1.580569   -8.611668
     9.766648   -1.580569    5.428333
    -2.746648   -8.600569   -8.611668
    -2.746648   -8.600569    5.428333
    -2.746648    5.439431   -8.611668
    -2.746648    5.439431    5.428333
     2.746648   -5.439431   -5.428333
     2.746648   -5.439431    8.611667
     2.746648    8.600569   -5.428333
     2.746648    8.600569    8.611667
    -4.273352   -5.439431   -1.591667
    -4.273352    8.600569   -1.591667
     9.766648   -5.439431   -1.591667
     9.766648    8.600569   -1.591667
    -9.766647   -8.600569    1.591667
    -9.766647    5.439431    1.591667
     4.273352   -8.600569    1.591667
     4.273352    5.439431    1.591667
     1.591667    2.746648   -1.580569
    -1.591667   -2.746648    1.580569
    -5.428333   -9.766647    1.580569
    -5.428333    4.273352    1.580569
     8.611667   -9.766647    1.580569
     8.611667    4.273352    1.580569
    -8.611668   -4.273352   -1.580569
    -8.611668    9.766648   -1.580569
     5.428333   -4.273352   -1.580569
     5.428333    9.766648   -1.580569
    -8.611668   -2.746648   -8.600569
    -8.611668   -2.746648    5.439431
     5.428333   -2.746648   -8.600569
     5.428333   -2.746648    5.439431
    -5.428333    2.746648   -5.439431
    -5.428333    2.746648    8.600569
     8.611667    2.746648   -5.439431
     8.611667    2.746648    8.600569
    -1.591667   -4.273352   -5.439431
    -1.591667   -4.273352    8.600569
    -1.591667    9.766648   -5.439431
    -1.591667    9.766648    8.600569
     1.591667   -9.766647   -8.600569
     1.591667   -9.766647    5.439431
     1.591667    4.273352   -8.600569
     1.591667    4.273352    5.439431
    -1.580569    1.591667    2.746648
     1.580569   -1.591667   -2.746648
     1.580569   -5.428333   -9.766647
     1.580569   -5.428333    4.273352
     1.580569    8.611667   -9.766647
     1.580569    8.611667    4.273352
    -1.580569   -8.611668   -4.273352
    -1.580569   -8.611668    9.766648
    -1.580569    5.428333   -4.273352
    -1.580569    5.428333    9.766648
    -8.600569   -8.611668   -2.746648
    -8.600569    5.428333   -2.746648
     5.439431   -8.611668   -2.746648
     5.439431    5.428333   -2.746648
    -5.439431   -5.428333    2.746648
    -5.439431    8.611667    2.746648
     8.600569   -5.428333    2.746648
     8.600569    8.611667    2.746648
    -5.439431   -1.591667   -4.273352
    -5.439431   -1.591667    9.766648
     8.600569   -1.591667   -4.273352
     8.600569   -1.591667    9.766648
    -8.600569    1.591667   -9.766647
    -8.600569    1.591667    4.273352
     5.439431    1.591667   -9.766647
     5.439431    1.591667    4.273352
     1.834858    2.903888    0.881143
    -1.834858   -2.903889   -0.881143
    -8.854858   -2.903889   -6.138857
    -8.854858   -2.903889    7.901143
     5.185142   -2.903889   -6.138857
     5.185142   -2.903889    7.901143
    -5.185142    2.903888   -7.901143
    -5.185142    2.903888    6.138857
     8.854858    2.903888   -7.901143
     8.854858    2.903888    6.138857
    -1.834858   -4.116112   -7.901143
    -1.834858   -4.116112    6.138857
    -1.834858    9.923888   -7.901143
    -1.834858    9.923888    6.138857
     1.834858   -9.923888   -6.138857
     1.834858   -9.923888    7.901143
     1.834858    4.116112   -6.138857
     1.834858    4.116112    7.901143
    -5.185142   -9.923888   -0.881143
    -5.185142    4.116112   -0.881143
     8.854858   -9.923888   -0.881143
     8.854858    4.116112   -0.881143
    -8.854858   -4.116112    0.881143
    -8.854858    9.923888    0.881143
     5.185142   -4.116112    0.881143
     5.185142    9.923888    0.881143
     0.881143    1.834858    2.903888
    -0.881143   -1.834858   -2.903889
    -6.138857   -8.854858   -2.903889
    -6.138857    5.185142   -2.903889
     7.901143   -8.854858   -2.903889
     7.901143    5.185142   -2.903889
    -7.901143   -5.185142    2.903888
    -7.901143    8.854858    2.903888
     6.138857   -5.185142    2.903888
     6.138857    8.854858    2.903888
    -7.901143   -1.834858   -4.116112
    -7.901143   -1.834858    9.923888
     6.138857   -1.834858   -4.116112
     6.138857   -1.834858    9.923888
    -6.138857    1.834858   -9.923888
    -6.138857    1.834858    4.116112
     7.901143    1.834858   -9.923888
     7.901143    1.834858    4.116112
    -0.881143   -5.185142   -9.923888
    -0.881143   -5.185142    4.116112
    -0.881143    8.854858   -9.923888
    -0.881143    8.854858    4.116112
     0.881143   -8.854858   -4.116112
     0.881143   -8.854858    9.923888
     0.881143    5.185142   -4.116112
     0.881143    5.185142    9.923888
     2.903888    0.881143    1.834858
    -2.903889   -0.881143   -1.834858
    -2.903889   -6.138857   -8.854858
    -2.903889   -6.138857    5.185142
    -2.903889    7.901143   -8.854858
    -2.903889    7.901143    5.185142
     2.903888   -7.901143   -5.185142
     2.903888   -7.901143    8.854858
     2.903888    6.138857   -5.185142
     2.903888    6.138857    8.854858
    -4.116112   -7.901143   -1.834858
    -4.116112    6.138857   -1.834858
     9.923888   -7.901143   -1.834858
     9.923888    6.138857   -1.834858
    -9.923888   -6.138857    1.834858
    -9.923888    7.901143    1.834858
     4.116112   -6.138857    1.834858
     4.116112    7.901143    1.834858
    -9.923888   -0.881143   -5.185142
    -9.923888   -0.881143    8.854858
     4.116112   -0.881143   -5.185142
     4.116112   -0.881143    8.854858
    -4.116112    0.881143   -8.854858
    -4.116112    0.881143    5.185142
     9.923888    0.881143   -8.854858
     9.923888    0.881143    5.185142
     2.865449    1.911735    0.842705
    -2.865449   -1.911736   -0.842705
    -9.885448   -1.911736   -6.177295
    -9.885448   -1.911736    7.862705
     4.154552   -1.911736   -6.177295
     4.154552   -1.911736    7.862705
    -4.154552    1.911735   -7.862705
    -4.154552    1.911735    6.177295
     9.885448    1.911735   -7.862705
     9.885448    1.911735    6.177295
    -2.865449   -5.108265   -7.862705
    -2.865449   -5.108265    6.177295
    -2.865449    8.931735   -7.862705
    -2.865449    8.931735    6.177295
     2.865449   -8.931735   -6.177295
     2.865449   -8.931735    7.862705
     2.865449    5.108265   -6.177295
     2.865449    5.108265    7.862705
    -4.154552   -8.931735   -0.842705
    -4.154552    5.108265   -0.842705
     9.885448   -8.931735   -0.842705
     9.885448    5.108265   -0.842705
    -9.885448   -5.108265    0.842705
    -9.885448    8.931735    0.842705
     4.154552   -5.108265    0.842705
     4.154552    8.931735    0.842705
     0.842705    2.865449    1.911735
    -0.842705   -2.865449   -1.911736
    -6.177295   -9.885448   -1.911736
    -6.177295    4.154552   -1.911736
     7.862705   -9.885448   -1.911736
     7.862705    4.154552   -1.911736
    -7.862705   -4.154552    1.911735
    -7.862705    9.885448    1.911735
     6.177295   -4.154552    1.911735
     6.177295    9.885448    1.911735
    -7.862705   -2.865449   -5.108265
    -7.862705   -2.865449    8.931735
     6.177295   -2.865449   -5.108265
     6.177295   -2.865449    8.931735
    -6.177295    2.865449   -8.931735
    -6.177295    2.865449    5.108265
     7.862705    2.865449   -8.931735
     7.862705    2.865449    5.108265
    -0.842705   -4.154552   -8.931735
    -0.842705   -4.154552    5.108265
    -0.842705    9.885448   -8.931735
    -0.842705    9.885448    5.108265
     0.842705   -9.885448   -5.108265
     0.842705   -9.885448    8.931735
     0.842705    4.154552   -5.108265
     0.842705    4.154552    8.931735
     1.911735    0.842705    2.865449
    -1.911736   -0.842705   -2.865449
    -1.911736   -6.177295   -9.885448
    -1.911736   -6.177295    4.154552
    -1.911736    7.862705   -9.885448
    -1.911736    7.862705    4.154552
     1.911735   -7.862705   -4.154552
     1.911735   -7.862705    9.885448
     1.911735    6.177295   -4.154552
     1.911735    6.177295    9.885448
    -5.108265   -7.862705   -2.865449
    -5.108265    6.177295   -2.865449
     8.931735   -7.862705   -2.865449
     8.931735    6.177295   -2.865449
    -8.931735   -6.177295    2.865449
    -8.931735    7.862705    2.865449
     5.108265   -6.177295    2.865449
     5.108265    7.862705    2.865449
    -8.931735   -0.842705   -4.154552
    -8.931735   -0.842705    9.885448
     5.108265   -0.842705   -4.154552
     5.108265   -0.842705    9.885448
    -5.108265    0.842705   -9.885448
    -5.108265    0.842705    4.154552
     8.931735    0.842705   -9.885448
     8.931735    0.842705    4.154552
     2.622259    1.754495   -1.619007
    -2.622258   -1.754495    1.619007
    -9.642260   -1.754495   -8.639008
    -9.642260   -1.754495    5.400993
     4.397741   -1.754495   -8.639008
     4.397741   -1.754495    5.400993
    -4.397741    1.754495   -5.400993
    -4.397741    1.754495    8.639007
     9.642259    1.754495   -5.400993
     9.642259    1.754495    8.639007
    -2.622258   -5.265506   -5.400993
    -2.622258   -5.265506    8.639007
    -2.622258    8.774494   -5.400993
    -2.622258    8.774494    8.639007
     2.622259   -8.774495   -8.639008
     2.622259   -8.774495    5.400993
     2.622259    5.265505   -8.639008
     2.622259    5.265505    5.400993
    -4.397741   -8.774495    1.619007
    -4.397741    5.265505    1.619007
     9.642259   -8.774495    1.619007
     9.642259    5.265505    1.619007
    -9.642260   -5.265506   -1.619007
    -9.642260    8.774494   -1.619007
     4.397741   -5.265506   -1.619007
     4.397741    8.774494   -1.619007
    -1.619007    2.622259    1.754495
     1.619007   -2.622258   -1.754495
    -8.639008   -9.642260   -1.754495
    -8.639008    4.397741   -1.754495
     5.400993   -9.642260   -1.754495
     5.400993    4.397741   -1.754495
    -5.400993   -4.397741    1.754495
    -5.400993    9.642259    1.754495
     8.639007   -4.397741    1.754495
     8.639007    9.642259    1.754495
    -5.400993   -2.622258   -5.265506
    -5.400993   -2.622258    8.774494
     8.639007   -2.622258   -5.265506
     8.639007   -2.622258    8.774494
    -8.639008    2.622259   -8.774495
    -8.639008    2.622259    5.265505
     5.400993    2.622259   -8.774495
     5.400993    2.622259    5.265505
     1.619007   -4.397741   -8.774495
     1.619007   -4.397741    5.265505
     1.619007    9.642259   -8.774495
     1.619007    9.642259    5.265505
    -1.619007   -9.642260   -5.265506
    -1.619007   -9.642260    8.774494
    -1.619007    4.397741   -5.265506
    -1.619007    4.397741    8.774494
     1.754495   -1.619007    2.622259
    -1.754495    1.619007   -2.622258
    -1.754495   -8.639008   -9.642260
    -1.754495   -8.639008    4.397741
    -1.754495    5.400993   -9.642260
    -1.754495    5.400993    4.397741
     1.754495   -5.400993   -4.397741
     1.754495   -5.400993    9.642259
     1.754495    8.639007   -4.397741
     1.754495    8.639007    9.642259
    -5.265506   -5.400993   -2.622258
    -5.265506    8.639007   -2.622258
     8.774494   -5.400993   -2.622258
     8.774494    8.639007   -2.622258
    -8.774495   -8.639008    2.622259
    -8.774495    5.400993    2.622259
     5.265505   -8.639008    2.622259
     5.265505    5.400993    2.622259
    -8.774495    1.619007   -4.397741
    -8.774495    1.619007    9.642259
     5.265505    1.619007   -4.397741
     5.265505    1.619007    9.642259
    -5.265506   -1.619007   -9.642260
    -5.265506   -1.619007    4.397741
     8.774494   -1.619007   -9.642260
     8.774494   -1.619007    4.397741
     3.259150    1.337038   -0.407371
    -3.259151   -1.337038    0.407371
   -10.279150   -1.337038   -7.427371
   -10.279150   -1.337038    6.612629
     3.760850   -1.337038   -7.427371
     3.760850   -1.337038    6.612629
    -3.760850    1.337038   -6.612629
    -3.760850    1.337038    7.427371
    10.279150    1.337038   -6.612629
    10.279150    1.337038    7.427371
    -3.259151   -5.682961   -6.612629
    -3.259151   -5.682961    7.427371
    -3.259151    8.357038   -6.612629
    -3.259151    8.357038    7.427371
     3.259150   -8.357038   -7.427371
     3.259150   -8.357038    6.612629
     3.259150    5.682962   -7.427371
     3.259150    5.682962    6.612629
    -3.760850   -8.357038    0.407371
    -3.760850    5.682962    0.407371
    10.279150   -8.357038    0.407371
    10.279150    5.682962    0.407371
   -10.279150   -5.682961   -0.407371
   -10.279150    8.357038   -0.407371
     3.760850   -5.682961   -0.407371
     3.760850    8.357038   -0.407371
    -0.407371    3.259150    1.337038
     0.407371   -3.259151   -1.337038
    -7.427371  -10.279150   -1.337038
    -7.427371    3.760850   -1.337038
     6.612629  -10.279150   -1.337038
     6.612629    3.760850   -1.337038
    -6.612629   -3.760850    1.337038
    -6.612629   10.279150    1.337038
     7.427371   -3.760850    1.337038
     7.427371   10.279150    1.337038
    -6.612629   -3.259151   -5.682961
    -6.612629   -3.259151    8.357038
     7.427371   -3.259151   -5.682961
     7.427371   -3.259151    8.357038
    -7.427371    3.259150   -8.357038
    -7.427371    3.259150    5.682962
     6.612629    3.259150   -8.357038
     6.612629    3.259150    5.682962
     0.407371   -3.760850   -8.357038
     0.407371   -3.760850    5.682962
     0.407371   10.279150   -8.357038
     0.407371   10.279150    5.682962
    -0.407371  -10.279150   -5.682961
    -0.407371  -10.279150    8.357038
    -0.407371    3.760850   -5.682961
    -0.407371    3.760850    8.357038
     1.337038   -0.407371    3.259150
    -1.337038    0.407371   -3.259151
    -1.337038   -7.427371  -10.279150
    -1.337038   -7.427371    3.760850
    -1.337038    6.612629  -10.279150
    -1.337038    6.612629    3.760850
     1.337038   -6.612629   -3.760850
     1.337038   -6.612629   10.279150
     1.337038    7.427371   -3.760850
     1.337038    7.427371   10.279150
    -5.682961   -6.612629   -3.259151
    -5.682961    7.427371   -3.259151
     8.357038   -6.612629   -3.259151
     8.357038    7.427371   -3.259151
    -8.357038   -7.427371    3.259150
    -8.357038    6.612629    3.259150
     5.682962   -7.427371    3.259150
     5.682962    6.612629    3.259150
    -8.357038    0.407371   -3.760850
    -8.357038    0.407371   10.279150
     5.682962    0.407371   -3.760850
     5.682962    0.407371   10.279150
    -5.682961   -0.407371  -10.279150
    -5.682961   -0.407371    3.760850
     8.357038   -0.407371  -10.279150
     8.357038   -0.407371    3.760850
     0.599595    2.391516   -2.548886
    -0.599595   -2.391516    2.548886
    -7.619595   -2.391516   -9.568886
    -7.619595   -2.391516    4.471114
     6.420405   -2.391516   -9.568886
     6.420405   -2.391516    4.471114
    -6.420405    2.391516   -4.471114
    -6.420405    2.391516    9.568886
     7.619595    2.391516   -4.471114
     7.619595    2.391516    9.568886
    -0.599595   -4.628484   -4.471114
    -0.599595   -4.628484    9.568886
    -0.599595    9.411516   -4.471114
    -0.599595    9.411516    9.568886
     0.599595   -9.411516   -9.568886
     0.599595   -9.411516    4.471114
     0.599595    4.628484   -9.568886
     0.599595    4.628484    4.471114
    -6.420405   -9.411516    2.548886
    -6.420405    4.628484    2.548886
     7.619595   -9.411516    2.548886
     7.619595    4.628484    2.548886
    -7.619595   -4.628484   -2.548886
    -7.619595    9.411516   -2.548886
     6.420405   -4.628484   -2.548886
     6.420405    9.411516   -2.548886
    -2.548886    0.599595    2.391516
     2.548886   -0.599595   -2.391516
    -9.568886   -7.619595   -2.391516
    -9.568886    6.420405   -2.391516
     4.471114   -7.619595   -2.391516
     4.471114    6.420405   -2.391516
    -4.471114   -6.420405    2.391516
    -4.471114    7.619595    2.391516
     9.568886   -6.420405    2.391516
     9.568886    7.619595    2.391516
    -4.471114   -0.599595   -4.628484
    -4.471114   -0.599595    9.411516
     9.568886   -0.599595   -4.628484
     9.568886   -0.599595    9.411516
    -9.568886    0.599595   -9.411516
    -9.568886    0.599595    4.628484
     4.471114    0.599595   -9.411516
     4.471114    0.599595    4.628484
     2.548886   -6.420405   -9.411516
     2.548886   -6.420405    4.628484
     2.548886    7.619595   -9.411516
     2.548886    7.619595    4.628484
    -2.548886   -7.619595   -4.628484
    -2.548886   -7.619595    9.411516
    -2.548886    6.420405   -4.628484
    -2.548886    6.420405    9.411516
     2.391516   -2.548886    0.599595
    -2.391516    2.548886   -0.599595
    -2.391516   -9.568886   -7.619595
    -2.391516   -9.568886    6.420405
    -2.391516    4.471114   -7.619595
    -2.391516    4.471114    6.420405
     2.391516   -4.471114   -6.420405
     2.391516   -4.471114    7.619595
     2.391516    9.568886   -6.420405
     2.391516    9.568886    7.619595
    -4.628484   -4.471114   -0.599595
    -4.628484    9.568886   -0.599595
     9.411516   -4.471114   -0.599595
     9.411516    9.568886   -0.599595
    -9.411516   -9.568886    0.599595
    -9.411516    4.471114    0.599595
     4.628484   -9.568886    0.599595
     4.628484    4.471114    0.599595
    -9.411516    2.548886   -6.420405
    -9.411516    2.548886    7.619595
     4.628484    2.548886   -6.420405
     4.628484    2.548886    7.619595
    -4.628484   -2.548886   -7.619595
    -4.628484   -2.548886    6.420405
     9.411516   -2.548886   -7.619595
     9.411516   -2.548886    6.420405
     0.786179   -2.611080    2.267127
    -0.786179    2.611080   -2.267127
    -7.806179    2.611080   -4.752873
    -7.806179    2.611080    9.287127
     6.233821    2.611080   -4.752873
     6.233821    2.611080    9.287127
    -6.233821   -2.611080   -9.287127
    -6.233821   -2.611080    4.752873
     7.806179   -2.611080   -9.287127
     7.806179   -2.611080    4.752873
    -0.786179   -9.631081   -9.287127
    -0.786179   -9.631081    4.752873
    -0.786179    4.408920   -9.287127
    -0.786179    4.408920    4.752873
     0.786179   -4.408920   -4.752873
     0.786179   -4.408920    9.287127
     0.786179    9.631080   -4.752873
     0.786179    9.631080    9.287127
    -6.233821   -4.408920   -2.267127
    -6.233821    9.631080   -2.267127
     7.806179   -4.408920   -2.267127
     7.806179    9.631080   -2.267127
    -7.806179   -9.631081    2.267127
    -7.806179    4.408920    2.267127
     6.233821   -9.631081    2.267127
     6.233821    4.408920    2.267127
     2.267127    0.786179   -2.611080
    -2.267127   -0.786179    2.611080
    -4.752873   -7.806179    2.611080
    -4.752873    6.233821    2.611080
     9.287127   -7.806179    2.611080
     9.287127    6.233821    2.611080
    -9.287127   -6.233821   -2.611080
    -9.287127    7.806179   -2.611080
     4.752873   -6.233821   -2.611080
     4.752873    7.806179   -2.611080
    -9.287127   -0.786179   -9.631081
    -9.287127   -0.786179    4.408920
     4.752873   -0.786179   -9.631081
     4.752873   -0.786179    4.408920
    -4.752873    0.786179   -4.408920
    -4.752873    0.786179    9.631080
     9.287127    0.786179   -4.408920
     9.287127    0.786179    9.631080
    -2.267127   -6.233821   -4.408920
    -2.267127   -6.233821    9.631080
    -2.267127    7.806179   -4.408920
    -2.267127    7.806179    9.631080
     2.267127   -7.806179   -9.631081
     2.267127   -7.806179    4.408920
     2.267127    6.233821   -9.631081
     2.267127    6.233821    4.408920
    -2.611080    2.267127    0.786179
     2.611080   -2.267127   -0.786179
     2.611080   -4.752873   -7.806179
     2.611080   -4.752873    6.233821
     2.611080    9.287127   -7.806179
     2.611080    9.287127    6.233821
    -2.611080   -9.287127   -6.233821
    -2.611080   -9.287127    7.806179
    -2.611080    4.752873   -6.233821
    -2.611080    4.752873    7.806179
    -9.631081   -9.287127   -0.786179
    -9.631081    4.752873   -0.786179
     4.408920   -9.287127   -0.786179
     4.408920    4.752873   -0.786179
    -4.408920   -4.752873    0.786179
    -4.408920    9.287127    0.786179
     9.631080   -4.752873    0.786179
     9.631080    9.287127    0.786179
    -4.408920   -2.267127   -6.233821
    -4.408920   -2.267127    7.806179
     9.631080   -2.267127   -6.233821
     9.631080   -2.267127    7.806179
    -9.631081    2.267127   -7.806179
    -9.631081    2.267127    6.233821
     4.408920    2.267127   -7.806179
     4.408920    2.267127    6.233821
     0.187806   -3.540909    0.048735
    -0.187806    3.540909   -0.048735
    -7.207806    3.540909   -6.971265
    -7.207806    3.540909    7.068735
     6.832194    3.540909   -6.971265
     6.832194    3.540909    7.068735
    -6.832194   -3.540909   -7.068735
    -6.832194   -3.540909    6.971265
     7.207806   -3.540909   -7.068735
     7.207806   -3.540909    6.971265
    -0.187806  -10.560909   -7.068735
    -0.187806  -10.560909    6.971265
    -0.187806    3.479091   -7.068735
    -0.187806    3.479091    6.971265
     0.187806   -3.479091   -6.971265
     0.187806   -3.479091    7.068735
     0.187806   10.560909   -6.971265
     0.187806   10.560909    7.068735
    -6.832194   -3.479091   -0.048735
    -6.832194   10.560909   -0.048735
     7.207806   -3.479091   -0.048735
     7.207806   10.560909   -0.048735
    -7.207806  -10.560909    0.048735
    -7.207806    3.479091    0.048735
     6.832194  -10.560909    0.048735
     6.832194    3.479091    0.048735
     0.048735    0.187806   -3.540909
    -0.048735   -0.187806    3.540909
    -6.971265   -7.207806    3.540909
    -6.971265    6.832194    3.540909
     7.068735   -7.207806    3.540909
     7.068735    6.832194    3.540909
    -7.068735   -6.832194   -3.540909
    -7.068735    7.207806   -3.540909
     6.971265   -6.832194   -3.540909
     6.971265    7.207806   -3.540909
    -7.068735   -0.187806  -10.560909
    -7.068735   -0.187806    3.479091
     6.971265   -0.187806  -10.560909
     6.971265   -0.187806    3.479091
    -6.971265    0.187806   -3.479091
    -6.971265    0.187806   10.560909
     7.068735    0.187806   -3.479091
     7.068735    0.187806   10.560909
    -0.048735   -6.832194   -3.479091
    -0.048735   -6.832194   10.560909
    -0.048735    7.207806   -3.479091
    -0.048735    7.207806   10.560909
     0.048735   -7.207806  -10.560909
     0.048735   -7.207806    3.479091
     0.048735    6.832194  -10.560909
     0.048735    6.832194    3.479091
    -3.540909    0.048735    0.187806
     3.540909   -0.048735   -0.187806
     3.540909   -6.971265   -7.207806
     3.540909   -6.971265    6.832194
     3.540909    7.068735   -7.207806
     3.540909    7.068735    6.832194
    -3.540909   -7.068735   -6.832194
    -3.540909   -7.068735    7.207806
    -3.540909    6.971265   -6.832194
    -3.540909    6.971265    7.207806
   -10.560909   -7.068735   -0.187806
   -10.560909    6.971265   -0.187806
     3.479091   -7.068735   -0.187806
     3.479091    6.971265   -0.187806
    -3.479091   -6.971265    0.187806
    -3.479091    7.068735    0.187806
    10.560909   -6.971265    0.187806
    10.560909    7.068735    0.187806
    -3.479091   -0.048735   -6.832194
    -3.479091   -0.048735    7.207806
    10.560909   -0.048735   -6.832194
    10.560909   -0.048735    7.207806
   -10.560909    0.048735   -7.207806
   -10.560909    0.048735    6.832194
     3.479091    0.048735   -7.207806
     3.479091    0.048735    6.832194
     1.179879   -3.185776    1.017052
    -1.179879    3.185776   -1.017052
    -8.199879    3.185776   -6.002948
    -8.199879    3.185776    8.037052
     5.840121    3.185776   -6.002948
     5.840121    3.185776    8.037052
    -5.840121   -3.185776   -8.037052
    -5.840121   -3.185776    6.002948
     8.199879   -3.185776   -8.037052
     8.199879   -3.185776    6.002948
    -1.179879  -10.205776   -8.037052
    -1.179879  -10.205776    6.002948
    -1.179879    3.834224   -8.037052
    -1.179879    3.834224    6.002948
     1.179879   -3.834224   -6.002948
     1.179879   -3.834224    8.037052
     1.179879   10.205776   -6.002948
     1.179879   10.205776    8.037052
    -5.840121   -3.834224   -1.017052
    -5.840121   10.205776   -1.017052
     8.199879   -3.834224   -1.017052
     8.199879   10.205776   -1.017052
    -8.199879  -10.205776    1.017052
    -8.199879    3.834224    1.017052
     5.840121  -10.205776    1.017052
     5.840121    3.834224    1.017052
     1.017052    1.179879   -3.185776
    -1.017052   -1.179879    3.185776
    -6.002948   -8.199879    3.185776
    -6.002948    5.840121    3.185776
     8.037052   -8.199879    3.185776
     8.037052    5.840121    3.185776
    -8.037052   -5.840121   -3.185776
    -8.037052    8.199879   -3.185776
     6.002948   -5.840121   -3.185776
     6.002948    8.199879   -3.185776
    -8.037052   -1.179879  -10.205776
    -8.037052   -1.179879    3.834224
     6.002948   -1.179879  -10.205776
     6.002948   -1.179879    3.834224
    -6.002948    1.179879   -3.834224
    -6.002948    1.179879   10.205776
     8.037052    1.179879   -3.834224
     8.037052    1.179879   10.205776
    -1.017052   -5.840121   -3.834224
    -1.017052   -5.840121   10.205776
    -1.017052    8.199879   -3.834224
    -1.017052    8.199879   10.205776
     1.017052   -8.199879  -10.205776
     1.017052   -8.199879    3.834224
     1.017052    5.840121  -10.205776
     1.017052    5.840121    3.834224
    -3.185776    1.017052    1.179879
     3.185776   -1.017052   -1.179879
     3.185776   -6.002948   -8.199879
     3.185776   -6.002948    5.840121
     3.185776    8.037052   -8.199879
     3.185776    8.037052    5.840121
    -3.185776   -8.037052   -5.840121
    -3.185776   -8.037052    8.199879
    -3.185776    6.002948   -5.840121
    -3.185776    6.002948    8.199879
   -10.205776   -8.037052   -1.179879
   -10.205776    6.002948   -1.179879
     3.834224   -8.037052   -1.179879
     3.834224    6.002948   -1.179879
    -3.834224   -6.002948    1.179879
    -3.834224    8.037052    1.179879
    10.205776   -6.002948    1.179879
    10.205776    8.037052    1.179879
    -3.834224   -1.017052   -5.840121
    -3.834224   -1.017052    8.199879
    10.205776   -1.017052   -5.840121
    10.205776   -1.017052    8.199879
   -10.205776    1.017052   -8.199879
   -10.205776    1.017052    5.840121
     3.834224    1.017052   -8.199879
     3.834224    1.017052    5.840121
