780
     1.594578   -0.528799    3.123039
    -1.594579    0.528799   -3.123039
    -8.614578    0.528799   -3.896961
    -8.614578    0.528799   10.143039
     5.425422    0.528799   -3.896961
     5.425422    0.528799   10.143039
    -5.425422   -0.528799  -10.143039
    -5.425422   -0.528799    3.896961
     8.614578   -0.528799  -10.143039
     8.614578   -0.528799    3.896961
    -1.594579   -7.548800  -10.143039
    -1.594579   -7.548800    3.896961
    -1.594579    6.491200  -10.143039
    -1.594579    6.491200    3.896961
     1.594578   -6.491201   -3.896961
     1.594578   -6.491201   10.143039
     1.594578    7.548799   -3.896961
     1.594578    7.548799   10.143039
    -5.425422   -6.491201   -3.123039
    -5.425422    7.548799   -3.123039
     8.614578   -6.491201   -3.123039
     8.614578    7.548799   -3.123039
    -8.614578   -7.548800    3.123039
    -8.614578    6.491200    3.123039
     5.425422   -7.548800    3.123039
     5.425422    6.491200    3.123039
     3.123039    1.594578   -0.528799
    -3.123039   -1.594579    0.528799
    -3.896961   -8.614578    0.528799
    -3.896961    5.425422    0.528799
    10.143039   -8.614578    0.528799
    10.143039    5.425422    0.528799
   -10.143039   -5.425422   -0.528799
   -10.143039    8.614578   -0.528799
     3.896961   -5.425422   -0.528799
     3.896961    8.614578   -0.528799
   -10.143039   -1.594579   -7.548800
   -10.143039   -1.594579    6.491200
     3.896961   -1.594579   -7.548800
     3.896961   -1.594579    6.491200
    -3.896961    1.594578   -6.491201
    -3.896961    1.594578    7.548799
    10.143039    1.594578   -6.491201
    10.143039    1.594578    7.548799
    -3.123039   -5.425422   -6.491201
    -3.123039   -5.425422    7.548799
    -3.123039    8.614578   -6.491201
    -3.123039    8.614578    7.548799
     3.123039   -8.614578   -7.548800
     3.123039   -8.614578    6.491200
     3.123039    5.425422   -7.548800
     3.123039    5.425422    6.491200
    -0.528799    3.123039    1.594578
     0.528799   -3.123039   -1.594579
     0.528799   -3.896961   -8.614578
     0.528799   -3.896961    5.425422
     0.528799   10.143039   -8.614578
     0.528799   10.143039    5.425422
    -0.528799  -10.143039   -5.425422
    -0.528799  -10.143039    8.614578
    -0.528799    3.896961   -5.425422
    -0.528799    3.896961    8.614578
    -7.548800  -10.143039   -1.594579
    -7.548800    3.896961   -1.594579
     6.491200  -10.143039   -1.594579
     6.491200    3.896961   -1.594579
    -6.491201   -3.896961    1.594578
    -6.491201   10.143039    1.594578
     7.548799   -3.896961    1.594578
     7.548799   10.143039    1.594578
    -6.491201   -3.123039   -5.425422
    -6.491201   -3.123039    8.614578
     7.548799   -3.123039   -5.425422
     7.548799   -3.123039    8.614578
    -7.548800    3.123039   -8.614578
    -7.548800    3.123039    5.425422
     6.491200    3.123039   -8.614578
     6.491200    3.123039    5.425422
     2.903888    0.881143    1.834858
    -2.903888   -0.881143   -1.834858
    -9.923887   -0.881143   -5.185142
    -9.923887   -0.881143    8.854858
     4.116112   -0.881143   -5.185142
     4.116112   -0.881143    8.854858
    -4.116113    0.881143   -8.854858
    -4.116113    0.881143    5.185142
     9.923887    0.881143   -8.854858
     9.923887    0.881143    5.185142
    -2.903888   -6.138857   -8.854858
    -2.903888   -6.138857    5.185142
    -2.903888    7.901143   -8.854858
    -2.903888    7.901143    5.185142
     2.903888   -7.901143   -5.185142
     2.903888   -7.901143    8.854858
     2.903888    6.138857   -5.185142
     2.903888    6.138857    8.854858
    -4.116113   -7.901143   -1.834858
    -4.116113    6.138857   -1.834858
     9.923887   -7.901143   -1.834858
     9.923887    6.138857   -1.834858
    -9.923887   -6.138857    1.834858
    -9.923887    7.901143    1.834858
     4.116112   -6.138857    1.834858
     4.116112    7.901143    1.834858
     1.834858    2.903888    0.881143
    -1.834858   -2.903888   -0.881143
    -5.185142   -9.923887   -0.881143
    -5.185142    4.116112   -0.881143
     8.854858   -9.923887   -0.881143
     8.854858    4.116112   -0.881143
    -8.854858   -4.116113    0.881143
    -8.854858    9.923887    0.881143
     5.185142   -4.116113    0.881143
     5.185142    9.923887    0.881143
    -8.854858   -2.903888   -6.138857
    -8.854858   -2.903888    7.901143
     5.185142   -2.903888   -6.138857
     5.185142   -2.903888    7.901143
    -5.185142    2.903888   -7.901143
    -5.185142    2.903888    6.138857
     8.854858    2.903888   -7.901143
     8.854858    2.903888    6.138857
    -1.834858   -4.116113   -7.901143
    -1.834858   -4.116113    6.138857
    -1.834858    9.923887   -7.901143
    -1.834858    9.923887    6.138857
     1.834858   -9.923887   -6.138857
     1.834858   -9.923887    7.901143
     1.834858    4.116112   -6.138857
     1.834858    4.116112    7.901143
     0.881143    1.834858    2.903888
    -0.881143   -1.834858   -2.903888
    -0.881143   -5.185142   -9.923887
    -0.881143   -5.185142    4.116112
    -0.881143    8.854858   -9.923887
    -0.881143    8.854858    4.116112
     0.881143   -8.854858   -4.116113
     0.881143   -8.854858    9.923887
     0.881143    5.185142   -4.116113
     0.881143    5.185142    9.923887
    -6.138857   -8.854858   -2.903888
    -6.138857    5.185142   -2.903888
     7.901143   -8.854858   -2.903888
     7.901143    5.185142   -2.903888
    -7.901143   -5.185142    2.903888
    -7.901143    8.854858    2.903888
     6.138857   -5.185142    2.903888
     6.138857    8.854858    2.903888
    -7.901143   -1.834858   -4.116113
    -7.901143   -1.834858    9.923887
     6.138857   -1.834858   -4.116113
     6.138857   -1.834858    9.923887
    -6.138857    1.834858   -9.923887
    -6.138857    1.834858    4.116112
     7.901143    1.834858   -9.923887
     7.901143    1.834858    4.116112
    -2.251647   -2.390718    1.337997
     2.251646    2.390718   -1.337997
    -4.768353    2.390718   -5.682003
    -4.768353    2.390718    8.357997
     9.271646    2.390718   -5.682003
     9.271646    2.390718    8.357997
    -9.271646   -2.390718   -8.357997
    -9.271646   -2.390718    5.682003
     4.768353   -2.390718   -8.357997
     4.768353   -2.390718    5.682003
     2.251646   -9.410718   -8.357997
     2.251646   -9.410718    5.682003
     2.251646    4.629282   -8.357997
     2.251646    4.629282    5.682003
    -2.251647   -4.629282   -5.682003
    -2.251647   -4.629282    8.357997
    -2.251647    9.410718   -5.682003
    -2.251647    9.410718    8.357997
    -9.271646   -4.629282   -1.337997
    -9.271646    9.410718   -1.337997
     4.768353   -4.629282   -1.337997
     4.768353    9.410718   -1.337997
    -4.768353   -9.410718    1.337997
    -4.768353    4.629282    1.337997
     9.271646   -9.410718    1.337997
     9.271646    4.629282    1.337997
     1.337997   -2.251647   -2.390718
    -1.337997    2.251646    2.390718
    -5.682003   -4.768353    2.390718
    -5.682003    9.271646    2.390718
     8.357997   -4.768353    2.390718
     8.357997    9.271646    2.390718
    -8.357997   -9.271646   -2.390718
    -8.357997    4.768353   -2.390718
     5.682003   -9.271646   -2.390718
     5.682003    4.768353   -2.390718
    -8.357997    2.251646   -9.410718
    -8.357997    2.251646    4.629282
     5.682003    2.251646   -9.410718
     5.682003    2.251646    4.629282
    -5.682003   -2.251647   -4.629282
    -5.682003   -2.251647    9.410718
     8.357997   -2.251647   -4.629282
     8.357997   -2.251647    9.410718
    -1.337997   -9.271646   -4.629282
    -1.337997   -9.271646    9.410718
    -1.337997    4.768353   -4.629282
    -1.337997    4.768353    9.410718
     1.337997   -4.768353   -9.410718
     1.337997   -4.768353    4.629282
     1.337997    9.271646   -9.410718
     1.337997    9.271646    4.629282
    -2.390718    1.337997   -2.251647
     2.390718   -1.337997    2.251646
     2.390718   -5.682003   -4.768353
     2.390718   -5.682003    9.271646
     2.390718    8.357997   -4.768353
     2.390718    8.357997    9.271646
    -2.390718   -8.357997   -9.271646
    -2.390718   -8.357997    4.768353
    -2.390718    5.682003   -9.271646
    -2.390718    5.682003    4.768353
    -9.410718   -8.357997    2.251646
    -9.410718    5.682003    2.251646
     4.629282   -8.357997    2.251646
     4.629282    5.682003    2.251646
    -4.629282   -5.682003   -2.251647
    -4.629282    8.357997   -2.251647
     9.410718   -5.682003   -2.251647
     9.410718    8.357997   -2.251647
    -4.629282   -1.337997   -9.271646
    -4.629282   -1.337997    4.768353
     9.410718   -1.337997   -9.271646
     9.410718   -1.337997    4.768353
    -9.410718    1.337997   -4.768353
    -9.410718    1.337997    9.271646
     4.629282    1.337997   -4.768353
     4.629282    1.337997    9.271646
    -1.676282   -1.839110    2.526546
     1.676282    1.839110   -2.526546
    -5.343719    1.839110   -4.493454
    -5.343719    1.839110    9.546546
     8.696281    1.839110   -4.493454
     8.696281    1.839110    9.546546
    -8.696281   -1.839110   -9.546545
    -8.696281   -1.839110    4.493454
     5.343718   -1.839110   -9.546545
     5.343718   -1.839110    4.493454
     1.676282   -8.859110   -9.546545
     1.676282   -8.859110    4.493454
     1.676282    5.180891   -9.546545
     1.676282    5.180891    4.493454
    -1.676282   -5.180890   -4.493454
    -1.676282   -5.180890    9.546546
    -1.676282    8.859110   -4.493454
    -1.676282    8.859110    9.546546
    -8.696281   -5.180890   -2.526546
    -8.696281    8.859110   -2.526546
     5.343718   -5.180890   -2.526546
     5.343718    8.859110   -2.526546
    -5.343719   -8.859110    2.526546
    -5.343719    5.180891    2.526546
     8.696281   -8.859110    2.526546
     8.696281    5.180891    2.526546
     2.526546   -1.676282   -1.839110
    -2.526546    1.676282    1.839110
    -4.493454   -5.343719    1.839110
    -4.493454    8.696281    1.839110
     9.546546   -5.343719    1.839110
     9.546546    8.696281    1.839110
    -9.546545   -8.696281   -1.839110
    -9.546545    5.343718   -1.839110
     4.493454   -8.696281   -1.839110
     4.493454    5.343718   -1.839110
    -9.546545    1.676282   -8.859110
    -9.546545    1.676282    5.180891
     4.493454    1.676282   -8.859110
     4.493454    1.676282    5.180891
    -4.493454   -1.676282   -5.180890
    -4.493454   -1.676282    8.859110
     9.546546   -1.676282   -5.180890
     9.546546   -1.676282    8.859110
    -2.526546   -8.696281   -5.180890
    -2.526546   -8.696281    8.859110
    -2.526546    5.343718   -5.180890
    -2.526546    5.343718    8.859110
     2.526546   -5.343719   -8.859110
     2.526546   -5.343719    5.180891
     2.526546    8.696281   -8.859110
     2.526546    8.696281    5.180891
    -1.839110    2.526546   -1.676282
     1.839110   -2.526546    1.676282
     1.839110   -4.493454   -5.343719
     1.839110   -4.493454    8.696281
     1.839110    9.546546   -5.343719
     1.839110    9.546546    8.696281
    -1.839110   -9.546545   -8.696281
    -1.839110   -9.546545    5.343718
    -1.839110    4.493454   -8.696281
    -1.839110    4.493454    5.343718
    -8.859110   -9.546545    1.676282
    -8.859110    4.493454    1.676282
     5.180891   -9.546545    1.676282
     5.180891    4.493454    1.676282
    -5.180890   -4.493454   -1.676282
    -5.180890    9.546546   -1.676282
     8.859110   -4.493454   -1.676282
     8.859110    9.546546   -1.676282
    -5.180890   -2.526546   -8.696281
    -5.180890   -2.526546    5.343718
     8.859110   -2.526546   -8.696281
     8.859110   -2.526546    5.343718
    -8.859110    2.526546   -5.343719
    -8.859110    2.526546    8.696281
     5.180891    2.526546   -5.343719
     5.180891    2.526546    8.696281
     3.199916   -0.466604    1.455507
    -3.199916    0.466605   -1.455506
   -10.219915    0.466605   -5.564493
   -10.219915    0.466605    8.475507
     3.820084    0.466605   -5.564493
     3.820084    0.466605    8.475507
    -3.820085   -0.466604   -8.475507
    -3.820085   -0.466604    5.564493
    10.219915   -0.466604   -8.475507
    10.219915   -0.466604    5.564493
    -3.199916   -7.486605   -8.475507
    -3.199916   -7.486605    5.564493
    -3.199916    6.553395   -8.475507
    -3.199916    6.553395    5.564493
     3.199916   -6.553395   -5.564493
     3.199916   -6.553395    8.475507
     3.199916    7.486605   -5.564493
     3.199916    7.486605    8.475507
    -3.820085   -6.553395   -1.455506
    -3.820085    7.486605   -1.455506
    10.219915   -6.553395   -1.455506
    10.219915    7.486605   -1.455506
   -10.219915   -7.486605    1.455507
   -10.219915    6.553395    1.455507
     3.820084   -7.486605    1.455507
     3.820084    6.553395    1.455507
     1.455507    3.199916   -0.466604
    -1.455506   -3.199916    0.466605
    -5.564493  -10.219915    0.466605
    -5.564493    3.820084    0.466605
     8.475507  -10.219915    0.466605
     8.475507    3.820084    0.466605
    -8.475507   -3.820085   -0.466604
    -8.475507   10.219915   -0.466604
     5.564493   -3.820085   -0.466604
     5.564493   10.219915   -0.466604
    -8.475507   -3.199916   -7.486605
    -8.475507   -3.199916    6.553395
     5.564493   -3.199916   -7.486605
     5.564493   -3.199916    6.553395
    -5.564493    3.199916   -6.553395
    -5.564493    3.199916    7.486605
     8.475507    3.199916   -6.553395
     8.475507    3.199916    7.486605
    -1.455506   -3.820085   -6.553395
    -1.455506   -3.820085    7.486605
    -1.455506   10.219915   -6.553395
    -1.455506   10.219915    7.486605
     1.455507  -10.219915   -7.486605
     1.455507  -10.219915    6.553395
     1.455507    3.820084   -7.486605
     1.455507    3.820084    6.553395
    -0.466604    1.455507    3.199916
     0.466605   -1.455506   -3.199916
     0.466605   -5.564493  -10.219915
     0.466605   -5.564493    3.820084
     0.466605    8.475507  -10.219915
     0.466605    8.475507    3.820084
    -0.466604   -8.475507   -3.820085
    -0.466604   -8.475507   10.219915
    -0.466604    5.564493   -3.820085
    -0.466604    5.564493   10.219915
    -7.486605   -8.475507   -3.199916
    -7.486605    5.564493   -3.199916
     6.553395   -8.475507   -3.199916
     6.553395    5.564493   -3.199916
    -6.553395   -5.564493    3.199916
    -6.553395    8.475507    3.199916
     7.486605   -5.564493    3.199916
     7.486605    8.475507    3.199916
    -6.553395   -1.455506   -3.820085
    -6.553395   -1.455506   10.219915
     7.486605   -1.455506   -3.820085
     7.486605   -1.455506   10.219915
    -7.486605    1.455507  -10.219915
    -7.486605    1.455507    3.820084
     6.553395    1.455507  -10.219915
     6.553395    1.455507    3.820084
     2.843702   -0.304778   -2.096699
    -2.843702    0.304778    2.096699
    -9.863703    0.304778   -9.116699
    -9.863703    0.304778    4.923301
     4.176298    0.304778   -9.116699
     4.176298    0.304778    4.923301
    -4.176297   -0.304778   -4.923301
    -4.176297   -0.304778    9.116699
     9.863703   -0.304778   -4.923301
     9.863703   -0.304778    9.116699
    -2.843702   -7.324778   -4.923301
    -2.843702   -7.324778    9.116699
    -2.843702    6.715222   -4.923301
    -2.843702    6.715222    9.116699
     2.843702   -6.715222   -9.116699
     2.843702   -6.715222    4.923301
     2.843702    7.324778   -9.116699
     2.843702    7.324778    4.923301
    -4.176297   -6.715222    2.096699
    -4.176297    7.324778    2.096699
     9.863703   -6.715222    2.096699
     9.863703    7.324778    2.096699
    -9.863703   -7.324778   -2.096699
    -9.863703    6.715222   -2.096699
     4.176298   -7.324778   -2.096699
     4.176298    6.715222   -2.096699
    -2.096699    2.843702   -0.304778
     2.096699   -2.843702    0.304778
    -9.116699   -9.863703    0.304778
    -9.116699    4.176298    0.304778
     4.923301   -9.863703    0.304778
     4.923301    4.176298    0.304778
    -4.923301   -4.176297   -0.304778
    -4.923301    9.863703   -0.304778
     9.116699   -4.176297   -0.304778
     9.116699    9.863703   -0.304778
    -4.923301   -2.843702   -7.324778
    -4.923301   -2.843702    6.715222
     9.116699   -2.843702   -7.324778
     9.116699   -2.843702    6.715222
    -9.116699    2.843702   -6.715222
    -9.116699    2.843702    7.324778
     4.923301    2.843702   -6.715222
     4.923301    2.843702    7.324778
     2.096699   -4.176297   -6.715222
     2.096699   -4.176297    7.324778
     2.096699    9.863703   -6.715222
     2.096699    9.863703    7.324778
    -2.096699   -9.863703   -7.324778
    -2.096699   -9.863703    6.715222
    -2.096699    4.176298   -7.324778
    -2.096699    4.176298    6.715222
    -0.304778   -2.096699    2.843702
     0.304778    2.096699   -2.843702
     0.304778   -9.116699   -9.863703
     0.304778   -9.116699    4.176298
     0.304778    4.923301   -9.863703
     0.304778    4.923301    4.176298
    -0.304778   -4.923301   -4.176297
    -0.304778   -4.923301    9.863703
    -0.304778    9.116699   -4.176297
    -0.304778    9.116699    9.863703
    -7.324778   -4.923301   -2.843702
    -7.324778    9.116699   -2.843702
     6.715222   -4.923301   -2.843702
     6.715222    9.116699   -2.843702
    -6.715222   -9.116699    2.843702
    -6.715222    4.923301    2.843702
     7.324778   -9.116699    2.843702
     7.324778    4.923301    2.843702
    -6.715222    2.096699   -4.176297
    -6.715222    2.096699    9.863703
     7.324778    2.096699   -4.176297
     7.324778    2.096699    9.863703
    -7.324778   -2.096699   -9.863703
    -7.324778   -2.096699    4.176298
     6.715222   -2.096699   -9.863703
     6.715222   -2.096699    4.176298
     0.246830   -0.908151    3.419067
    -0.246830    0.908150   -3.419066
    -7.266830    0.908150   -3.600934
    -7.266830    0.908150   10.439066
     6.773170    0.908150   -3.600934
     6.773170    0.908150   10.439066
    -6.773170   -0.908151  -10.439067
    -6.773170   -0.908151    3.600933
     7.266830   -0.908151  -10.439067
     7.266830   -0.908151    3.600933
    -0.246830   -7.928151  -10.439067
    -0.246830   -7.928151    3.600933
    -0.246830    6.111849  -10.439067
    -0.246830    6.111849    3.600933
     0.246830   -6.111849   -3.600934
     0.246830   -6.111849   10.439066
     0.246830    7.928151   -3.600934
     0.246830    7.928151   10.439066
    -6.773170   -6.111849   -3.419066
    -6.773170    7.928151   -3.419066
     7.266830   -6.111849   -3.419066
     7.266830    7.928151   -3.419066
    -7.266830   -7.928151    3.419067
    -7.266830    6.111849    3.419067
     6.773170   -7.928151    3.419067
     6.773170    6.111849    3.419067
     3.419067    0.246830   -0.908151
    -3.419066   -0.246830    0.908150
    -3.600934   -7.266830    0.908150
    -3.600934    6.773170    0.908150
    10.439066   -7.266830    0.908150
    10.439066    6.773170    0.908150
   -10.439067   -6.773170   -0.908151
   -10.439067    7.266830   -0.908151
     3.600933   -6.773170   -0.908151
     3.600933    7.266830   -0.908151
   -10.439067   -0.246830   -7.928151
   -10.439067   -0.246830    6.111849
     3.600933   -0.246830   -7.928151
     3.600933   -0.246830    6.111849
    -3.600934    0.246830   -6.111849
    -3.600934    0.246830    7.928151
    10.439066    0.246830   -6.111849
    10.439066    0.246830    7.928151
    -3.419066   -6.773170   -6.111849
    -3.419066   -6.773170    7.928151
    -3.419066    7.266830   -6.111849
    -3.419066    7.266830    7.928151
     3.419067   -7.266830   -7.928151
     3.419067   -7.266830    6.111849
     3.419067    6.773170   -7.928151
     3.419067    6.773170    6.111849
    -0.908151    3.419067    0.246830
     0.908150   -3.419066   -0.246830
     0.908150   -3.600934   -7.266830
     0.908150   -3.600934    6.773170
     0.908150   10.439066   -7.266830
     0.908150   10.439066    6.773170
    -0.908151  -10.439067   -6.773170
    -0.908151  -10.439067    7.266830
    -0.908151    3.600933   -6.773170
    -0.908151    3.600933    7.266830
    -7.928151  -10.439067   -0.246830
    -7.928151    3.600933   -0.246830
     6.111849  -10.439067   -0.246830
     6.111849    3.600933   -0.246830
    -6.111849   -3.600934    0.246830
    -6.111849   10.439066    0.246830
     7.928151   -3.600934    0.246830
     7.928151   10.439066    0.246830
    -6.111849   -3.419066   -6.773170
    -6.111849   -3.419066    7.266830
     7.928151   -3.419066   -6.773170
     7.928151   -3.419066    7.266830
    -7.928151    3.419067   -7.266830
    -7.928151    3.419067    6.773170
     6.111849    3.419067   -7.266830
     6.111849    3.419067    6.773170
     2.865449    1.911735    0.842705
    -2.865450   -1.911735   -0.842705
    -9.885449   -1.911735   -6.177295
    -9.885449   -1.911735    7.862705
     4.154551   -1.911735   -6.177295
     4.154551   -1.911735    7.862705
    -4.154551    1.911735   -7.862705
    -4.154551    1.911735    6.177295
     9.885449    1.911735   -7.862705
     9.885449    1.911735    6.177295
    -2.865450   -5.108266   -7.862705
    -2.865450   -5.108266    6.177295
    -2.865450    8.931734   -7.862705
    -2.865450    8.931734    6.177295
     2.865449   -8.931734   -6.177295
     2.865449   -8.931734    7.862705
     2.865449    5.108266   -6.177295
     2.865449    5.108266    7.862705
    -4.154551   -8.931734   -0.842705
    -4.154551    5.108266   -0.842705
     9.885449   -8.931734   -0.842705
     9.885449    5.108266   -0.842705
    -9.885449   -5.108266    0.842705
    -9.885449    8.931734    0.842705
     4.154551   -5.108266    0.842705
     4.154551    8.931734    0.842705
     0.842705    2.865449    1.911735
    -0.842705   -2.865450   -1.911735
    -6.177295   -9.885449   -1.911735
    -6.177295    4.154551   -1.911735
     7.862705   -9.885449   -1.911735
     7.862705    4.154551   -1.911735
    -7.862705   -4.154551    1.911735
    -7.862705    9.885449    1.911735
     6.177295   -4.154551    1.911735
     6.177295    9.885449    1.911735
    -7.862705   -2.865450   -5.108266
    -7.862705   -2.865450    8.931734
     6.177295   -2.865450   -5.108266
     6.177295   -2.865450    8.931734
    -6.177295    2.865449   -8.931734
    -6.177295    2.865449    5.108266
     7.862705    2.865449   -8.931734
     7.862705    2.865449    5.108266
    -0.842705   -4.154551   -8.931734
    -0.842705   -4.154551    5.108266
    -0.842705    9.885449   -8.931734
    -0.842705    9.885449    5.108266
     0.842705   -9.885449   -5.108266
     0.842705   -9.885449    8.931734
     0.842705    4.154551   -5.108266
     0.842705    4.154551    8.931734
     1.911735    0.842705    2.865449
    -1.911735   -0.842705   -2.865450
    -1.911735   -6.177295   -9.885449
    -1.911735   -6.177295    4.154551
    -1.911735    7.862705   -9.885449
    -1.911735    7.862705    4.154551
     1.911735   -7.862705   -4.154551
     1.911735   -7.862705    9.885449
     1.911735    6.177295   -4.154551
     1.911735    6.177295    9.885449
    -5.108266   -7.862705   -2.865450
    -5.108266    6.177295   -2.865450
     8.931734   -7.862705   -2.865450
     8.931734    6.177295   -2.865450
    -8.931734   -6.177295    2.865449
    -8.931734    7.862705    2.865449
     5.108266   -6.177295    2.865449
     5.108266    7.862705    2.865449
    -8.931734   -0.842705   -4.154551
    -8.931734   -0.842705    9.885449
     5.108266   -0.842705   -4.154551
     5.108266   -0.842705    9.885449
    -5.108266    0.842705   -9.885449
    -5.108266    0.842705    4.154551
     8.931734    0.842705   -9.885449
     8.931734    0.842705    4.154551
     3.457505   -0.783761    0.084003
    -3.457505    0.783761   -0.084002
   -10.477505    0.783761   -6.935997
   -10.477505    0.783761    7.104003
     3.562495    0.783761   -6.935997
     3.562495    0.783761    7.104003
    -3.562494   -0.783761   -7.104002
    -3.562494   -0.783761    6.935997
    10.477506   -0.783761   -7.104002
    10.477506   -0.783761    6.935997
    -3.457505   -7.803761   -7.104002
    -3.457505   -7.803761    6.935997
    -3.457505    6.236239   -7.104002
    -3.457505    6.236239    6.935997
     3.457505   -6.236239   -6.935997
     3.457505   -6.236239    7.104003
     3.457505    7.803761   -6.935997
     3.457505    7.803761    7.104003
    -3.562494   -6.236239   -0.084002
    -3.562494    7.803761   -0.084002
    10.477506   -6.236239   -0.084002
    10.477506    7.803761   -0.084002
   -10.477505   -7.803761    0.084003
   -10.477505    6.236239    0.084003
     3.562495   -7.803761    0.084003
     3.562495    6.236239    0.084003
     0.084003    3.457505   -0.783761
    -0.084002   -3.457505    0.783761
    -6.935997  -10.477505    0.783761
    -6.935997    3.562495    0.783761
     7.104003  -10.477505    0.783761
     7.104003    3.562495    0.783761
    -7.104002   -3.562494   -0.783761
    -7.104002   10.477506   -0.783761
     6.935997   -3.562494   -0.783761
     6.935997   10.477506   -0.783761
    -7.104002   -3.457505   -7.803761
    -7.104002   -3.457505    6.236239
     6.935997   -3.457505   -7.803761
     6.935997   -3.457505    6.236239
    -6.935997    3.457505   -6.236239
    -6.935997    3.457505    7.803761
     7.104003    3.457505   -6.236239
     7.104003    3.457505    7.803761
    -0.084002   -3.562494   -6.236239
    -0.084002   -3.562494    7.803761
    -0.084002   10.477506   -6.236239
    -0.084002   10.477506    7.803761
     0.084003  -10.477505   -7.803761
     0.084003  -10.477505    6.236239
     0.084003    3.562495   -7.803761
     0.084003    3.562495    6.236239
    -0.783761    0.084003    3.457505
     0.783761   -0.084002   -3.457505
     0.783761   -6.935997  -10.477505
     0.783761   -6.935997    3.562495
     0.783761    7.104003  -10.477505
     0.783761    7.104003    3.562495
    -0.783761   -7.104002   -3.562494
    -0.783761   -7.104002   10.477506
    -0.783761    6.935997   -3.562494
    -0.783761    6.935997   10.477506
    -7.803761   -7.104002   -3.457505
    -7.803761    6.935997   -3.457505
     6.236239   -7.104002   -3.457505
     6.236239    6.935997   -3.457505
    -6.236239   -6.935997    3.457505
    -6.236239    7.104003    3.457505
     7.803761   -6.935997    3.457505
     7.803761    7.104003    3.457505
    -6.236239   -0.084002   -3.562494
    -6.236239   -0.084002   10.477506
     7.803761   -0.084002   -3.562494
     7.803761   -0.084002   10.477506
    -7.803761    0.084003  -10.477505
    -7.803761    0.084003    3.562495
     6.236239    0.084003  -10.477505
     6.236239    0.084003    3.562495
    -1.972310   -0.491362    2.905897
     1.972310    0.491362   -2.905897
    -5.047690    0.491362   -4.114103
    -5.047690    0.491362    9.925897
     8.992310    0.491362   -4.114103
     8.992310    0.491362    9.925897
    -8.992310   -0.491362   -9.925898
    -8.992310   -0.491362    4.114103
     5.047690   -0.491362   -9.925898
     5.047690   -0.491362    4.114103
     1.972310   -7.511362   -9.925898
     1.972310   -7.511362    4.114103
     1.972310    6.528638   -9.925898
     1.972310    6.528638    4.114103
    -1.972310   -6.528638   -4.114103
    -1.972310   -6.528638    9.925897
    -1.972310    7.511362   -4.114103
    -1.972310    7.511362    9.925897
    -8.992310   -6.528638   -2.905897
    -8.992310    7.511362   -2.905897
     5.047690   -6.528638   -2.905897
     5.047690    7.511362   -2.905897
    -5.047690   -7.511362    2.905897
    -5.047690    6.528638    2.905897
     8.992310   -7.511362    2.905897
     8.992310    6.528638    2.905897
     2.905897   -1.972310   -0.491362
    -2.905897    1.972310    0.491362
    -4.114103   -5.047690    0.491362
    -4.114103    8.992310    0.491362
     9.925897   -5.047690    0.491362
     9.925897    8.992310    0.491362
    -9.925898   -8.992310   -0.491362
    -9.925898    5.047690   -0.491362
     4.114103   -8.992310   -0.491362
     4.114103    5.047690   -0.491362
    -9.925898    1.972310   -7.511362
    -9.925898    1.972310    6.528638
     4.114103    1.972310   -7.511362
     4.114103    1.972310    6.528638
    -4.114103   -1.972310   -6.528638
    -4.114103   -1.972310    7.511362
     9.925897   -1.972310   -6.528638
     9.925897   -1.972310    7.511362
    -2.905897   -8.992310   -6.528638
    -2.905897   -8.992310    7.511362
    -2.905897    5.047690   -6.528638
    -2.905897    5.047690    7.511362
     2.905897   -5.047690   -7.511362
     2.905897   -5.047690    6.528638
     2.905897    8.992310   -7.511362
     2.905897    8.992310    6.528638
    -0.491362    2.905897   -1.972310
     0.491362   -2.905897    1.972310
     0.491362   -4.114103   -5.047690
     0.491362   -4.114103    8.992310
     0.491362    9.925897   -5.047690
     0.491362    9.925897    8.992310
    -0.491362   -9.925898   -8.992310
    -0.491362   -9.925898    5.047690
    -0.491362    4.114103   -8.992310
    -0.491362    4.114103    5.047690
    -7.511362   -9.925898    1.972310
    -7.511362    4.114103    1.972310
     6.528638   -9.925898    1.972310
     6.528638    4.114103    1.972310
    -6.528638   -4.114103   -1.972310
    -6.528638    9.925897   -1.972310
     7.511362   -4.114103   -1.972310
     7.511362    9.925897   -1.972310
    -6.528638   -2.905897   -8.992310
    -6.528638   -2.905897    5.047690
     7.511362   -2.905897   -8.992310
     7.511362   -2.905897    5.047690
    -7.511362    2.905897   -5.047690
    -7.511362    2.905897    8.992310
     6.528638    2.905897   -5.047690
     6.528638    2.905897    8.992310
