         0.000000000       0.09819121263
        0.1365909849       0.09851924198
        0.2731819699       0.09950756077
        0.4097729548        0.1011687470
        0.5463639398        0.1035233562
        0.6829549247        0.1065992111
        0.8195459096        0.1104302068
        0.9561368946        0.1150544162
         1.092727880        0.1205112120
         1.229318864        0.1268370538
         1.365909849        0.1340595481
         1.502500834        0.1421894056
         1.639091819        0.1512100539
         1.775682804        0.1610649804
         1.912273789        0.1716434553
         2.048864774        0.1827661602
         2.185455759        0.1941733547
         2.322046744        0.2055193142
         2.458637729        0.2163774011
         2.595228714        0.2262596468
         2.731819699        0.2346526096
         2.868410684        0.2410674522
         3.005001669        0.2450974809
         3.141592654        0.2464724321
         3.278183639        0.2450974809
         3.414774623        0.2410674522
         3.551365608        0.2346526096
         3.687956593        0.2262596468
         3.824547578        0.2163774011
         3.961138563        0.2055193142
         4.097729548        0.1941733547
         4.234320533        0.1827661602
         4.370911518        0.1716434553
         4.507502503        0.1610649804
         4.644093488        0.1512100539
         4.780684473        0.1421894056
         4.917275458        0.1340595481
         5.053866443        0.1268370538
         5.190457428        0.1205112120
         5.327048413        0.1150544162
         5.463639398        0.1104302068
         5.600230382        0.1065992111
         5.736821367        0.1035233562
         5.873412352        0.1011687470
         6.010003337       0.09950756077
         6.146594322       0.09851924198
