       -0.9937521706         3.364471830
       -0.9672268386         2.805455704
       -0.9200993342         2.026496630
       -0.8533633646         1.271694003
       -0.7684399635        0.6963546836
       -0.6671388042        0.3347568526
       -0.5516188359        0.1424202776
       -0.4243421202       0.05423099948
       -0.2880213168       0.01889027020
       -0.1455618542      0.006577703016
     6.123233996e-17      0.003708818853
        0.1455618542      0.006577703016
        0.2880213168       0.01889027020
        0.4243421202       0.05423099948
        0.5516188359        0.1424202776
        0.6671388042        0.3347568526
        0.7684399635        0.6963546836
        0.8533633646         1.271694003
        0.9200993342         2.026496630
        0.9672268386         2.805455704
        0.9937521706         3.364471830
