        -1.000000000     8.486872533e-05
       -0.9800000000     0.0001942825630
       -0.9600000000     0.0002785496320
       -0.9400000000     0.0001718674554
       -0.9200000000     0.0002529777513
       -0.9000000000     0.0005231074805
       -0.8800000000     0.0004154229081
       -0.8600000000     7.486619320e-05
       -0.8400000000     0.0004602328168
       -0.8200000000     0.0007989157683
       -0.8000000000     0.0005326497461
       -0.7800000000     0.0001906132744
       -0.7600000000     0.0005579374663
       -0.7400000000      0.001698616478
       -0.7200000000      0.001151073745
       -0.7000000000     0.0004515568536
       -0.6800000000     0.0009253135815
       -0.6600000000     9.426886947e-05
       -0.6400000000      0.003508041849
       -0.6200000000      0.002203016233
       -0.6000000000     0.0006613085110
       -0.5800000000      0.001885117418
       -0.5600000000     0.0006316675978
       -0.5400000000     0.0006758316637
       -0.5200000000      0.007250421342
       -0.5000000000      0.004077444185
       -0.4800000000     0.0007544085782
       -0.4600000000      0.004548788404
       -0.4400000000     0.0003367355173
       -0.4200000000      0.003052453096
       -0.4000000000      0.004519741309
       -0.3800000000      0.009882623222
       -0.3600000000      0.009219698402
       -0.3400000000      0.006947382922
       -0.3200000000      0.001093636836
       -0.3000000000      0.007116840574
       -0.2800000000      0.001693874562
       -0.2600000000      0.009195495745
       -0.2400000000       0.03247176576
       -0.2200000000      0.003722900211
       -0.2000000000       0.01354695090
       -0.1800000000      0.005518787971
       -0.1600000000       0.01021500061
       -0.1400000000      0.003606786123
       -0.1200000000       0.01095483845
       -0.1000000000       0.06218520005
      -0.08000000000       0.01571183654
      -0.06000000000       0.02692212903
      -0.04000000000       0.01691018778
      -0.02000000000       0.01016838251
         0.000000000       0.02148869598
       0.02000000000      0.007456777503
       0.04000000000       0.08537420598
       0.06000000000       0.06146758638
       0.08000000000       0.05342300617
        0.1000000000       0.03525373251
        0.1200000000       0.01785541475
        0.1400000000       0.04399645915
        0.1600000000      0.005477230325
        0.1800000000        0.1697953448
        0.2000000000        0.1010319379
        0.2200000000       0.09040712968
        0.2400000000       0.07671840606
        0.2600000000       0.05713537833
        0.2800000000       0.05030400880
        0.3000000000       0.04552946320
        0.3200000000        0.2681543237
        0.3400000000        0.2605417614
        0.3600000000        0.1265395848
        0.3800000000        0.1290695329
        0.4000000000        0.1094971369
        0.4200000000        0.1227973369
        0.4400000000       0.08294972857
        0.4600000000        0.6028858142
        0.4800000000        0.2975825203
        0.5000000000        0.2896583863
        0.5200000000        0.2458659429
        0.5400000000        0.2340788724
        0.5600000000        0.1660936465
        0.5800000000        0.8783949846
        0.6000000000        0.6459230630
        0.6200000000        0.5356784676
        0.6400000000        0.5372541374
        0.6600000000        0.3606682913
        0.6800000000        0.2780324836
        0.7000000000         1.725950709
        0.7200000000         1.077288373
        0.7400000000         1.047943246
        0.7600000000        0.5518438015
        0.7800000000        0.6941738219
        0.8000000000         2.870835752
        0.8200000000         1.744004517
        0.8400000000         1.298418476
        0.8600000000         1.464427160
        0.8800000000         4.172218193
        0.9000000000         2.762447027
        0.9200000000         2.175805684
        0.9400000000         5.663137972
        0.9600000000         4.151332141
        0.9800000000         8.022232934
         1.000000000         3.183512984
