         0.000000000       0.09984136941
        0.1365909849        0.1001661209
        0.2731819699        0.1011442685
        0.4097729548        0.1027873706
        0.5463639398        0.1051142599
        0.6829549247        0.1081503064
        0.8195459096        0.1119261971
        0.9561368946        0.1164760365
         1.092727880        0.1218345061
         1.229318864        0.1280327656
         1.365909849        0.1350927461
         1.502500834        0.1430195112
         1.639091819        0.1517914964
         1.775682804        0.1613487348
         1.912273789        0.1715797152
         2.048864774        0.1823083133
         2.185455759        0.1932832313
         2.322046744        0.2041733666
         2.458637729        0.2145730667
         2.595228714        0.2240207797
         2.731819699        0.2320326689
         2.868410684        0.2381492762
         3.005001669        0.2419890045
         3.141592654        0.2432985272
         3.278183639        0.2419890045
         3.414774623        0.2381492762
         3.551365608        0.2320326689
         3.687956593        0.2240207797
         3.824547578        0.2145730667
         3.961138563        0.2041733666
         4.097729548        0.1932832313
         4.234320533        0.1823083133
         4.370911518        0.1715797152
         4.507502503        0.1613487348
         4.644093488        0.1517914964
         4.780684473        0.1430195112
         4.917275458        0.1350927461
         5.053866443        0.1280327656
         5.190457428        0.1218345061
         5.327048413        0.1164760365
         5.463639398        0.1119261971
         5.600230382        0.1081503064
         5.736821367        0.1051142599
         5.873412352        0.1027873706
         6.010003337        0.1011442685
         6.146594322        0.1001661209
