       -0.9937521706         5.656838131
       -0.9672268386         4.122558173
       -0.9200993342         2.330524403
       -0.8533633646         1.022043916
       -0.7684399635        0.3496379221
       -0.6671388042       0.09479415702
       -0.5516188359       0.02089278425
       -0.4243421202      0.003794802177
       -0.2880213168     0.0005460847998
       -0.1455618542     5.921521747e-05
     6.123233996e-17     1.110147693e-05
        0.1455618542     5.921521747e-05
        0.2880213168     0.0005460847998
        0.4243421202      0.003794802177
        0.5516188359       0.02089278425
        0.6671388042       0.09479415702
        0.7684399635        0.3496379221
        0.8533633646         1.022043916
        0.9200993342         2.330524403
        0.9672268386         4.122558173
        0.9937521706         5.656838131
