        -1.000000000     9.417365107e-06
       -0.9800000000     1.925768282e-05
       -0.9600000000     3.111098227e-06
       -0.9400000000     7.759153419e-06
       -0.9200000000     9.989767405e-07
       -0.9000000000     1.579819747e-06
       -0.8800000000     2.089338798e-06
       -0.8600000000     5.989983586e-07
       -0.8400000000     1.816345093e-06
       -0.8200000000     2.990236662e-06
       -0.8000000000     2.345673339e-06
       -0.7800000000     6.359161479e-07
       -0.7600000000     2.044541850e-06
       -0.7400000000     1.165693239e-05
       -0.7200000000     7.285791743e-06
       -0.7000000000     2.330085125e-06
       -0.6800000000     5.437294223e-06
       -0.6600000000     4.078837004e-07
       -0.6400000000     3.913393600e-05
       -0.6200000000     1.952672529e-05
       -0.6000000000     8.466308766e-06
       -0.5800000000     1.996389796e-05
       -0.5600000000     3.093870889e-06
       -0.5400000000     3.522424228e-06
       -0.5200000000     0.0001393585970
       -0.5000000000     7.703235089e-05
       -0.4800000000     3.677064965e-06
       -0.4600000000     7.587041043e-05
       -0.4400000000     9.412337332e-07
       -0.4200000000     5.290250357e-05
       -0.4000000000     0.0001413594564
       -0.3800000000     0.0002881377375
       -0.3600000000     0.0002800842390
       -0.3400000000     0.0002178397331
       -0.3200000000     9.030365062e-06
       -0.3000000000     0.0001888366580
       -0.2800000000     2.242572072e-05
       -0.2600000000     0.0004532999633
       -0.2400000000      0.001718055975
       -0.2200000000     7.006176857e-05
       -0.2000000000     0.0006662262014
       -0.1800000000     0.0001357814332
       -0.1600000000     0.0005357624305
       -0.1400000000     6.157756980e-05
       -0.1200000000     0.0004791987079
       -0.1000000000      0.005200791791
      -0.08000000000      0.001175367826
      -0.06000000000      0.002045927449
      -0.04000000000      0.001161330183
      -0.02000000000     0.0006869435613
         0.000000000      0.001246759690
       0.02000000000     0.0005176346689
       0.04000000000       0.01067275182
       0.06000000000      0.007228730905
       0.08000000000      0.006033495943
        0.1000000000      0.004653157158
        0.1200000000      0.001142163512
        0.1400000000      0.004535617423
        0.1600000000     0.0001293238673
        0.1800000000       0.02975667540
        0.2000000000       0.01850207294
        0.2200000000       0.01581191054
        0.2400000000       0.01330682157
        0.2600000000      0.008213177952
        0.2800000000      0.006998598456
        0.3000000000      0.006526033937
        0.3200000000       0.06819428659
        0.3400000000       0.07499733997
        0.3600000000       0.02095928758
        0.3800000000       0.03259810651
        0.4000000000       0.02555972976
        0.4200000000       0.02770398876
        0.4400000000       0.01314641115
        0.4600000000        0.2315959167
        0.4800000000        0.1005915905
        0.5000000000       0.09287025046
        0.5200000000       0.07720302289
        0.5400000000       0.07504837592
        0.5600000000       0.04454402962
        0.5800000000        0.4626517426
        0.6000000000        0.2820100995
        0.6200000000        0.2717322903
        0.6400000000        0.2174698208
        0.6600000000        0.1534250176
        0.6800000000       0.08492629485
        0.7000000000         1.213183366
        0.7200000000        0.6728974337
        0.7400000000        0.5770056448
        0.7600000000        0.3103757151
        0.7800000000        0.4104340524
        0.8000000000         2.570438769
        0.8200000000         1.323205213
        0.8400000000         1.013153896
        0.8600000000         1.114632544
        0.8800000000         4.689271896
        0.9000000000         2.601725968
        0.9200000000         2.202975232
        0.9400000000         7.459675415
        0.9600000000         4.956181900
        0.9800000000         11.48323600
         1.000000000         4.893041134
