# Final checking of orthonormality of |JKM> basis in check_normJKeM 

 0 0 0
 0 0 0
 Norm Re: 1    Im: 0

 0 0 -1
 1 0 -1
 Norm Re: -6.554e-17    Im: -6.01055e-18

 0 0 0
 1 0 0
 Norm Re: -8.99888e-18    Im: 0

 0 0 1
 1 0 1
 Norm Re: 6.554e-17    Im: -6.01055e-18

 0 0 -2
 2 -2 -2
 Norm Re: 7.16929e-18    Im: 4.33681e-18

 0 0 -1
 2 -2 -1
 Norm Re: -2.28021e-18    Im: -2.75116e-18

 0 0 0
 2 -2 0
 Norm Re: -1.54685e-17    Im: -1.1169e-17

 0 0 1
 2 -2 1
 Norm Re: 1.20617e-18    Im: 1.2913e-18

 0 0 2
 2 -2 2
 Norm Re: -1.77569e-18    Im: -4.15059e-19

 0 0 -2
 2 0 -2
 Norm Re: -3.63377e-17    Im: 6.15522e-17

 0 0 -1
 2 0 -1
 Norm Re: -1.19804e-17    Im: 2.29444e-17

 0 0 0
 2 0 0
 Norm Re: -2.19031e-15    Im: 0

 0 0 1
 2 0 1
 Norm Re: 1.19804e-17    Im: 2.29444e-17

 0 0 2
 2 0 2
 Norm Re: -3.63377e-17    Im: -6.15522e-17

 0 0 -2
 2 2 -2
 Norm Re: -1.77569e-18    Im: 4.15059e-19

 0 0 -1
 2 2 -1
 Norm Re: -1.20617e-18    Im: 1.2913e-18

 0 0 0
 2 2 0
 Norm Re: -1.54685e-17    Im: 1.1169e-17

 0 0 1
 2 2 1
 Norm Re: 2.28021e-18    Im: -2.75116e-18

 0 0 2
 2 2 2
 Norm Re: 7.16929e-18    Im: -4.33681e-18

 0 0 -3
 3 -2 -3
 Norm Re: -1.11131e-18    Im: 2.90024e-18

 0 0 -2
 3 -2 -2
 Norm Re: -7.86047e-18    Im: 4.17418e-18

 0 0 -1
 3 -2 -1
 Norm Re: 9.28348e-19    Im: -1.76183e-18

 0 0 0
 3 -2 0
 Norm Re: 3.29665e-18    Im: 1.0842e-19

 0 0 1
 3 -2 1
 Norm Re: -5.41254e-19    Im: 3.7693e-19

 0 0 2
 3 -2 2
 Norm Re: 1.0338e-18    Im: 1.06387e-18

 0 0 3
 3 -2 3
 Norm Re: 2.25229e-18    Im: 2.99809e-18

 0 0 -3
 3 0 -3
 Norm Re: -4.06881e-17    Im: -1.85924e-17

 0 0 -2
 3 0 -2
 Norm Re: 9.74427e-18    Im: -1.66425e-17

 0 0 -1
 3 0 -1
 Norm Re: 2.99782e-17    Im: -3.13605e-17

 0 0 0
 3 0 0
 Norm Re: -5.06865e-16    Im: 0

 0 0 1
 3 0 1
 Norm Re: -2.99782e-17    Im: -3.13605e-17

 0 0 2
 3 0 2
 Norm Re: 9.74427e-18    Im: 1.66425e-17

 0 0 3
 3 0 3
 Norm Re: 4.06881e-17    Im: -1.85924e-17

 0 0 -3
 3 2 -3
 Norm Re: -2.25229e-18    Im: 2.99809e-18

 0 0 -2
 3 2 -2
 Norm Re: 1.0338e-18    Im: -1.06387e-18

 0 0 -1
 3 2 -1
 Norm Re: 5.41254e-19    Im: 3.7693e-19

 0 0 0
 3 2 0
 Norm Re: 3.29665e-18    Im: -1.0842e-19

 0 0 1
 3 2 1
 Norm Re: -9.28348e-19    Im: -1.76183e-18

 0 0 2
 3 2 2
 Norm Re: -7.86047e-18    Im: -4.17418e-18

 0 0 3
 3 2 3
 Norm Re: 1.11131e-18    Im: 2.90024e-18



 1 0 0
 0 0 0
 Norm Re: -6.554e-17    Im: 6.01055e-18

 1 0 -1
 1 0 -1
 Norm Re: 1    Im: 0

 1 0 0
 1 0 0
 Norm Re: 2.03288e-18    Im: -1.3417e-18

 1 0 1
 1 0 1
 Norm Re: -5.63514e-17    Im: -8.33718e-17

 1 0 -2
 2 -2 -2
 Norm Re: -8.80914e-19    Im: 5.42101e-19

 1 0 -1
 2 -2 -1
 Norm Re: 2.55736e-17    Im: 1.17907e-18

 1 0 0
 2 -2 0
 Norm Re: -8.7922e-19    Im: 1.49713e-18

 1 0 1
 2 -2 1
 Norm Re: 1.47945e-18    Im: 8.14425e-18

 1 0 2
 2 -2 2
 Norm Re: 2.35299e-18    Im: 4.02306e-18

 1 0 -2
 2 0 -2
 Norm Re: -6.60279e-17    Im: 1.09208e-17

 1 0 -1
 2 0 -1
 Norm Re: -2.69289e-17    Im: 3.79471e-19

 1 0 0
 2 0 0
 Norm Re: 1.21891e-16    Im: -1.94208e-17

 1 0 1
 2 0 1
 Norm Re: 5.42101e-19    Im: 4.87891e-19

 1 0 2
 2 0 2
 Norm Re: 9.094e-17    Im: 1.78944e-17

 1 0 -2
 2 2 -2
 Norm Re: -1.60102e-19    Im: -1.08372e-18

 1 0 -1
 2 2 -1
 Norm Re: -1.85021e-17    Im: 6.03882e-18

 1 0 0
 2 2 0
 Norm Re: -1.14349e-18    Im: 4.82131e-18

 1 0 1
 2 2 1
 Norm Re: -8.43645e-19    Im: -1.57209e-18

 1 0 2
 2 2 2
 Norm Re: 7.04731e-18    Im: 2.6563e-18

 1 0 -3
 3 -2 -3
 Norm Re: -1.6263e-18    Im: 8.13152e-19

 1 0 -2
 3 -2 -2
 Norm Re: -2.23617e-18    Im: -2.24972e-18

 1 0 -1
 3 -2 -1
 Norm Re: -1.22786e-17    Im: -4.29615e-18

 1 0 0
 3 -2 0
 Norm Re: -3.02391e-18    Im: -2.30393e-19

 1 0 1
 3 -2 1
 Norm Re: 2.42336e-18    Im: 2.86308e-18

 1 0 2
 3 -2 2
 Norm Re: 3.3173e-18    Im: 1.54695e-18

 1 0 3
 3 -2 3
 Norm Re: -4.91324e-18    Im: 3.79484e-19

 1 0 -3
 3 0 -3
 Norm Re: -4.5178e-17    Im: -4.24766e-17

 1 0 -2
 3 0 -2
 Norm Re: 4.46928e-17    Im: -7.16251e-18

 1 0 -1
 3 0 -1
 Norm Re: 1.35005e-15    Im: 1.47045e-18

 1 0 0
 3 0 0
 Norm Re: -2.38524e-18    Im: -1.10453e-17

 1 0 1
 3 0 1
 Norm Re: -1.71941e-16    Im: -8.46491e-17

 1 0 2
 3 0 2
 Norm Re: 4.65868e-19    Im: 1.51483e-17

 1 0 3
 3 0 3
 Norm Re: -1.3818e-17    Im: -8.22778e-17

 1 0 -3
 3 2 -3
 Norm Re: -5.87969e-18    Im: -6.16854e-19

 1 0 -2
 3 2 -2
 Norm Re: -3.53059e-18    Im: -6.31953e-19

 1 0 -1
 3 2 -1
 Norm Re: -5.6586e-18    Im: 4.13691e-18

 1 0 0
 3 2 0
 Norm Re: 3.06118e-18    Im: -5.2516e-19

 1 0 1
 3 2 1
 Norm Re: 2.64782e-18    Im: 2.34459e-18

 1 0 2
 3 2 2
 Norm Re: -4.59431e-18    Im: -1.50433e-18

 1 0 3
 3 2 3
 Norm Re: -6.60686e-18    Im: -6.30531e-18



 1 0 0
 0 0 0
 Norm Re: -8.99888e-18    Im: 0

 1 0 -1
 1 0 -1
 Norm Re: 2.03288e-18    Im: 1.3417e-18

 1 0 0
 1 0 0
 Norm Re: 1    Im: 0

 1 0 1
 1 0 1
 Norm Re: -2.03288e-18    Im: 1.3417e-18

 1 0 -2
 2 -2 -2
 Norm Re: -4.60786e-19    Im: 5.96311e-18

 1 0 -1
 2 -2 -1
 Norm Re: -1.19262e-18    Im: -3.1984e-18

 1 0 0
 2 -2 0
 Norm Re: 3.19501e-18    Im: 2.37169e-19

 1 0 1
 2 -2 1
 Norm Re: -2.13029e-18    Im: -3.44531e-19

 1 0 2
 2 -2 2
 Norm Re: 8.90573e-18    Im: 5.76776e-20

 1 0 -2
 2 0 -2
 Norm Re: 2.45978e-18    Im: -1.49755e-18

 1 0 -1
 2 0 -1
 Norm Re: -6.88468e-17    Im: -1.42871e-16

 1 0 0
 2 0 0
 Norm Re: 8.67362e-19    Im: 0

 1 0 1
 2 0 1
 Norm Re: 6.88468e-17    Im: -1.42871e-16

 1 0 2
 2 0 2
 Norm Re: 2.45978e-18    Im: 1.49755e-18

 1 0 -2
 2 2 -2
 Norm Re: 8.90573e-18    Im: -5.76776e-20

 1 0 -1
 2 2 -1
 Norm Re: 2.13029e-18    Im: -3.44531e-19

 1 0 0
 2 2 0
 Norm Re: 3.19501e-18    Im: -2.37169e-19

 1 0 1
 2 2 1
 Norm Re: 1.19262e-18    Im: -3.1984e-18

 1 0 2
 2 2 2
 Norm Re: -4.60786e-19    Im: -5.96311e-18

 1 0 -3
 3 -2 -3
 Norm Re: 5.42101e-20    Im: 2.92735e-18

 1 0 -2
 3 -2 -2
 Norm Re: 3.7676e-18    Im: 4.87891e-18

 1 0 -1
 3 -2 -1
 Norm Re: -2.61564e-18    Im: -4.77049e-18

 1 0 0
 3 -2 0
 Norm Re: -2.99511e-18    Im: 2.71051e-18

 1 0 1
 3 -2 1
 Norm Re: 1.44165e-18    Im: 5.20078e-19

 1 0 2
 3 -2 2
 Norm Re: 1.96512e-19    Im: -2.03288e-19

 1 0 3
 3 -2 3
 Norm Re: -2.05223e-18    Im: -9.67715e-19

 1 0 -3
 3 0 -3
 Norm Re: -3.6884e-18    Im: -1.02457e-17

 1 0 -2
 3 0 -2
 Norm Re: -2.57498e-19    Im: -8.70885e-17

 1 0 -1
 3 0 -1
 Norm Re: 1.02999e-17    Im: 4.35307e-17

 1 0 0
 3 0 0
 Norm Re: 4.69221e-15    Im: 0

 1 0 1
 3 0 1
 Norm Re: -1.02999e-17    Im: 4.35307e-17

 1 0 2
 3 0 2
 Norm Re: -2.57498e-19    Im: 8.70885e-17

 1 0 3
 3 0 3
 Norm Re: 3.6884e-18    Im: -1.02457e-17

 1 0 -3
 3 2 -3
 Norm Re: 2.05223e-18    Im: -9.67715e-19

 1 0 -2
 3 2 -2
 Norm Re: 1.96512e-19    Im: 2.03288e-19

 1 0 -1
 3 2 -1
 Norm Re: -1.44165e-18    Im: 5.20078e-19

 1 0 0
 3 2 0
 Norm Re: -2.99511e-18    Im: -2.71051e-18

 1 0 1
 3 2 1
 Norm Re: 2.61564e-18    Im: -4.77049e-18

 1 0 2
 3 2 2
 Norm Re: 3.7676e-18    Im: -4.87891e-18

 1 0 3
 3 2 3
 Norm Re: -5.42101e-20    Im: 2.92735e-18



 1 0 0
 0 0 0
 Norm Re: 6.554e-17    Im: 6.01055e-18

 1 0 -1
 1 0 -1
 Norm Re: -5.63514e-17    Im: 8.33718e-17

 1 0 0
 1 0 0
 Norm Re: -2.03288e-18    Im: -1.3417e-18

 1 0 1
 1 0 1
 Norm Re: 1    Im: 0

 1 0 -2
 2 -2 -2
 Norm Re: -7.04731e-18    Im: 2.6563e-18

 1 0 -1
 2 -2 -1
 Norm Re: -8.43645e-19    Im: 1.57209e-18

 1 0 0
 2 -2 0
 Norm Re: 1.14349e-18    Im: 4.82131e-18

 1 0 1
 2 -2 1
 Norm Re: -1.85021e-17    Im: -6.03882e-18

 1 0 2
 2 -2 2
 Norm Re: 1.60102e-19    Im: -1.08372e-18

 1 0 -2
 2 0 -2
 Norm Re: -9.094e-17    Im: 1.78944e-17

 1 0 -1
 2 0 -1
 Norm Re: 5.42101e-19    Im: -4.87891e-19

 1 0 0
 2 0 0
 Norm Re: -1.21891e-16    Im: -1.94208e-17

 1 0 1
 2 0 1
 Norm Re: -2.69289e-17    Im: -3.79471e-19

 1 0 2
 2 0 2
 Norm Re: 6.60279e-17    Im: 1.09208e-17

 1 0 -2
 2 2 -2
 Norm Re: -2.35299e-18    Im: 4.02306e-18

 1 0 -1
 2 2 -1
 Norm Re: 1.47945e-18    Im: -8.14425e-18

 1 0 0
 2 2 0
 Norm Re: 8.7922e-19    Im: 1.49713e-18

 1 0 1
 2 2 1
 Norm Re: 2.55736e-17    Im: -1.17907e-18

 1 0 2
 2 2 2
 Norm Re: 8.80914e-19    Im: 5.42101e-19

 1 0 -3
 3 -2 -3
 Norm Re: -6.60686e-18    Im: 6.30531e-18

 1 0 -2
 3 -2 -2
 Norm Re: 4.59431e-18    Im: -1.50433e-18

 1 0 -1
 3 -2 -1
 Norm Re: 2.64782e-18    Im: -2.34459e-18

 1 0 0
 3 -2 0
 Norm Re: -3.06118e-18    Im: -5.2516e-19

 1 0 1
 3 -2 1
 Norm Re: -5.6586e-18    Im: -4.13691e-18

 1 0 2
 3 -2 2
 Norm Re: 3.53059e-18    Im: -6.31953e-19

 1 0 3
 3 -2 3
 Norm Re: -5.87969e-18    Im: 6.16854e-19

 1 0 -3
 3 0 -3
 Norm Re: -1.3818e-17    Im: 8.22778e-17

 1 0 -2
 3 0 -2
 Norm Re: -4.65868e-19    Im: 1.51483e-17

 1 0 -1
 3 0 -1
 Norm Re: -1.71941e-16    Im: 8.46491e-17

 1 0 0
 3 0 0
 Norm Re: 2.38524e-18    Im: -1.10453e-17

 1 0 1
 3 0 1
 Norm Re: 1.35005e-15    Im: -1.47045e-18

 1 0 2
 3 0 2
 Norm Re: -4.46928e-17    Im: -7.16251e-18

 1 0 3
 3 0 3
 Norm Re: -4.5178e-17    Im: 4.24766e-17

 1 0 -3
 3 2 -3
 Norm Re: -4.91324e-18    Im: -3.79484e-19

 1 0 -2
 3 2 -2
 Norm Re: -3.3173e-18    Im: 1.54695e-18

 1 0 -1
 3 2 -1
 Norm Re: 2.42336e-18    Im: -2.86308e-18

 1 0 0
 3 2 0
 Norm Re: 3.02391e-18    Im: -2.30393e-19

 1 0 1
 3 2 1
 Norm Re: -1.22786e-17    Im: 4.29615e-18

 1 0 2
 3 2 2
 Norm Re: 2.23617e-18    Im: -2.24972e-18

 1 0 3
 3 2 3
 Norm Re: -1.6263e-18    Im: -8.13152e-19



 2 -2 0
 0 0 0
 Norm Re: 7.16929e-18    Im: -4.33681e-18

 2 -2 -1
 1 0 -1
 Norm Re: -8.80914e-19    Im: -5.42101e-19

 2 -2 0
 1 0 0
 Norm Re: -4.60786e-19    Im: -5.96311e-18

 2 -2 1
 1 0 1
 Norm Re: -7.04731e-18    Im: -2.6563e-18

 2 -2 -2
 2 -2 -2
 Norm Re: 1    Im: 0

 2 -2 -1
 2 -2 -1
 Norm Re: 6.72205e-18    Im: 3.49791e-17

 2 -2 0
 2 -2 0
 Norm Re: -5.33021e-17    Im: 3.2028e-17

 2 -2 1
 2 -2 1
 Norm Re: 2.35083e-17    Im: 2.08802e-17

 2 -2 2
 2 -2 2
 Norm Re: -2.20765e-17    Im: 3.75723e-18

 2 -2 -2
 2 0 -2
 Norm Re: -1.64494e-17    Im: 6.18334e-18

 2 -2 -1
 2 0 -1
 Norm Re: 1.3146e-18    Im: -3.46945e-18

 2 -2 0
 2 0 0
 Norm Re: -6.77626e-19    Im: -1.6263e-18

 2 -2 1
 2 0 1
 Norm Re: -4.11997e-18    Im: 2.71051e-20

 2 -2 2
 2 0 2
 Norm Re: -2.53432e-18    Im: 3.31698e-18

 2 -2 -2
 2 2 -2
 Norm Re: -1.69697e-17    Im: 6.18001e-18

 2 -2 -1
 2 2 -1
 Norm Re: -2.6402e-18    Im: -2.90659e-18

 2 -2 0
 2 2 0
 Norm Re: -3.33392e-18    Im: 2.70034e-18

 2 -2 1
 2 2 1
 Norm Re: 6.23416e-18    Im: -4.8518e-18

 2 -2 2
 2 2 2
 Norm Re: -1.27936e-17    Im: -1.15468e-17

 2 -2 -3
 3 -2 -3
 Norm Re: -1.19262e-18    Im: -1.21431e-17

 2 -2 -2
 3 -2 -2
 Norm Re: -8.46437e-15    Im: 1.44745e-18

 2 -2 -1
 3 -2 -1
 Norm Re: 9.53014e-17    Im: 1.55583e-17

 2 -2 0
 3 -2 0
 Norm Re: -3.55889e-17    Im: -2.52348e-17

 2 -2 1
 3 -2 1
 Norm Re: -2.37677e-18    Im: 1.09521e-17

 2 -2 2
 3 -2 2
 Norm Re: -6.53808e-17    Im: 2.37167e-17

 2 -2 3
 3 -2 3
 Norm Re: 1.50012e-17    Im: -1.28793e-17

 2 -2 -3
 3 0 -3
 Norm Re: -3.74389e-19    Im: 5.75982e-20

 2 -2 -2
 3 0 -2
 Norm Re: -1.47045e-17    Im: 6.43745e-18

 2 -2 -1
 3 0 -1
 Norm Re: 6.09864e-19    Im: -1.84314e-18

 2 -2 0
 3 0 0
 Norm Re: -1.51788e-18    Im: -6.61363e-18

 2 -2 1
 3 0 1
 Norm Re: -1.6263e-18    Im: 2.49366e-18

 2 -2 2
 3 0 2
 Norm Re: -4.26905e-18    Im: 1.96512e-18

 2 -2 3
 3 0 3
 Norm Re: 1.67713e-19    Im: -2.45978e-18

 2 -2 -3
 3 2 -3
 Norm Re: 1.86057e-18    Im: -2.93777e-18

 2 -2 -2
 3 2 -2
 Norm Re: -3.88277e-17    Im: 1.45508e-17

 2 -2 -1
 3 2 -1
 Norm Re: -2.10572e-18    Im: -1.68051e-18

 2 -2 0
 3 2 0
 Norm Re: -4.55365e-18    Im: 1.484e-18

 2 -2 1
 3 2 1
 Norm Re: 2.05998e-18    Im: 4.47233e-19

 2 -2 2
 3 2 2
 Norm Re: 2.60209e-18    Im: 1.6263e-18

 2 -2 3
 3 2 3
 Norm Re: -1.0842e-19    Im: -6.34258e-18



 2 -2 0
 0 0 0
 Norm Re: -2.28021e-18    Im: 2.75116e-18

 2 -2 -1
 1 0 -1
 Norm Re: 2.55736e-17    Im: -1.17907e-18

 2 -2 0
 1 0 0
 Norm Re: -1.19262e-18    Im: 3.1984e-18

 2 -2 1
 1 0 1
 Norm Re: -8.43645e-19    Im: -1.57209e-18

 2 -2 -2
 2 -2 -2
 Norm Re: 6.72205e-18    Im: -3.49791e-17

 2 -2 -1
 2 -2 -1
 Norm Re: 1    Im: 0

 2 -2 0
 2 -2 0
 Norm Re: 3.46115e-17    Im: -1.00068e-17

 2 -2 1
 2 -2 1
 Norm Re: -4.07397e-17    Im: 3.20553e-17

 2 -2 2
 2 -2 2
 Norm Re: 2.54163e-17    Im: 2.30501e-17

 2 -2 -2
 2 0 -2
 Norm Re: -2.39202e-18    Im: 2.0837e-19

 2 -2 -1
 2 0 -1
 Norm Re: 5.71917e-18    Im: 8.80914e-20

 2 -2 0
 2 0 0
 Norm Re: 1.01644e-18    Im: -1.0842e-19

 2 -2 1
 2 0 1
 Norm Re: 7.17606e-18    Im: 3.1984e-18

 2 -2 2
 2 0 2
 Norm Re: 1.97697e-18    Im: -9.09713e-18

 2 -2 -2
 2 2 -2
 Norm Re: 1.40069e-18    Im: 2.31678e-18

 2 -2 -1
 2 2 -1
 Norm Re: 6.04487e-17    Im: -2.43132e-17

 2 -2 0
 2 2 0
 Norm Re: -5.79116e-18    Im: 1.91429e-18

 2 -2 1
 2 2 1
 Norm Re: 4.70273e-18    Im: 1.20042e-17

 2 -2 2
 2 2 2
 Norm Re: -6.23416e-18    Im: 4.8518e-18

 2 -2 -3
 3 -2 -3
 Norm Re: 4.18638e-17    Im: -6.62719e-18

 2 -2 -2
 3 -2 -2
 Norm Re: -3.67273e-17    Im: -1.0056e-17

 2 -2 -1
 3 -2 -1
 Norm Re: -6.88833e-15    Im: -5.18801e-19

 2 -2 0
 3 -2 0
 Norm Re: 7.22011e-17    Im: 3.12725e-18

 2 -2 1
 3 -2 1
 Norm Re: -4.53497e-17    Im: -3.35268e-17

 2 -2 2
 3 -2 2
 Norm Re: 4.80936e-18    Im: -2.70253e-17

 2 -2 3
 3 -2 3
 Norm Re: -1.52803e-17    Im: 3.30676e-17

 2 -2 -3
 3 0 -3
 Norm Re: -4.39356e-18    Im: -1.50242e-19

 2 -2 -2
 3 0 -2
 Norm Re: 1.43996e-18    Im: 1.29257e-18

 2 -2 -1
 3 0 -1
 Norm Re: -2.43945e-19    Im: -2.71051e-20

 2 -2 0
 3 0 0
 Norm Re: -7.45389e-20    Im: -5.14996e-19

 2 -2 1
 3 0 1
 Norm Re: 7.92823e-19    Im: 3.27971e-18

 2 -2 2
 3 0 2
 Norm Re: 6.13252e-19    Im: -1.69407e-19

 2 -2 3
 3 0 3
 Norm Re: 2.13537e-18    Im: 1.83658e-18

 2 -2 -3
 3 2 -3
 Norm Re: 2.53355e-18    Im: -3.98531e-18

 2 -2 -2
 3 2 -2
 Norm Re: 3.13089e-18    Im: 2.89352e-18

 2 -2 -1
 3 2 -1
 Norm Re: 5.97867e-17    Im: -2.46406e-17

 2 -2 0
 3 2 0
 Norm Re: -4.65529e-18    Im: 7.45389e-19

 2 -2 1
 3 2 1
 Norm Re: -6.24772e-18    Im: 6.43745e-19

 2 -2 2
 3 2 2
 Norm Re: 3.25261e-18    Im: -5.08897e-18

 2 -2 3
 3 2 3
 Norm Re: 6.41035e-18    Im: -8.89046e-18



 2 -2 0
 0 0 0
 Norm Re: -1.54685e-17    Im: 1.1169e-17

 2 -2 -1
 1 0 -1
 Norm Re: -8.7922e-19    Im: -1.49713e-18

 2 -2 0
 1 0 0
 Norm Re: 3.19501e-18    Im: -2.37169e-19

 2 -2 1
 1 0 1
 Norm Re: 1.14349e-18    Im: -4.82131e-18

 2 -2 -2
 2 -2 -2
 Norm Re: -5.33021e-17    Im: -3.2028e-17

 2 -2 -1
 2 -2 -1
 Norm Re: 3.46115e-17    Im: 1.00068e-17

 2 -2 0
 2 -2 0
 Norm Re: 1    Im: 0

 2 -2 1
 2 -2 1
 Norm Re: 4.11742e-17    Im: -8.39782e-18

 2 -2 2
 2 -2 2
 Norm Re: -5.01113e-17    Im: 3.66726e-17

 2 -2 -2
 2 0 -2
 Norm Re: 5.17791e-18    Im: 2.88563e-18

 2 -2 -1
 2 0 -1
 Norm Re: 6.33581e-19    Im: -2.07862e-18

 2 -2 0
 2 0 0
 Norm Re: 1.21871e-17    Im: -1.17365e-17

 2 -2 1
 2 0 1
 Norm Re: -4.61633e-19    Im: 5.40407e-19

 2 -2 2
 2 0 2
 Norm Re: 7.07876e-18    Im: -1.11448e-18

 2 -2 -2
 2 2 -2
 Norm Re: 2.59129e-18    Im: -2.42716e-18

 2 -2 -1
 2 2 -1
 Norm Re: 5.19411e-18    Im: 4.88558e-18

 2 -2 0
 2 2 0
 Norm Re: -2.00796e-16    Im: 3.04148e-18

 2 -2 1
 2 2 1
 Norm Re: 5.79116e-18    Im: -1.91429e-18

 2 -2 2
 2 2 2
 Norm Re: -3.33392e-18    Im: 2.70034e-18

 2 -2 -3
 3 -2 -3
 Norm Re: -1.57307e-17    Im: -5.49741e-17

 2 -2 -2
 3 -2 -2
 Norm Re: -6.5374e-17    Im: -4.59837e-17

 2 -2 -1
 3 -2 -1
 Norm Re: -1.42268e-17    Im: -6.70562e-17

 2 -2 0
 3 -2 0
 Norm Re: 7.7254e-16    Im: 2.99426e-19

 2 -2 1
 3 -2 1
 Norm Re: 3.00089e-17    Im: -1.80112e-17

 2 -2 2
 3 -2 2
 Norm Re: 6.56564e-17    Im: -5.97891e-17

 2 -2 3
 3 -2 3
 Norm Re: 1.51448e-17    Im: -3.18302e-17

 2 -2 -3
 3 0 -3
 Norm Re: -8.53862e-19    Im: 3.18723e-19

 2 -2 -2
 3 0 -2
 Norm Re: 1.3129e-19    Im: -5.99699e-19

 2 -2 -1
 3 0 -1
 Norm Re: -3.38813e-19    Im: 2.69356e-19

 2 -2 0
 3 0 0
 Norm Re: 2.60886e-19    Im: 6.50521e-19

 2 -2 1
 3 0 1
 Norm Re: -6.72544e-19    Im: -1.41624e-18

 2 -2 2
 3 0 2
 Norm Re: -1.00479e-18    Im: 1.11385e-19

 2 -2 3
 3 0 3
 Norm Re: 2.85995e-18    Im: 2.64433e-19

 2 -2 -3
 3 2 -3
 Norm Re: 1.50518e-18    Im: -5.68576e-19

 2 -2 -2
 3 2 -2
 Norm Re: 3.05447e-18    Im: -3.68465e-18

 2 -2 -1
 3 2 -1
 Norm Re: 8.78532e-19    Im: 1.72159e-18

 2 -2 0
 3 2 0
 Norm Re: -6.39531e-18    Im: 6.86944e-18

 2 -2 1
 3 2 1
 Norm Re: -1.97189e-18    Im: 9.97805e-19

 2 -2 2
 3 2 2
 Norm Re: 3.06965e-18    Im: 6.77626e-21

 2 -2 3
 3 2 3
 Norm Re: 6.04782e-19    Im: -2.226e-18



 2 -2 0
 0 0 0
 Norm Re: 1.20617e-18    Im: -1.2913e-18

 2 -2 -1
 1 0 -1
 Norm Re: 1.47945e-18    Im: -8.14425e-18

 2 -2 0
 1 0 0
 Norm Re: -2.13029e-18    Im: 3.44531e-19

 2 -2 1
 1 0 1
 Norm Re: -1.85021e-17    Im: 6.03882e-18

 2 -2 -2
 2 -2 -2
 Norm Re: 2.35083e-17    Im: -2.08802e-17

 2 -2 -1
 2 -2 -1
 Norm Re: -4.07397e-17    Im: -3.20553e-17

 2 -2 0
 2 -2 0
 Norm Re: 4.11742e-17    Im: 8.39782e-18

 2 -2 1
 2 -2 1
 Norm Re: 1    Im: 0

 2 -2 2
 2 -2 2
 Norm Re: 2.39231e-17    Im: 1.03236e-17

 2 -2 -2
 2 0 -2
 Norm Re: 5.11608e-19    Im: 4.01146e-18

 2 -2 -1
 2 0 -1
 Norm Re: 5.12095e-18    Im: 3.01512e-18

 2 -2 0
 2 0 0
 Norm Re: 1.11851e-18    Im: 4.01282e-19

 2 -2 1
 2 0 1
 Norm Re: 5.79868e-18    Im: -2.13156e-18

 2 -2 2
 2 0 2
 Norm Re: 3.54027e-19    Im: -4.38453e-18

 2 -2 -2
 2 2 -2
 Norm Re: -6.71169e-19    Im: 5.77094e-19

 2 -2 -1
 2 2 -1
 Norm Re: 1.01933e-17    Im: 1.90497e-18

 2 -2 0
 2 2 0
 Norm Re: -5.19411e-18    Im: -4.88558e-18

 2 -2 1
 2 2 1
 Norm Re: 6.04487e-17    Im: -2.43132e-17

 2 -2 2
 2 2 2
 Norm Re: 2.6402e-18    Im: 2.90659e-18

 2 -2 -3
 3 -2 -3
 Norm Re: 1.21805e-17    Im: 3.41968e-17

 2 -2 -2
 3 -2 -2
 Norm Re: 2.23504e-17    Im: -2.70746e-17

 2 -2 -1
 3 -2 -1
 Norm Re: 3.30538e-17    Im: -2.45684e-17

 2 -2 0
 3 -2 0
 Norm Re: -7.72293e-17    Im: 7.41138e-18

 2 -2 1
 3 -2 1
 Norm Re: 6.92359e-15    Im: 1.65085e-18

 2 -2 2
 3 -2 2
 Norm Re: 1.32192e-17    Im: -4.61444e-17

 2 -2 3
 3 -2 3
 Norm Re: -3.33978e-17    Im: -3.65262e-17

 2 -2 -3
 3 0 -3
 Norm Re: -1.18419e-18    Im: 3.5728e-18

 2 -2 -2
 3 0 -2
 Norm Re: 2.6419e-18    Im: 6.37233e-19

 2 -2 -1
 3 0 -1
 Norm Re: 2.00196e-18    Im: 2.85556e-19

 2 -2 0
 3 0 0
 Norm Re: 2.20229e-20    Im: -8.5868e-19

 2 -2 1
 3 0 1
 Norm Re: -4.92126e-19    Im: -5.08432e-19

 2 -2 2
 3 0 2
 Norm Re: 6.68203e-19    Im: 3.29295e-18

 2 -2 3
 3 0 3
 Norm Re: 9.2967e-19    Im: -4.51649e-18

 2 -2 -3
 3 2 -3
 Norm Re: -1.10135e-18    Im: 2.84976e-18

 2 -2 -2
 3 2 -2
 Norm Re: 2.60453e-19    Im: 2.99618e-18

 2 -2 -1
 3 2 -1
 Norm Re: -2.04545e-19    Im: -1.48912e-18

 2 -2 0
 3 2 0
 Norm Re: 5.41196e-18    Im: 1.24651e-18

 2 -2 1
 3 2 1
 Norm Re: -5.36059e-17    Im: 2.60461e-17

 2 -2 2
 3 2 2
 Norm Re: -6.54926e-18    Im: -4.56466e-18

 2 -2 3
 3 2 3
 Norm Re: -1.79042e-18    Im: -5.65829e-18



 2 -2 0
 0 0 0
 Norm Re: -1.77569e-18    Im: 4.15059e-19

 2 -2 -1
 1 0 -1
 Norm Re: 2.35299e-18    Im: -4.02306e-18

 2 -2 0
 1 0 0
 Norm Re: 8.90573e-18    Im: -5.76776e-20

 2 -2 1
 1 0 1
 Norm Re: 1.60102e-19    Im: 1.08372e-18

 2 -2 -2
 2 -2 -2
 Norm Re: -2.20765e-17    Im: -3.75723e-18

 2 -2 -1
 2 -2 -1
 Norm Re: 2.54163e-17    Im: -2.30501e-17

 2 -2 0
 2 -2 0
 Norm Re: -5.01113e-17    Im: -3.66726e-17

 2 -2 1
 2 -2 1
 Norm Re: 2.39231e-17    Im: -1.03236e-17

 2 -2 2
 2 -2 2
 Norm Re: 1    Im: 0

 2 -2 -2
 2 0 -2
 Norm Re: 3.72082e-18    Im: 4.1969e-19

 2 -2 -1
 2 0 -1
 Norm Re: -3.35597e-18    Im: 3.59881e-18

 2 -2 0
 2 0 0
 Norm Re: 3.99294e-18    Im: -1.14421e-18

 2 -2 1
 2 0 1
 Norm Re: -3.56277e-18    Im: 2.06711e-18

 2 -2 2
 2 0 2
 Norm Re: -1.10307e-17    Im: 6.48955e-18

 2 -2 -2
 2 2 -2
 Norm Re: -3.23126e-18    Im: -1.389e-19

 2 -2 -1
 2 2 -1
 Norm Re: 6.71169e-19    Im: -5.77094e-19

 2 -2 0
 2 2 0
 Norm Re: 2.59129e-18    Im: -2.42716e-18

 2 -2 1
 2 2 1
 Norm Re: -1.40069e-18    Im: -2.31678e-18

 2 -2 2
 2 2 2
 Norm Re: -1.69697e-17    Im: 6.18001e-18

 2 -2 -3
 3 -2 -3
 Norm Re: -1.28583e-17    Im: -1.64426e-17

 2 -2 -2
 3 -2 -2
 Norm Re: 5.59118e-17    Im: 2.08574e-17

 2 -2 -1
 3 -2 -1
 Norm Re: -1.54299e-17    Im: -3.21343e-18

 2 -2 0
 3 -2 0
 Norm Re: 3.30664e-17    Im: -2.79162e-17

 2 -2 1
 3 -2 1
 Norm Re: -6.23509e-17    Im: 2.55696e-17

 2 -2 2
 3 -2 2
 Norm Re: 8.51271e-15    Im: -8.95256e-35

 2 -2 3
 3 -2 3
 Norm Re: 9.2726e-18    Im: -3.65445e-17

 2 -2 -3
 3 0 -3
 Norm Re: -7.512e-20    Im: -4.57991e-18

 2 -2 -2
 3 0 -2
 Norm Re: -1.95578e-18    Im: -1.84906e-18

 2 -2 -1
 3 0 -1
 Norm Re: -1.40958e-18    Im: 2.1854e-18

 2 -2 0
 3 0 0
 Norm Re: -1.0806e-18    Im: -5.56289e-19

 2 -2 1
 3 0 1
 Norm Re: -2.1688e-19    Im: -1.40271e-18

 2 -2 2
 3 0 2
 Norm Re: 1.29654e-17    Im: -5.33032e-18

 2 -2 3
 3 0 3
 Norm Re: 2.52572e-19    Im: 3.02388e-19

 2 -2 -3
 3 2 -3
 Norm Re: -9.38618e-19    Im: 3.33275e-18

 2 -2 -2
 3 2 -2
 Norm Re: 6.25163e-18    Im: -2.17052e-19

 2 -2 -1
 3 2 -1
 Norm Re: 1.06515e-18    Im: -1.3525e-18

 2 -2 0
 3 2 0
 Norm Re: -1.56106e-18    Im: -2.65995e-19

 2 -2 1
 3 2 1
 Norm Re: 1.7498e-18    Im: -6.21894e-19

 2 -2 2
 3 2 2
 Norm Re: 3.79787e-17    Im: -1.38308e-17

 2 -2 3
 3 2 3
 Norm Re: 1.69473e-19    Im: -1.1927e-18



 2 0 0
 0 0 0
 Norm Re: -3.63377e-17    Im: -6.15522e-17

 2 0 -1
 1 0 -1
 Norm Re: -6.60279e-17    Im: -1.09208e-17

 2 0 0
 1 0 0
 Norm Re: 2.45978e-18    Im: 1.49755e-18

 2 0 1
 1 0 1
 Norm Re: -9.094e-17    Im: -1.78944e-17

 2 0 -2
 2 -2 -2
 Norm Re: -1.64494e-17    Im: -6.18334e-18

 2 0 -1
 2 -2 -1
 Norm Re: -2.39202e-18    Im: -2.0837e-19

 2 0 0
 2 -2 0
 Norm Re: 5.17791e-18    Im: -2.88563e-18

 2 0 1
 2 -2 1
 Norm Re: 5.11608e-19    Im: -4.01146e-18

 2 0 2
 2 -2 2
 Norm Re: 3.72082e-18    Im: -4.1969e-19

 2 0 -2
 2 0 -2
 Norm Re: 1    Im: 0

 2 0 -1
 2 0 -1
 Norm Re: 3.7405e-18    Im: -4.07863e-17

 2 0 0
 2 0 0
 Norm Re: 1.09843e-17    Im: 6.8813e-17

 2 0 1
 2 0 1
 Norm Re: -7.11762e-18    Im: 2.13113e-18

 2 0 2
 2 0 2
 Norm Re: -1.59849e-16    Im: 7.26627e-18

 2 0 -2
 2 2 -2
 Norm Re: -1.10307e-17    Im: 6.48955e-18

 2 0 -1
 2 2 -1
 Norm Re: -3.54027e-19    Im: 4.38453e-18

 2 0 0
 2 2 0
 Norm Re: 7.07876e-18    Im: -1.11448e-18

 2 0 1
 2 2 1
 Norm Re: -1.97697e-18    Im: 9.09713e-18

 2 0 2
 2 2 2
 Norm Re: -2.53432e-18    Im: 3.31698e-18

 2 0 -3
 3 -2 -3
 Norm Re: -1.89735e-19    Im: 1.15366e-18

 2 0 -2
 3 -2 -2
 Norm Re: 1.88651e-17    Im: 5.6243e-18

 2 0 -1
 3 -2 -1
 Norm Re: -2.82231e-18    Im: 2.24464e-18

 2 0 0
 3 -2 0
 Norm Re: -2.14469e-18    Im: 1.67628e-18

 2 0 1
 3 -2 1
 Norm Re: 3.96316e-18    Im: 1.15128e-18

 2 0 2
 3 -2 2
 Norm Re: 3.36612e-18    Im: -1.62132e-18

 2 0 3
 3 -2 3
 Norm Re: 1.73843e-18    Im: -1.82662e-18

 2 0 -3
 3 0 -3
 Norm Re: -1.05567e-16    Im: -1.9597e-17

 2 0 -2
 3 0 -2
 Norm Re: 8.71426e-16    Im: 2.99426e-19

 2 0 -1
 3 0 -1
 Norm Re: -8.13152e-18    Im: -2.90871e-17

 2 0 0
 3 0 0
 Norm Re: 7.6233e-18    Im: -8.36869e-18

 2 0 1
 3 0 1
 Norm Re: -2.73151e-17    Im: -1.49078e-18

 2 0 2
 3 0 2
 Norm Re: 1.06411e-17    Im: -8.22215e-18

 2 0 3
 3 0 3
 Norm Re: 9.21035e-17    Im: -1.16098e-17

 2 0 -3
 3 2 -3
 Norm Re: 1.99137e-18    Im: 1.49924e-18

 2 0 -2
 3 2 -2
 Norm Re: -1.55653e-17    Im: 7.66584e-18

 2 0 -1
 3 2 -1
 Norm Re: -2.32934e-19    Im: 3.10395e-18

 2 0 0
 3 2 0
 Norm Re: 1.1202e-19    Im: 1.60005e-18

 2 0 1
 3 2 1
 Norm Re: 1.75505e-18    Im: -2.68679e-18

 2 0 2
 3 2 2
 Norm Re: 2.98156e-18    Im: 5.21772e-19

 2 0 3
 3 2 3
 Norm Re: -2.8257e-18    Im: 6.48827e-19



 2 0 0
 0 0 0
 Norm Re: -1.19804e-17    Im: -2.29444e-17

 2 0 -1
 1 0 -1
 Norm Re: -2.69289e-17    Im: -3.79471e-19

 2 0 0
 1 0 0
 Norm Re: -6.88468e-17    Im: 1.42871e-16

 2 0 1
 1 0 1
 Norm Re: 5.42101e-19    Im: 4.87891e-19

 2 0 -2
 2 -2 -2
 Norm Re: 1.3146e-18    Im: 3.46945e-18

 2 0 -1
 2 -2 -1
 Norm Re: 5.71917e-18    Im: -8.80914e-20

 2 0 0
 2 -2 0
 Norm Re: 6.33581e-19    Im: 2.07862e-18

 2 0 1
 2 -2 1
 Norm Re: 5.12095e-18    Im: -3.01512e-18

 2 0 2
 2 -2 2
 Norm Re: -3.35597e-18    Im: -3.59881e-18

 2 0 -2
 2 0 -2
 Norm Re: 3.7405e-18    Im: 4.07863e-17

 2 0 -1
 2 0 -1
 Norm Re: 1    Im: 0

 2 0 0
 2 0 0
 Norm Re: -6.93889e-18    Im: -8.53809e-18

 2 0 1
 2 0 1
 Norm Re: 2.41154e-16    Im: -1.54499e-18

 2 0 2
 2 0 2
 Norm Re: 7.11762e-18    Im: -2.13113e-18

 2 0 -2
 2 2 -2
 Norm Re: 3.56277e-18    Im: -2.06711e-18

 2 0 -1
 2 2 -1
 Norm Re: 5.79868e-18    Im: -2.13156e-18

 2 0 0
 2 2 0
 Norm Re: 4.61633e-19    Im: -5.40407e-19

 2 0 1
 2 2 1
 Norm Re: 7.17606e-18    Im: 3.1984e-18

 2 0 2
 2 2 2
 Norm Re: 4.11997e-18    Im: -2.71051e-20

 2 0 -3
 3 -2 -3
 Norm Re: -1.81604e-18    Im: -2.29038e-18

 2 0 -2
 3 -2 -2
 Norm Re: 8.80914e-19    Im: 1.51788e-18

 2 0 -1
 3 -2 -1
 Norm Re: 1.82959e-17    Im: 1.76183e-18

 2 0 0
 3 -2 0
 Norm Re: 4.45878e-18    Im: -1.39083e-18

 2 0 1
 3 -2 1
 Norm Re: -3.73965e-18    Im: 6.11494e-18

 2 0 2
 3 -2 2
 Norm Re: -1.0841e-18    Im: -7.33663e-19

 2 0 3
 3 -2 3
 Norm Re: -2.28765e-20    Im: -3.62364e-18

 2 0 -3
 3 0 -3
 Norm Re: -2.24438e-17    Im: 5.73611e-18

 2 0 -2
 3 0 -2
 Norm Re: 3.44709e-17    Im: 1.11165e-17

 2 0 -1
 3 0 -1
 Norm Re: 1.36609e-17    Im: 2.75116e-18

 2 0 0
 3 0 0
 Norm Re: -9.97466e-18    Im: -1.04029e-16

 2 0 1
 3 0 1
 Norm Re: -4.90601e-18    Im: 3.17129e-18

 2 0 2
 3 0 2
 Norm Re: -5.44354e-17    Im: -4.79759e-18

 2 0 3
 3 0 3
 Norm Re: -6.3231e-18    Im: -1.42657e-17

 2 0 -3
 3 2 -3
 Norm Re: 7.05657e-18    Im: 3.15859e-18

 2 0 -2
 3 2 -2
 Norm Re: -2.14818e-18    Im: -6.27254e-19

 2 0 -1
 3 2 -1
 Norm Re: -1.28419e-17    Im: 8.04173e-18

 2 0 0
 3 2 0
 Norm Re: -1.15366e-18    Im: -3.45589e-19

 2 0 1
 3 2 1
 Norm Re: 1.18246e-18    Im: -2.33103e-18

 2 0 2
 3 2 2
 Norm Re: 2.33103e-18    Im: -3.25261e-19

 2 0 3
 3 2 3
 Norm Re: -3.98444e-18    Im: -6.64074e-19



 2 0 0
 0 0 0
 Norm Re: -2.19031e-15    Im: 0

 2 0 -1
 1 0 -1
 Norm Re: 1.21891e-16    Im: 1.94208e-17

 2 0 0
 1 0 0
 Norm Re: 8.67362e-19    Im: 0

 2 0 1
 1 0 1
 Norm Re: -1.21891e-16    Im: 1.94208e-17

 2 0 -2
 2 -2 -2
 Norm Re: -6.77626e-19    Im: 1.6263e-18

 2 0 -1
 2 -2 -1
 Norm Re: 1.01644e-18    Im: 1.0842e-19

 2 0 0
 2 -2 0
 Norm Re: 1.21871e-17    Im: 1.17365e-17

 2 0 1
 2 -2 1
 Norm Re: 1.11851e-18    Im: -4.01282e-19

 2 0 2
 2 -2 2
 Norm Re: 3.99294e-18    Im: 1.14421e-18

 2 0 -2
 2 0 -2
 Norm Re: 1.09843e-17    Im: -6.8813e-17

 2 0 -1
 2 0 -1
 Norm Re: -6.93889e-18    Im: 8.53809e-18

 2 0 0
 2 0 0
 Norm Re: 1    Im: 0

 2 0 1
 2 0 1
 Norm Re: 6.93889e-18    Im: 8.53809e-18

 2 0 2
 2 0 2
 Norm Re: 1.09843e-17    Im: 6.8813e-17

 2 0 -2
 2 2 -2
 Norm Re: 3.99294e-18    Im: -1.14421e-18

 2 0 -1
 2 2 -1
 Norm Re: -1.11851e-18    Im: -4.01282e-19

 2 0 0
 2 2 0
 Norm Re: 1.21871e-17    Im: -1.17365e-17

 2 0 1
 2 2 1
 Norm Re: -1.01644e-18    Im: 1.0842e-19

 2 0 2
 2 2 2
 Norm Re: -6.77626e-19    Im: -1.6263e-18

 2 0 -3
 3 -2 -3
 Norm Re: 1.76183e-18    Im: 1.6263e-19

 2 0 -2
 3 -2 -2
 Norm Re: 3.30682e-18    Im: 3.68629e-18

 2 0 -1
 3 -2 -1
 Norm Re: -2.71051e-18    Im: 3.79471e-19

 2 0 0
 3 -2 0
 Norm Re: -1.87703e-18    Im: -3.29326e-18

 2 0 1
 3 -2 1
 Norm Re: -1.3417e-18    Im: -8.47033e-22

 2 0 2
 3 -2 2
 Norm Re: 9.32372e-18    Im: 6.36969e-19

 2 0 3
 3 -2 3
 Norm Re: -8.49521e-19    Im: -5.62456e-19

 2 0 -3
 3 0 -3
 Norm Re: -4.75355e-18    Im: -6.38324e-18

 2 0 -2
 3 0 -2
 Norm Re: -3.26616e-18    Im: -2.81893e-18

 2 0 -1
 3 0 -1
 Norm Re: -2.2443e-17    Im: 4.23381e-17

 2 0 0
 3 0 0
 Norm Re: -6.91721e-17    Im: 0

 2 0 1
 3 0 1
 Norm Re: 2.2443e-17    Im: 4.23381e-17

 2 0 2
 3 0 2
 Norm Re: -3.26616e-18    Im: 2.81893e-18

 2 0 3
 3 0 3
 Norm Re: 4.75355e-18    Im: -6.38324e-18

 2 0 -3
 3 2 -3
 Norm Re: 8.49521e-19    Im: -5.62456e-19

 2 0 -2
 3 2 -2
 Norm Re: 9.32372e-18    Im: -6.36969e-19

 2 0 -1
 3 2 -1
 Norm Re: 1.3417e-18    Im: -8.47033e-22

 2 0 0
 3 2 0
 Norm Re: -1.87703e-18    Im: 3.29326e-18

 2 0 1
 3 2 1
 Norm Re: 2.71051e-18    Im: 3.79471e-19

 2 0 2
 3 2 2
 Norm Re: 3.30682e-18    Im: -3.68629e-18

 2 0 3
 3 2 3
 Norm Re: -1.76183e-18    Im: 1.6263e-19



 2 0 0
 0 0 0
 Norm Re: 1.19804e-17    Im: -2.29444e-17

 2 0 -1
 1 0 -1
 Norm Re: 5.42101e-19    Im: -4.87891e-19

 2 0 0
 1 0 0
 Norm Re: 6.88468e-17    Im: 1.42871e-16

 2 0 1
 1 0 1
 Norm Re: -2.69289e-17    Im: 3.79471e-19

 2 0 -2
 2 -2 -2
 Norm Re: -4.11997e-18    Im: -2.71051e-20

 2 0 -1
 2 -2 -1
 Norm Re: 7.17606e-18    Im: -3.1984e-18

 2 0 0
 2 -2 0
 Norm Re: -4.61633e-19    Im: -5.40407e-19

 2 0 1
 2 -2 1
 Norm Re: 5.79868e-18    Im: 2.13156e-18

 2 0 2
 2 -2 2
 Norm Re: -3.56277e-18    Im: -2.06711e-18

 2 0 -2
 2 0 -2
 Norm Re: -7.11762e-18    Im: -2.13113e-18

 2 0 -1
 2 0 -1
 Norm Re: 2.41154e-16    Im: 1.54499e-18

 2 0 0
 2 0 0
 Norm Re: 6.93889e-18    Im: -8.53809e-18

 2 0 1
 2 0 1
 Norm Re: 1    Im: 0

 2 0 2
 2 0 2
 Norm Re: -3.7405e-18    Im: 4.07863e-17

 2 0 -2
 2 2 -2
 Norm Re: 3.35597e-18    Im: -3.59881e-18

 2 0 -1
 2 2 -1
 Norm Re: 5.12095e-18    Im: 3.01512e-18

 2 0 0
 2 2 0
 Norm Re: -6.33581e-19    Im: 2.07862e-18

 2 0 1
 2 2 1
 Norm Re: 5.71917e-18    Im: 8.80914e-20

 2 0 2
 2 2 2
 Norm Re: -1.3146e-18    Im: 3.46945e-18

 2 0 -3
 3 -2 -3
 Norm Re: -3.98444e-18    Im: 6.64074e-19

 2 0 -2
 3 -2 -2
 Norm Re: -2.33103e-18    Im: -3.25261e-19

 2 0 -1
 3 -2 -1
 Norm Re: 1.18246e-18    Im: 2.33103e-18

 2 0 0
 3 -2 0
 Norm Re: 1.15366e-18    Im: -3.45589e-19

 2 0 1
 3 -2 1
 Norm Re: -1.28419e-17    Im: -8.04173e-18

 2 0 2
 3 -2 2
 Norm Re: 2.14818e-18    Im: -6.27254e-19

 2 0 3
 3 -2 3
 Norm Re: 7.05657e-18    Im: -3.15859e-18

 2 0 -3
 3 0 -3
 Norm Re: -6.3231e-18    Im: 1.42657e-17

 2 0 -2
 3 0 -2
 Norm Re: 5.44354e-17    Im: -4.79759e-18

 2 0 -1
 3 0 -1
 Norm Re: -4.90601e-18    Im: -3.17129e-18

 2 0 0
 3 0 0
 Norm Re: 9.97466e-18    Im: -1.04029e-16

 2 0 1
 3 0 1
 Norm Re: 1.36609e-17    Im: -2.75116e-18

 2 0 2
 3 0 2
 Norm Re: -3.44709e-17    Im: 1.11165e-17

 2 0 3
 3 0 3
 Norm Re: -2.24438e-17    Im: -5.73611e-18

 2 0 -3
 3 2 -3
 Norm Re: -2.28765e-20    Im: 3.62364e-18

 2 0 -2
 3 2 -2
 Norm Re: 1.0841e-18    Im: -7.33663e-19

 2 0 -1
 3 2 -1
 Norm Re: -3.73965e-18    Im: -6.11494e-18

 2 0 0
 3 2 0
 Norm Re: -4.45878e-18    Im: -1.39083e-18

 2 0 1
 3 2 1
 Norm Re: 1.82959e-17    Im: -1.76183e-18

 2 0 2
 3 2 2
 Norm Re: -8.80914e-19    Im: 1.51788e-18

 2 0 3
 3 2 3
 Norm Re: -1.81604e-18    Im: 2.29038e-18



 2 0 0
 0 0 0
 Norm Re: -3.63377e-17    Im: 6.15522e-17

 2 0 -1
 1 0 -1
 Norm Re: 9.094e-17    Im: -1.78944e-17

 2 0 0
 1 0 0
 Norm Re: 2.45978e-18    Im: -1.49755e-18

 2 0 1
 1 0 1
 Norm Re: 6.60279e-17    Im: -1.09208e-17

 2 0 -2
 2 -2 -2
 Norm Re: -2.53432e-18    Im: -3.31698e-18

 2 0 -1
 2 -2 -1
 Norm Re: 1.97697e-18    Im: 9.09713e-18

 2 0 0
 2 -2 0
 Norm Re: 7.07876e-18    Im: 1.11448e-18

 2 0 1
 2 -2 1
 Norm Re: 3.54027e-19    Im: 4.38453e-18

 2 0 2
 2 -2 2
 Norm Re: -1.10307e-17    Im: -6.48955e-18

 2 0 -2
 2 0 -2
 Norm Re: -1.59849e-16    Im: -7.26627e-18

 2 0 -1
 2 0 -1
 Norm Re: 7.11762e-18    Im: 2.13113e-18

 2 0 0
 2 0 0
 Norm Re: 1.09843e-17    Im: -6.8813e-17

 2 0 1
 2 0 1
 Norm Re: -3.7405e-18    Im: -4.07863e-17

 2 0 2
 2 0 2
 Norm Re: 1    Im: 0

 2 0 -2
 2 2 -2
 Norm Re: 3.72082e-18    Im: 4.1969e-19

 2 0 -1
 2 2 -1
 Norm Re: -5.11608e-19    Im: -4.01146e-18

 2 0 0
 2 2 0
 Norm Re: 5.17791e-18    Im: 2.88563e-18

 2 0 1
 2 2 1
 Norm Re: 2.39202e-18    Im: -2.0837e-19

 2 0 2
 2 2 2
 Norm Re: -1.64494e-17    Im: 6.18334e-18

 2 0 -3
 3 -2 -3
 Norm Re: 2.8257e-18    Im: 6.48827e-19

 2 0 -2
 3 -2 -2
 Norm Re: 2.98156e-18    Im: -5.21772e-19

 2 0 -1
 3 -2 -1
 Norm Re: -1.75505e-18    Im: -2.68679e-18

 2 0 0
 3 -2 0
 Norm Re: 1.1202e-19    Im: -1.60005e-18

 2 0 1
 3 -2 1
 Norm Re: 2.32934e-19    Im: 3.10395e-18

 2 0 2
 3 -2 2
 Norm Re: -1.55653e-17    Im: -7.66584e-18

 2 0 3
 3 -2 3
 Norm Re: -1.99137e-18    Im: 1.49924e-18

 2 0 -3
 3 0 -3
 Norm Re: -9.21035e-17    Im: -1.16098e-17

 2 0 -2
 3 0 -2
 Norm Re: 1.06411e-17    Im: 8.22215e-18

 2 0 -1
 3 0 -1
 Norm Re: 2.73151e-17    Im: -1.49078e-18

 2 0 0
 3 0 0
 Norm Re: 7.6233e-18    Im: 8.36869e-18

 2 0 1
 3 0 1
 Norm Re: 8.13152e-18    Im: -2.90871e-17

 2 0 2
 3 0 2
 Norm Re: 8.71426e-16    Im: -2.99426e-19

 2 0 3
 3 0 3
 Norm Re: 1.05567e-16    Im: -1.9597e-17

 2 0 -3
 3 2 -3
 Norm Re: -1.73843e-18    Im: -1.82662e-18

 2 0 -2
 3 2 -2
 Norm Re: 3.36612e-18    Im: 1.62132e-18

 2 0 -1
 3 2 -1
 Norm Re: -3.96316e-18    Im: 1.15128e-18

 2 0 0
 3 2 0
 Norm Re: -2.14469e-18    Im: -1.67628e-18

 2 0 1
 3 2 1
 Norm Re: 2.82231e-18    Im: 2.24464e-18

 2 0 2
 3 2 2
 Norm Re: 1.88651e-17    Im: -5.6243e-18

 2 0 3
 3 2 3
 Norm Re: 1.89735e-19    Im: 1.15366e-18



 2 2 0
 0 0 0
 Norm Re: -1.77569e-18    Im: -4.15059e-19

 2 2 -1
 1 0 -1
 Norm Re: -1.60102e-19    Im: 1.08372e-18

 2 2 0
 1 0 0
 Norm Re: 8.90573e-18    Im: 5.76776e-20

 2 2 1
 1 0 1
 Norm Re: -2.35299e-18    Im: -4.02306e-18

 2 2 -2
 2 -2 -2
 Norm Re: -1.69697e-17    Im: -6.18001e-18

 2 2 -1
 2 -2 -1
 Norm Re: 1.40069e-18    Im: -2.31678e-18

 2 2 0
 2 -2 0
 Norm Re: 2.59129e-18    Im: 2.42716e-18

 2 2 1
 2 -2 1
 Norm Re: -6.71169e-19    Im: -5.77094e-19

 2 2 2
 2 -2 2
 Norm Re: -3.23126e-18    Im: 1.389e-19

 2 2 -2
 2 0 -2
 Norm Re: -1.10307e-17    Im: -6.48955e-18

 2 2 -1
 2 0 -1
 Norm Re: 3.56277e-18    Im: 2.06711e-18

 2 2 0
 2 0 0
 Norm Re: 3.99294e-18    Im: 1.14421e-18

 2 2 1
 2 0 1
 Norm Re: 3.35597e-18    Im: 3.59881e-18

 2 2 2
 2 0 2
 Norm Re: 3.72082e-18    Im: -4.1969e-19

 2 2 -2
 2 2 -2
 Norm Re: 1    Im: 0

 2 2 -1
 2 2 -1
 Norm Re: -2.39231e-17    Im: -1.03236e-17

 2 2 0
 2 2 0
 Norm Re: -5.01113e-17    Im: 3.66726e-17

 2 2 1
 2 2 1
 Norm Re: -2.54163e-17    Im: -2.30501e-17

 2 2 2
 2 2 2
 Norm Re: -2.20765e-17    Im: 3.75723e-18

 2 2 -3
 3 -2 -3
 Norm Re: -1.69473e-19    Im: -1.1927e-18

 2 2 -2
 3 -2 -2
 Norm Re: 3.79787e-17    Im: 1.38308e-17

 2 2 -1
 3 -2 -1
 Norm Re: -1.7498e-18    Im: -6.21894e-19

 2 2 0
 3 -2 0
 Norm Re: -1.56106e-18    Im: 2.65995e-19

 2 2 1
 3 -2 1
 Norm Re: -1.06515e-18    Im: -1.3525e-18

 2 2 2
 3 -2 2
 Norm Re: 6.25163e-18    Im: 2.17052e-19

 2 2 3
 3 -2 3
 Norm Re: 9.38618e-19    Im: 3.33275e-18

 2 2 -3
 3 0 -3
 Norm Re: -2.52572e-19    Im: 3.02388e-19

 2 2 -2
 3 0 -2
 Norm Re: 1.29654e-17    Im: 5.33032e-18

 2 2 -1
 3 0 -1
 Norm Re: 2.1688e-19    Im: -1.40271e-18

 2 2 0
 3 0 0
 Norm Re: -1.0806e-18    Im: 5.56289e-19

 2 2 1
 3 0 1
 Norm Re: 1.40958e-18    Im: 2.1854e-18

 2 2 2
 3 0 2
 Norm Re: -1.95578e-18    Im: 1.84906e-18

 2 2 3
 3 0 3
 Norm Re: 7.512e-20    Im: -4.57991e-18

 2 2 -3
 3 2 -3
 Norm Re: -9.2726e-18    Im: -3.65445e-17

 2 2 -2
 3 2 -2
 Norm Re: 8.51271e-15    Im: 8.95256e-35

 2 2 -1
 3 2 -1
 Norm Re: 6.23509e-17    Im: 2.55696e-17

 2 2 0
 3 2 0
 Norm Re: 3.30664e-17    Im: 2.79162e-17

 2 2 1
 3 2 1
 Norm Re: 1.54299e-17    Im: -3.21343e-18

 2 2 2
 3 2 2
 Norm Re: 5.59118e-17    Im: -2.08574e-17

 2 2 3
 3 2 3
 Norm Re: 1.28583e-17    Im: -1.64426e-17



 2 2 0
 0 0 0
 Norm Re: -1.20617e-18    Im: -1.2913e-18

 2 2 -1
 1 0 -1
 Norm Re: -1.85021e-17    Im: -6.03882e-18

 2 2 0
 1 0 0
 Norm Re: 2.13029e-18    Im: 3.44531e-19

 2 2 1
 1 0 1
 Norm Re: 1.47945e-18    Im: 8.14425e-18

 2 2 -2
 2 -2 -2
 Norm Re: -2.6402e-18    Im: 2.90659e-18

 2 2 -1
 2 -2 -1
 Norm Re: 6.04487e-17    Im: 2.43132e-17

 2 2 0
 2 -2 0
 Norm Re: 5.19411e-18    Im: -4.88558e-18

 2 2 1
 2 -2 1
 Norm Re: 1.01933e-17    Im: -1.90497e-18

 2 2 2
 2 -2 2
 Norm Re: 6.71169e-19    Im: 5.77094e-19

 2 2 -2
 2 0 -2
 Norm Re: -3.54027e-19    Im: -4.38453e-18

 2 2 -1
 2 0 -1
 Norm Re: 5.79868e-18    Im: 2.13156e-18

 2 2 0
 2 0 0
 Norm Re: -1.11851e-18    Im: 4.01282e-19

 2 2 1
 2 0 1
 Norm Re: 5.12095e-18    Im: -3.01512e-18

 2 2 2
 2 0 2
 Norm Re: -5.11608e-19    Im: 4.01146e-18

 2 2 -2
 2 2 -2
 Norm Re: -2.39231e-17    Im: 1.03236e-17

 2 2 -1
 2 2 -1
 Norm Re: 1    Im: 0

 2 2 0
 2 2 0
 Norm Re: -4.11742e-17    Im: 8.39782e-18

 2 2 1
 2 2 1
 Norm Re: -4.07397e-17    Im: 3.20553e-17

 2 2 2
 2 2 2
 Norm Re: -2.35083e-17    Im: -2.08802e-17

 2 2 -3
 3 -2 -3
 Norm Re: -1.79042e-18    Im: 5.65829e-18

 2 2 -2
 3 -2 -2
 Norm Re: 6.54926e-18    Im: -4.56466e-18

 2 2 -1
 3 -2 -1
 Norm Re: -5.36059e-17    Im: -2.60461e-17

 2 2 0
 3 -2 0
 Norm Re: -5.41196e-18    Im: 1.24651e-18

 2 2 1
 3 -2 1
 Norm Re: -2.04545e-19    Im: 1.48912e-18

 2 2 2
 3 -2 2
 Norm Re: -2.60453e-19    Im: 2.99618e-18

 2 2 3
 3 -2 3
 Norm Re: -1.10135e-18    Im: -2.84976e-18

 2 2 -3
 3 0 -3
 Norm Re: 9.2967e-19    Im: 4.51649e-18

 2 2 -2
 3 0 -2
 Norm Re: -6.68203e-19    Im: 3.29295e-18

 2 2 -1
 3 0 -1
 Norm Re: -4.92126e-19    Im: 5.08432e-19

 2 2 0
 3 0 0
 Norm Re: -2.20229e-20    Im: -8.5868e-19

 2 2 1
 3 0 1
 Norm Re: 2.00196e-18    Im: -2.85556e-19

 2 2 2
 3 0 2
 Norm Re: -2.6419e-18    Im: 6.37233e-19

 2 2 3
 3 0 3
 Norm Re: -1.18419e-18    Im: -3.5728e-18

 2 2 -3
 3 2 -3
 Norm Re: -3.33978e-17    Im: 3.65262e-17

 2 2 -2
 3 2 -2
 Norm Re: -1.32192e-17    Im: -4.61444e-17

 2 2 -1
 3 2 -1
 Norm Re: 6.92359e-15    Im: -1.65085e-18

 2 2 0
 3 2 0
 Norm Re: 7.72293e-17    Im: 7.41138e-18

 2 2 1
 3 2 1
 Norm Re: 3.30538e-17    Im: 2.45684e-17

 2 2 2
 3 2 2
 Norm Re: -2.23504e-17    Im: -2.70746e-17

 2 2 3
 3 2 3
 Norm Re: 1.21805e-17    Im: -3.41968e-17



 2 2 0
 0 0 0
 Norm Re: -1.54685e-17    Im: -1.1169e-17

 2 2 -1
 1 0 -1
 Norm Re: -1.14349e-18    Im: -4.82131e-18

 2 2 0
 1 0 0
 Norm Re: 3.19501e-18    Im: 2.37169e-19

 2 2 1
 1 0 1
 Norm Re: 8.7922e-19    Im: -1.49713e-18

 2 2 -2
 2 -2 -2
 Norm Re: -3.33392e-18    Im: -2.70034e-18

 2 2 -1
 2 -2 -1
 Norm Re: -5.79116e-18    Im: -1.91429e-18

 2 2 0
 2 -2 0
 Norm Re: -2.00796e-16    Im: -3.04148e-18

 2 2 1
 2 -2 1
 Norm Re: -5.19411e-18    Im: 4.88558e-18

 2 2 2
 2 -2 2
 Norm Re: 2.59129e-18    Im: 2.42716e-18

 2 2 -2
 2 0 -2
 Norm Re: 7.07876e-18    Im: 1.11448e-18

 2 2 -1
 2 0 -1
 Norm Re: 4.61633e-19    Im: 5.40407e-19

 2 2 0
 2 0 0
 Norm Re: 1.21871e-17    Im: 1.17365e-17

 2 2 1
 2 0 1
 Norm Re: -6.33581e-19    Im: -2.07862e-18

 2 2 2
 2 0 2
 Norm Re: 5.17791e-18    Im: -2.88563e-18

 2 2 -2
 2 2 -2
 Norm Re: -5.01113e-17    Im: -3.66726e-17

 2 2 -1
 2 2 -1
 Norm Re: -4.11742e-17    Im: -8.39782e-18

 2 2 0
 2 2 0
 Norm Re: 1    Im: 0

 2 2 1
 2 2 1
 Norm Re: -3.46115e-17    Im: 1.00068e-17

 2 2 2
 2 2 2
 Norm Re: -5.33021e-17    Im: 3.2028e-17

 2 2 -3
 3 -2 -3
 Norm Re: -6.04782e-19    Im: -2.226e-18

 2 2 -2
 3 -2 -2
 Norm Re: 3.06965e-18    Im: -6.77626e-21

 2 2 -1
 3 -2 -1
 Norm Re: 1.97189e-18    Im: 9.97805e-19

 2 2 0
 3 -2 0
 Norm Re: -6.39531e-18    Im: -6.86944e-18

 2 2 1
 3 -2 1
 Norm Re: -8.78532e-19    Im: 1.72159e-18

 2 2 2
 3 -2 2
 Norm Re: 3.05447e-18    Im: 3.68465e-18

 2 2 3
 3 -2 3
 Norm Re: -1.50518e-18    Im: -5.68576e-19

 2 2 -3
 3 0 -3
 Norm Re: -2.85995e-18    Im: 2.64433e-19

 2 2 -2
 3 0 -2
 Norm Re: -1.00479e-18    Im: -1.11385e-19

 2 2 -1
 3 0 -1
 Norm Re: 6.72544e-19    Im: -1.41624e-18

 2 2 0
 3 0 0
 Norm Re: 2.60886e-19    Im: -6.50521e-19

 2 2 1
 3 0 1
 Norm Re: 3.38813e-19    Im: 2.69356e-19

 2 2 2
 3 0 2
 Norm Re: 1.3129e-19    Im: 5.99699e-19

 2 2 3
 3 0 3
 Norm Re: 8.53862e-19    Im: 3.18723e-19

 2 2 -3
 3 2 -3
 Norm Re: -1.51448e-17    Im: -3.18302e-17

 2 2 -2
 3 2 -2
 Norm Re: 6.56564e-17    Im: 5.97891e-17

 2 2 -1
 3 2 -1
 Norm Re: -3.00089e-17    Im: -1.80112e-17

 2 2 0
 3 2 0
 Norm Re: 7.7254e-16    Im: -2.99426e-19

 2 2 1
 3 2 1
 Norm Re: 1.42268e-17    Im: -6.70562e-17

 2 2 2
 3 2 2
 Norm Re: -6.5374e-17    Im: 4.59837e-17

 2 2 3
 3 2 3
 Norm Re: 1.57307e-17    Im: -5.49741e-17



 2 2 0
 0 0 0
 Norm Re: 2.28021e-18    Im: 2.75116e-18

 2 2 -1
 1 0 -1
 Norm Re: -8.43645e-19    Im: 1.57209e-18

 2 2 0
 1 0 0
 Norm Re: 1.19262e-18    Im: 3.1984e-18

 2 2 1
 1 0 1
 Norm Re: 2.55736e-17    Im: 1.17907e-18

 2 2 -2
 2 -2 -2
 Norm Re: 6.23416e-18    Im: 4.8518e-18

 2 2 -1
 2 -2 -1
 Norm Re: 4.70273e-18    Im: -1.20042e-17

 2 2 0
 2 -2 0
 Norm Re: 5.79116e-18    Im: 1.91429e-18

 2 2 1
 2 -2 1
 Norm Re: 6.04487e-17    Im: 2.43132e-17

 2 2 2
 2 -2 2
 Norm Re: -1.40069e-18    Im: 2.31678e-18

 2 2 -2
 2 0 -2
 Norm Re: -1.97697e-18    Im: -9.09713e-18

 2 2 -1
 2 0 -1
 Norm Re: 7.17606e-18    Im: -3.1984e-18

 2 2 0
 2 0 0
 Norm Re: -1.01644e-18    Im: -1.0842e-19

 2 2 1
 2 0 1
 Norm Re: 5.71917e-18    Im: -8.80914e-20

 2 2 2
 2 0 2
 Norm Re: 2.39202e-18    Im: 2.0837e-19

 2 2 -2
 2 2 -2
 Norm Re: -2.54163e-17    Im: 2.30501e-17

 2 2 -1
 2 2 -1
 Norm Re: -4.07397e-17    Im: -3.20553e-17

 2 2 0
 2 2 0
 Norm Re: -3.46115e-17    Im: -1.00068e-17

 2 2 1
 2 2 1
 Norm Re: 1    Im: 0

 2 2 2
 2 2 2
 Norm Re: -6.72205e-18    Im: -3.49791e-17

 2 2 -3
 3 -2 -3
 Norm Re: 6.41035e-18    Im: 8.89046e-18

 2 2 -2
 3 -2 -2
 Norm Re: -3.25261e-18    Im: -5.08897e-18

 2 2 -1
 3 -2 -1
 Norm Re: -6.24772e-18    Im: -6.43745e-19

 2 2 0
 3 -2 0
 Norm Re: 4.65529e-18    Im: 7.45389e-19

 2 2 1
 3 -2 1
 Norm Re: 5.97867e-17    Im: 2.46406e-17

 2 2 2
 3 -2 2
 Norm Re: -3.13089e-18    Im: 2.89352e-18

 2 2 3
 3 -2 3
 Norm Re: 2.53355e-18    Im: 3.98531e-18

 2 2 -3
 3 0 -3
 Norm Re: 2.13537e-18    Im: -1.83658e-18

 2 2 -2
 3 0 -2
 Norm Re: -6.13252e-19    Im: -1.69407e-19

 2 2 -1
 3 0 -1
 Norm Re: 7.92823e-19    Im: -3.27971e-18

 2 2 0
 3 0 0
 Norm Re: 7.45389e-20    Im: -5.14996e-19

 2 2 1
 3 0 1
 Norm Re: -2.43945e-19    Im: 2.71051e-20

 2 2 2
 3 0 2
 Norm Re: -1.43996e-18    Im: 1.29257e-18

 2 2 3
 3 0 3
 Norm Re: -4.39356e-18    Im: 1.50242e-19

 2 2 -3
 3 2 -3
 Norm Re: -1.52803e-17    Im: -3.30676e-17

 2 2 -2
 3 2 -2
 Norm Re: -4.80936e-18    Im: -2.70253e-17

 2 2 -1
 3 2 -1
 Norm Re: -4.53497e-17    Im: 3.35268e-17

 2 2 0
 3 2 0
 Norm Re: -7.22011e-17    Im: 3.12725e-18

 2 2 1
 3 2 1
 Norm Re: -6.88833e-15    Im: 5.18801e-19

 2 2 2
 3 2 2
 Norm Re: 3.67273e-17    Im: -1.0056e-17

 2 2 3
 3 2 3
 Norm Re: 4.18638e-17    Im: 6.62719e-18



 2 2 0
 0 0 0
 Norm Re: 7.16929e-18    Im: 4.33681e-18

 2 2 -1
 1 0 -1
 Norm Re: 7.04731e-18    Im: -2.6563e-18

 2 2 0
 1 0 0
 Norm Re: -4.60786e-19    Im: 5.96311e-18

 2 2 1
 1 0 1
 Norm Re: 8.80914e-19    Im: -5.42101e-19

 2 2 -2
 2 -2 -2
 Norm Re: -1.27936e-17    Im: 1.15468e-17

 2 2 -1
 2 -2 -1
 Norm Re: -6.23416e-18    Im: -4.8518e-18

 2 2 0
 2 -2 0
 Norm Re: -3.33392e-18    Im: -2.70034e-18

 2 2 1
 2 -2 1
 Norm Re: 2.6402e-18    Im: -2.90659e-18

 2 2 2
 2 -2 2
 Norm Re: -1.69697e-17    Im: -6.18001e-18

 2 2 -2
 2 0 -2
 Norm Re: -2.53432e-18    Im: -3.31698e-18

 2 2 -1
 2 0 -1
 Norm Re: 4.11997e-18    Im: 2.71051e-20

 2 2 0
 2 0 0
 Norm Re: -6.77626e-19    Im: 1.6263e-18

 2 2 1
 2 0 1
 Norm Re: -1.3146e-18    Im: -3.46945e-18

 2 2 2
 2 0 2
 Norm Re: -1.64494e-17    Im: -6.18334e-18

 2 2 -2
 2 2 -2
 Norm Re: -2.20765e-17    Im: -3.75723e-18

 2 2 -1
 2 2 -1
 Norm Re: -2.35083e-17    Im: 2.08802e-17

 2 2 0
 2 2 0
 Norm Re: -5.33021e-17    Im: -3.2028e-17

 2 2 1
 2 2 1
 Norm Re: -6.72205e-18    Im: 3.49791e-17

 2 2 2
 2 2 2
 Norm Re: 1    Im: 0

 2 2 -3
 3 -2 -3
 Norm Re: 1.0842e-19    Im: -6.34258e-18

 2 2 -2
 3 -2 -2
 Norm Re: 2.60209e-18    Im: -1.6263e-18

 2 2 -1
 3 -2 -1
 Norm Re: -2.05998e-18    Im: 4.47233e-19

 2 2 0
 3 -2 0
 Norm Re: -4.55365e-18    Im: -1.484e-18

 2 2 1
 3 -2 1
 Norm Re: 2.10572e-18    Im: -1.68051e-18

 2 2 2
 3 -2 2
 Norm Re: -3.88277e-17    Im: -1.45508e-17

 2 2 3
 3 -2 3
 Norm Re: -1.86057e-18    Im: -2.93777e-18

 2 2 -3
 3 0 -3
 Norm Re: -1.67713e-19    Im: -2.45978e-18

 2 2 -2
 3 0 -2
 Norm Re: -4.26905e-18    Im: -1.96512e-18

 2 2 -1
 3 0 -1
 Norm Re: 1.6263e-18    Im: 2.49366e-18

 2 2 0
 3 0 0
 Norm Re: -1.51788e-18    Im: 6.61363e-18

 2 2 1
 3 0 1
 Norm Re: -6.09864e-19    Im: -1.84314e-18

 2 2 2
 3 0 2
 Norm Re: -1.47045e-17    Im: -6.43745e-18

 2 2 3
 3 0 3
 Norm Re: 3.74389e-19    Im: 5.75982e-20

 2 2 -3
 3 2 -3
 Norm Re: -1.50012e-17    Im: -1.28793e-17

 2 2 -2
 3 2 -2
 Norm Re: -6.53808e-17    Im: -2.37167e-17

 2 2 -1
 3 2 -1
 Norm Re: 2.37677e-18    Im: 1.09521e-17

 2 2 0
 3 2 0
 Norm Re: -3.55889e-17    Im: 2.52348e-17

 2 2 1
 3 2 1
 Norm Re: -9.53014e-17    Im: 1.55583e-17

 2 2 2
 3 2 2
 Norm Re: -8.46437e-15    Im: -1.44745e-18

 2 2 3
 3 2 3
 Norm Re: 1.19262e-18    Im: -1.21431e-17



 3 -2 0
 0 0 0
 Norm Re: -1.11131e-18    Im: -2.90024e-18

 3 -2 -1
 1 0 -1
 Norm Re: -1.6263e-18    Im: -8.13152e-19

 3 -2 0
 1 0 0
 Norm Re: 5.42101e-20    Im: -2.92735e-18

 3 -2 1
 1 0 1
 Norm Re: -6.60686e-18    Im: -6.30531e-18

 3 -2 -2
 2 -2 -2
 Norm Re: -1.19262e-18    Im: 1.21431e-17

 3 -2 -1
 2 -2 -1
 Norm Re: 4.18638e-17    Im: 6.62719e-18

 3 -2 0
 2 -2 0
 Norm Re: -1.57307e-17    Im: 5.49741e-17

 3 -2 1
 2 -2 1
 Norm Re: 1.21805e-17    Im: -3.41968e-17

 3 -2 2
 2 -2 2
 Norm Re: -1.28583e-17    Im: 1.64426e-17

 3 -2 -2
 2 0 -2
 Norm Re: -1.89735e-19    Im: -1.15366e-18

 3 -2 -1
 2 0 -1
 Norm Re: -1.81604e-18    Im: 2.29038e-18

 3 -2 0
 2 0 0
 Norm Re: 1.76183e-18    Im: -1.6263e-19

 3 -2 1
 2 0 1
 Norm Re: -3.98444e-18    Im: -6.64074e-19

 3 -2 2
 2 0 2
 Norm Re: 2.8257e-18    Im: -6.48827e-19

 3 -2 -2
 2 2 -2
 Norm Re: -1.69473e-19    Im: 1.1927e-18

 3 -2 -1
 2 2 -1
 Norm Re: -1.79042e-18    Im: -5.65829e-18

 3 -2 0
 2 2 0
 Norm Re: -6.04782e-19    Im: 2.226e-18

 3 -2 1
 2 2 1
 Norm Re: 6.41035e-18    Im: -8.89046e-18

 3 -2 2
 2 2 2
 Norm Re: 1.0842e-19    Im: 6.34258e-18

 3 -2 -3
 3 -2 -3
 Norm Re: 1    Im: 0

 3 -2 -2
 3 -2 -2
 Norm Re: 4.29344e-17    Im: -8.29415e-18

 3 -2 -1
 3 -2 -1
 Norm Re: -7.91874e-17    Im: 2.13317e-17

 3 -2 0
 3 -2 0
 Norm Re: -2.93802e-17    Im: 5.84317e-17

 3 -2 1
 3 -2 1
 Norm Re: 1.39254e-17    Im: 1.15612e-17

 3 -2 2
 3 -2 2
 Norm Re: -2.95735e-17    Im: 3.53366e-17

 3 -2 3
 3 -2 3
 Norm Re: 1.29856e-17    Im: -1.92084e-17

 3 -2 -3
 3 0 -3
 Norm Re: -1.44377e-17    Im: 6.48404e-18

 3 -2 -2
 3 0 -2
 Norm Re: -3.74389e-18    Im: 1.999e-18

 3 -2 -1
 3 0 -1
 Norm Re: -2.49366e-18    Im: 0

 3 -2 0
 3 0 0
 Norm Re: -2.1413e-18    Im: 1.51788e-18

 3 -2 1
 3 0 1
 Norm Re: -9.21572e-19    Im: 2.71051e-20

 3 -2 2
 3 0 2
 Norm Re: 1.15196e-18    Im: 9.58841e-19

 3 -2 3
 3 0 3
 Norm Re: 1.06133e-18    Im: -3.35933e-18

 3 -2 -3
 3 2 -3
 Norm Re: -3.00534e-17    Im: 9.40225e-18

 3 -2 -2
 3 2 -2
 Norm Re: -3.24017e-18    Im: 4.68928e-18

 3 -2 -1
 3 2 -1
 Norm Re: -4.29869e-18    Im: -1.02766e-17

 3 -2 0
 3 2 0
 Norm Re: -3.38813e-20    Im: 4.13352e-18

 3 -2 1
 3 2 1
 Norm Re: 1.76183e-18    Im: -4.8247e-18

 3 -2 2
 3 2 2
 Norm Re: -8.40257e-19    Im: -3.08998e-18

 3 -2 3
 3 2 3
 Norm Re: 1.88854e-17    Im: 1.32273e-17



 3 -2 0
 0 0 0
 Norm Re: -7.86047e-18    Im: -4.17418e-18

 3 -2 -1
 1 0 -1
 Norm Re: -2.23617e-18    Im: 2.24972e-18

 3 -2 0
 1 0 0
 Norm Re: 3.7676e-18    Im: -4.87891e-18

 3 -2 1
 1 0 1
 Norm Re: 4.59431e-18    Im: 1.50433e-18

 3 -2 -2
 2 -2 -2
 Norm Re: -8.46437e-15    Im: -1.44745e-18

 3 -2 -1
 2 -2 -1
 Norm Re: -3.67273e-17    Im: 1.0056e-17

 3 -2 0
 2 -2 0
 Norm Re: -6.5374e-17    Im: 4.59837e-17

 3 -2 1
 2 -2 1
 Norm Re: 2.23504e-17    Im: 2.70746e-17

 3 -2 2
 2 -2 2
 Norm Re: 5.59118e-17    Im: -2.08574e-17

 3 -2 -2
 2 0 -2
 Norm Re: 1.88651e-17    Im: -5.6243e-18

 3 -2 -1
 2 0 -1
 Norm Re: 8.80914e-19    Im: -1.51788e-18

 3 -2 0
 2 0 0
 Norm Re: 3.30682e-18    Im: -3.68629e-18

 3 -2 1
 2 0 1
 Norm Re: -2.33103e-18    Im: 3.25261e-19

 3 -2 2
 2 0 2
 Norm Re: 2.98156e-18    Im: 5.21772e-19

 3 -2 -2
 2 2 -2
 Norm Re: 3.79787e-17    Im: -1.38308e-17

 3 -2 -1
 2 2 -1
 Norm Re: 6.54926e-18    Im: 4.56466e-18

 3 -2 0
 2 2 0
 Norm Re: 3.06965e-18    Im: 6.77626e-21

 3 -2 1
 2 2 1
 Norm Re: -3.25261e-18    Im: 5.08897e-18

 3 -2 2
 2 2 2
 Norm Re: 2.60209e-18    Im: 1.6263e-18

 3 -2 -3
 3 -2 -3
 Norm Re: 4.29344e-17    Im: 8.29415e-18

 3 -2 -2
 3 -2 -2
 Norm Re: 1    Im: 0

 3 -2 -1
 3 -2 -1
 Norm Re: 4.34765e-17    Im: -1.47723e-17

 3 -2 0
 3 -2 0
 Norm Re: 4.04543e-17    Im: -4.17418e-18

 3 -2 1
 3 -2 1
 Norm Re: -7.1947e-18    Im: -9.09713e-19

 3 -2 2
 3 -2 2
 Norm Re: 5.53803e-17    Im: -7.02063e-18

 3 -2 3
 3 -2 3
 Norm Re: -1.94751e-17    Im: 3.11894e-17

 3 -2 -3
 3 0 -3
 Norm Re: 5.59211e-18    Im: 9.06325e-19

 3 -2 -2
 3 0 -2
 Norm Re: -1.82959e-18    Im: 2.30393e-19

 3 -2 -1
 3 0 -1
 Norm Re: -5.28549e-19    Im: -2.1684e-19

 3 -2 0
 3 0 0
 Norm Re: 2.41235e-18    Im: -1.51788e-18

 3 -2 1
 3 0 1
 Norm Re: -2.54788e-18    Im: -3.41524e-18

 3 -2 2
 3 0 2
 Norm Re: 9.35124e-19    Im: 1.89735e-19

 3 -2 3
 3 0 3
 Norm Re: 2.56651e-18    Im: 1.26631e-18

 3 -2 -3
 3 2 -3
 Norm Re: -2.24312e-18    Im: 2.96672e-18

 3 -2 -2
 3 2 -2
 Norm Re: 6.34638e-17    Im: -2.13893e-17

 3 -2 -1
 3 2 -1
 Norm Re: 3.07134e-18    Im: 1.38744e-18

 3 -2 0
 3 2 0
 Norm Re: 1.99222e-18    Im: 7.99599e-19

 3 -2 1
 3 2 1
 Norm Re: 3.68629e-18    Im: -8.67362e-19

 3 -2 2
 3 2 2
 Norm Re: -2.60209e-18    Im: -1.45825e-17

 3 -2 3
 3 2 3
 Norm Re: 8.40257e-19    Im: 3.08998e-18



 3 -2 0
 0 0 0
 Norm Re: 9.28348e-19    Im: 1.76183e-18

 3 -2 -1
 1 0 -1
 Norm Re: -1.22786e-17    Im: 4.29615e-18

 3 -2 0
 1 0 0
 Norm Re: -2.61564e-18    Im: 4.77049e-18

 3 -2 1
 1 0 1
 Norm Re: 2.64782e-18    Im: 2.34459e-18

 3 -2 -2
 2 -2 -2
 Norm Re: 9.53014e-17    Im: -1.55583e-17

 3 -2 -1
 2 -2 -1
 Norm Re: -6.88833e-15    Im: 5.18801e-19

 3 -2 0
 2 -2 0
 Norm Re: -1.42268e-17    Im: 6.70562e-17

 3 -2 1
 2 -2 1
 Norm Re: 3.30538e-17    Im: 2.45684e-17

 3 -2 2
 2 -2 2
 Norm Re: -1.54299e-17    Im: 3.21343e-18

 3 -2 -2
 2 0 -2
 Norm Re: -2.82231e-18    Im: -2.24464e-18

 3 -2 -1
 2 0 -1
 Norm Re: 1.82959e-17    Im: -1.76183e-18

 3 -2 0
 2 0 0
 Norm Re: -2.71051e-18    Im: -3.79471e-19

 3 -2 1
 2 0 1
 Norm Re: 1.18246e-18    Im: -2.33103e-18

 3 -2 2
 2 0 2
 Norm Re: -1.75505e-18    Im: 2.68679e-18

 3 -2 -2
 2 2 -2
 Norm Re: -1.7498e-18    Im: 6.21894e-19

 3 -2 -1
 2 2 -1
 Norm Re: -5.36059e-17    Im: 2.60461e-17

 3 -2 0
 2 2 0
 Norm Re: 1.97189e-18    Im: -9.97805e-19

 3 -2 1
 2 2 1
 Norm Re: -6.24772e-18    Im: 6.43745e-19

 3 -2 2
 2 2 2
 Norm Re: -2.05998e-18    Im: -4.47233e-19

 3 -2 -3
 3 -2 -3
 Norm Re: -7.91874e-17    Im: -2.13317e-17

 3 -2 -2
 3 -2 -2
 Norm Re: 4.34765e-17    Im: 1.47723e-17

 3 -2 -1
 3 -2 -1
 Norm Re: 1    Im: 0

 3 -2 0
 3 -2 0
 Norm Re: 2.90227e-17    Im: -1.17897e-16

 3 -2 1
 3 -2 1
 Norm Re: -3.37136e-17    Im: 1.94962e-17

 3 -2 2
 3 -2 2
 Norm Re: 1.64428e-18    Im: 1.73086e-17

 3 -2 3
 3 -2 3
 Norm Re: 1.57913e-18    Im: -3.16309e-17

 3 -2 -3
 3 0 -3
 Norm Re: 2.32511e-18    Im: 2.72236e-18

 3 -2 -2
 3 0 -2
 Norm Re: 2.92057e-18    Im: 1.56532e-18

 3 -2 -1
 3 0 -1
 Norm Re: 1.50162e-17    Im: -3.44234e-18

 3 -2 0
 3 0 0
 Norm Re: -6.09864e-19    Im: -1.68051e-18

 3 -2 1
 3 0 1
 Norm Re: 1.63986e-18    Im: -2.57498e-18

 3 -2 2
 3 0 2
 Norm Re: -1.57548e-18    Im: -6.48488e-18

 3 -2 3
 3 0 3
 Norm Re: 2.65375e-18    Im: -1.65595e-19

 3 -2 -3
 3 2 -3
 Norm Re: -2.70707e-18    Im: 6.26372e-18

 3 -2 -2
 3 2 -2
 Norm Re: -7.74479e-19    Im: -1.4156e-19

 3 -2 -1
 3 2 -1
 Norm Re: 1.62137e-17    Im: -6.05967e-18

 3 -2 0
 3 2 0
 Norm Re: -3.61852e-18    Im: -1.53821e-18

 3 -2 1
 3 2 1
 Norm Re: 2.74303e-17    Im: 1.79707e-17

 3 -2 2
 3 2 2
 Norm Re: -3.68629e-18    Im: 8.67362e-19

 3 -2 3
 3 2 3
 Norm Re: 1.76183e-18    Im: -4.8247e-18



 3 -2 0
 0 0 0
 Norm Re: 3.29665e-18    Im: -1.0842e-19

 3 -2 -1
 1 0 -1
 Norm Re: -3.02391e-18    Im: 2.30393e-19

 3 -2 0
 1 0 0
 Norm Re: -2.99511e-18    Im: -2.71051e-18

 3 -2 1
 1 0 1
 Norm Re: -3.06118e-18    Im: 5.2516e-19

 3 -2 -2
 2 -2 -2
 Norm Re: -3.55889e-17    Im: 2.52348e-17

 3 -2 -1
 2 -2 -1
 Norm Re: 7.22011e-17    Im: -3.12725e-18

 3 -2 0
 2 -2 0
 Norm Re: 7.7254e-16    Im: -2.99426e-19

 3 -2 1
 2 -2 1
 Norm Re: -7.72293e-17    Im: -7.41138e-18

 3 -2 2
 2 -2 2
 Norm Re: 3.30664e-17    Im: 2.79162e-17

 3 -2 -2
 2 0 -2
 Norm Re: -2.14469e-18    Im: -1.67628e-18

 3 -2 -1
 2 0 -1
 Norm Re: 4.45878e-18    Im: 1.39083e-18

 3 -2 0
 2 0 0
 Norm Re: -1.87703e-18    Im: 3.29326e-18

 3 -2 1
 2 0 1
 Norm Re: 1.15366e-18    Im: 3.45589e-19

 3 -2 2
 2 0 2
 Norm Re: 1.1202e-19    Im: 1.60005e-18

 3 -2 -2
 2 2 -2
 Norm Re: -1.56106e-18    Im: -2.65995e-19

 3 -2 -1
 2 2 -1
 Norm Re: -5.41196e-18    Im: -1.24651e-18

 3 -2 0
 2 2 0
 Norm Re: -6.39531e-18    Im: 6.86944e-18

 3 -2 1
 2 2 1
 Norm Re: 4.65529e-18    Im: -7.45389e-19

 3 -2 2
 2 2 2
 Norm Re: -4.55365e-18    Im: 1.484e-18

 3 -2 -3
 3 -2 -3
 Norm Re: -2.93802e-17    Im: -5.84317e-17

 3 -2 -2
 3 -2 -2
 Norm Re: 4.04543e-17    Im: 4.17418e-18

 3 -2 -1
 3 -2 -1
 Norm Re: 2.90227e-17    Im: 1.17897e-16

 3 -2 0
 3 -2 0
 Norm Re: 1    Im: 0

 3 -2 1
 3 -2 1
 Norm Re: 7.77661e-18    Im: -1.14585e-16

 3 -2 2
 3 -2 2
 Norm Re: 2.832e-17    Im: -1.92323e-17

 3 -2 3
 3 -2 3
 Norm Re: -1.60591e-17    Im: 7.8846e-19

 3 -2 -3
 3 0 -3
 Norm Re: 5.55018e-19    Im: 7.84723e-19

 3 -2 -2
 3 0 -2
 Norm Re: -2.32934e-18    Im: 1.06726e-19

 3 -2 -1
 3 0 -1
 Norm Re: 5.82759e-19    Im: -1.82281e-18

 3 -2 0
 3 0 0
 Norm Re: 4.06576e-18    Im: -4.47233e-18

 3 -2 1
 3 0 1
 Norm Re: -1.86347e-18    Im: -2.91379e-19

 3 -2 2
 3 0 2
 Norm Re: -2.2277e-18    Im: 7.0812e-19

 3 -2 3
 3 0 3
 Norm Re: 6.8292e-20    Im: 2.01806e-19

 3 -2 -3
 3 2 -3
 Norm Re: -2.45645e-19    Im: 2.6262e-18

 3 -2 -2
 3 2 -2
 Norm Re: 3.01214e-18    Im: -1.71467e-18

 3 -2 -1
 3 2 -1
 Norm Re: 5.34308e-18    Im: 5.96523e-19

 3 -2 0
 3 2 0
 Norm Re: -1.29415e-16    Im: 1.2631e-17

 3 -2 1
 3 2 1
 Norm Re: 3.61852e-18    Im: 1.53821e-18

 3 -2 2
 3 2 2
 Norm Re: 1.99222e-18    Im: 7.99599e-19

 3 -2 3
 3 2 3
 Norm Re: 3.38813e-20    Im: -4.13352e-18



 3 -2 0
 0 0 0
 Norm Re: -5.41254e-19    Im: -3.7693e-19

 3 -2 -1
 1 0 -1
 Norm Re: 2.42336e-18    Im: -2.86308e-18

 3 -2 0
 1 0 0
 Norm Re: 1.44165e-18    Im: -5.20078e-19

 3 -2 1
 1 0 1
 Norm Re: -5.6586e-18    Im: 4.13691e-18

 3 -2 -2
 2 -2 -2
 Norm Re: -2.37677e-18    Im: -1.09521e-17

 3 -2 -1
 2 -2 -1
 Norm Re: -4.53497e-17    Im: 3.35268e-17

 3 -2 0
 2 -2 0
 Norm Re: 3.00089e-17    Im: 1.80112e-17

 3 -2 1
 2 -2 1
 Norm Re: 6.92359e-15    Im: -1.65085e-18

 3 -2 2
 2 -2 2
 Norm Re: -6.23509e-17    Im: -2.55696e-17

 3 -2 -2
 2 0 -2
 Norm Re: 3.96316e-18    Im: -1.15128e-18

 3 -2 -1
 2 0 -1
 Norm Re: -3.73965e-18    Im: -6.11494e-18

 3 -2 0
 2 0 0
 Norm Re: -1.3417e-18    Im: 8.47033e-22

 3 -2 1
 2 0 1
 Norm Re: -1.28419e-17    Im: 8.04173e-18

 3 -2 2
 2 0 2
 Norm Re: 2.32934e-19    Im: -3.10395e-18

 3 -2 -2
 2 2 -2
 Norm Re: -1.06515e-18    Im: 1.3525e-18

 3 -2 -1
 2 2 -1
 Norm Re: -2.04545e-19    Im: -1.48912e-18

 3 -2 0
 2 2 0
 Norm Re: -8.78532e-19    Im: -1.72159e-18

 3 -2 1
 2 2 1
 Norm Re: 5.97867e-17    Im: -2.46406e-17

 3 -2 2
 2 2 2
 Norm Re: 2.10572e-18    Im: 1.68051e-18

 3 -2 -3
 3 -2 -3
 Norm Re: 1.39254e-17    Im: -1.15612e-17

 3 -2 -2
 3 -2 -2
 Norm Re: -7.1947e-18    Im: 9.09713e-19

 3 -2 -1
 3 -2 -1
 Norm Re: -3.37136e-17    Im: -1.94962e-17

 3 -2 0
 3 -2 0
 Norm Re: 7.77661e-18    Im: 1.14585e-16

 3 -2 1
 3 -2 1
 Norm Re: 1    Im: 0

 3 -2 2
 3 -2 2
 Norm Re: 1.90749e-17    Im: -6.36341e-17

 3 -2 3
 3 -2 3
 Norm Re: -8.82579e-17    Im: -1.50402e-17

 3 -2 -3
 3 0 -3
 Norm Re: -2.6438e-19    Im: -2.49695e-18

 3 -2 -2
 3 0 -2
 Norm Re: -5.14573e-19    Im: 4.83264e-18

 3 -2 -1
 3 0 -1
 Norm Re: 2.91888e-18    Im: 6.63015e-18

 3 -2 0
 3 0 0
 Norm Re: 4.67562e-19    Im: 2.24464e-19

 3 -2 1
 3 0 1
 Norm Re: 1.37973e-17    Im: -8.19758e-18

 3 -2 2
 3 0 2
 Norm Re: -1.30083e-18    Im: -4.08058e-19

 3 -2 3
 3 0 3
 Norm Re: -1.91772e-18    Im: -6.72229e-18

 3 -2 -3
 3 2 -3
 Norm Re: -5.87418e-19    Im: -1.23773e-18

 3 -2 -2
 3 2 -2
 Norm Re: -1.62123e-18    Im: 2.25651e-18

 3 -2 -1
 3 2 -1
 Norm Re: 1.38646e-17    Im: 2.19527e-18

 3 -2 0
 3 2 0
 Norm Re: -5.34308e-18    Im: -5.96523e-19

 3 -2 1
 3 2 1
 Norm Re: 1.62137e-17    Im: -6.05967e-18

 3 -2 2
 3 2 2
 Norm Re: -3.07134e-18    Im: -1.38744e-18

 3 -2 3
 3 2 3
 Norm Re: -4.29869e-18    Im: -1.02766e-17



 3 -2 0
 0 0 0
 Norm Re: 1.0338e-18    Im: -1.06387e-18

 3 -2 -1
 1 0 -1
 Norm Re: 3.3173e-18    Im: -1.54695e-18

 3 -2 0
 1 0 0
 Norm Re: 1.96512e-19    Im: 2.03288e-19

 3 -2 1
 1 0 1
 Norm Re: 3.53059e-18    Im: 6.31953e-19

 3 -2 -2
 2 -2 -2
 Norm Re: -6.53808e-17    Im: -2.37167e-17

 3 -2 -1
 2 -2 -1
 Norm Re: 4.80936e-18    Im: 2.70253e-17

 3 -2 0
 2 -2 0
 Norm Re: 6.56564e-17    Im: 5.97891e-17

 3 -2 1
 2 -2 1
 Norm Re: 1.32192e-17    Im: 4.61444e-17

 3 -2 2
 2 -2 2
 Norm Re: 8.51271e-15    Im: 8.95256e-35

 3 -2 -2
 2 0 -2
 Norm Re: 3.36612e-18    Im: 1.62132e-18

 3 -2 -1
 2 0 -1
 Norm Re: -1.0841e-18    Im: 7.33663e-19

 3 -2 0
 2 0 0
 Norm Re: 9.32372e-18    Im: -6.36969e-19

 3 -2 1
 2 0 1
 Norm Re: 2.14818e-18    Im: 6.27254e-19

 3 -2 2
 2 0 2
 Norm Re: -1.55653e-17    Im: 7.66584e-18

 3 -2 -2
 2 2 -2
 Norm Re: 6.25163e-18    Im: -2.17052e-19

 3 -2 -1
 2 2 -1
 Norm Re: -2.60453e-19    Im: -2.99618e-18

 3 -2 0
 2 2 0
 Norm Re: 3.05447e-18    Im: -3.68465e-18

 3 -2 1
 2 2 1
 Norm Re: -3.13089e-18    Im: -2.89352e-18

 3 -2 2
 2 2 2
 Norm Re: -3.88277e-17    Im: 1.45508e-17

 3 -2 -3
 3 -2 -3
 Norm Re: -2.95735e-17    Im: -3.53366e-17

 3 -2 -2
 3 -2 -2
 Norm Re: 5.53803e-17    Im: 7.02063e-18

 3 -2 -1
 3 -2 -1
 Norm Re: 1.64428e-18    Im: -1.73086e-17

 3 -2 0
 3 -2 0
 Norm Re: 2.832e-17    Im: 1.92323e-17

 3 -2 1
 3 -2 1
 Norm Re: 1.90749e-17    Im: 6.36341e-17

 3 -2 2
 3 -2 2
 Norm Re: 1    Im: 0

 3 -2 3
 3 -2 3
 Norm Re: 3.23144e-17    Im: -8.39804e-18

 3 -2 -3
 3 0 -3
 Norm Re: 7.18283e-19    Im: 3.14923e-18

 3 -2 -2
 3 0 -2
 Norm Re: 3.41197e-18    Im: 1.7958e-18

 3 -2 -1
 3 0 -1
 Norm Re: -1.64684e-18    Im: 5.03709e-18

 3 -2 0
 3 0 0
 Norm Re: 3.85273e-18    Im: -1.64049e-18

 3 -2 1
 3 0 1
 Norm Re: -4.58817e-18    Im: -7.79906e-19

 3 -2 2
 3 0 2
 Norm Re: -1.454e-18    Im: 9.35376e-19

 3 -2 3
 3 0 3
 Norm Re: 5.01441e-19    Im: 1.29934e-18

 3 -2 -3
 3 2 -3
 Norm Re: 9.79912e-20    Im: 1.63308e-18

 3 -2 -2
 3 2 -2
 Norm Re: 4.1534e-18    Im: 3.10862e-19

 3 -2 -1
 3 2 -1
 Norm Re: 1.62123e-18    Im: -2.25651e-18

 3 -2 0
 3 2 0
 Norm Re: 3.01214e-18    Im: -1.71467e-18

 3 -2 1
 3 2 1
 Norm Re: 7.74479e-19    Im: 1.4156e-19

 3 -2 2
 3 2 2
 Norm Re: 6.34638e-17    Im: -2.13893e-17

 3 -2 3
 3 2 3
 Norm Re: 3.24017e-18    Im: -4.68928e-18



 3 -2 0
 0 0 0
 Norm Re: 2.25229e-18    Im: -2.99809e-18

 3 -2 -1
 1 0 -1
 Norm Re: -4.91324e-18    Im: -3.79484e-19

 3 -2 0
 1 0 0
 Norm Re: -2.05223e-18    Im: 9.67715e-19

 3 -2 1
 1 0 1
 Norm Re: -5.87969e-18    Im: -6.16854e-19

 3 -2 -2
 2 -2 -2
 Norm Re: 1.50012e-17    Im: 1.28793e-17

 3 -2 -1
 2 -2 -1
 Norm Re: -1.52803e-17    Im: -3.30676e-17

 3 -2 0
 2 -2 0
 Norm Re: 1.51448e-17    Im: 3.18302e-17

 3 -2 1
 2 -2 1
 Norm Re: -3.33978e-17    Im: 3.65262e-17

 3 -2 2
 2 -2 2
 Norm Re: 9.2726e-18    Im: 3.65445e-17

 3 -2 -2
 2 0 -2
 Norm Re: 1.73843e-18    Im: 1.82662e-18

 3 -2 -1
 2 0 -1
 Norm Re: -2.28765e-20    Im: 3.62364e-18

 3 -2 0
 2 0 0
 Norm Re: -8.49521e-19    Im: 5.62456e-19

 3 -2 1
 2 0 1
 Norm Re: 7.05657e-18    Im: 3.15859e-18

 3 -2 2
 2 0 2
 Norm Re: -1.99137e-18    Im: -1.49924e-18

 3 -2 -2
 2 2 -2
 Norm Re: 9.38618e-19    Im: -3.33275e-18

 3 -2 -1
 2 2 -1
 Norm Re: -1.10135e-18    Im: 2.84976e-18

 3 -2 0
 2 2 0
 Norm Re: -1.50518e-18    Im: 5.68576e-19

 3 -2 1
 2 2 1
 Norm Re: 2.53355e-18    Im: -3.98531e-18

 3 -2 2
 2 2 2
 Norm Re: -1.86057e-18    Im: 2.93777e-18

 3 -2 -3
 3 -2 -3
 Norm Re: 1.29856e-17    Im: 1.92084e-17

 3 -2 -2
 3 -2 -2
 Norm Re: -1.94751e-17    Im: -3.11894e-17

 3 -2 -1
 3 -2 -1
 Norm Re: 1.57913e-18    Im: 3.16309e-17

 3 -2 0
 3 -2 0
 Norm Re: -1.60591e-17    Im: -7.8846e-19

 3 -2 1
 3 -2 1
 Norm Re: -8.82579e-17    Im: 1.50402e-17

 3 -2 2
 3 -2 2
 Norm Re: 3.23144e-17    Im: 8.39804e-18

 3 -2 3
 3 -2 3
 Norm Re: 1    Im: 0

 3 -2 -3
 3 0 -3
 Norm Re: -5.41905e-18    Im: -1.72011e-18

 3 -2 -2
 3 0 -2
 Norm Re: -2.7012e-18    Im: -3.23058e-18

 3 -2 -1
 3 0 -1
 Norm Re: -2.36832e-18    Im: -8.02994e-19

 3 -2 0
 3 0 0
 Norm Re: -5.81488e-19    Im: 1.28705e-18

 3 -2 1
 3 0 1
 Norm Re: -3.12564e-18    Im: -6.77163e-19

 3 -2 2
 3 0 2
 Norm Re: 2.39879e-18    Im: -1.21505e-18

 3 -2 3
 3 0 3
 Norm Re: -1.23897e-17    Im: 2.50531e-18

 3 -2 -3
 3 2 -3
 Norm Re: 8.57536e-18    Im: 1.23926e-18

 3 -2 -2
 3 2 -2
 Norm Re: -9.79912e-20    Im: -1.63308e-18

 3 -2 -1
 3 2 -1
 Norm Re: -5.87418e-19    Im: -1.23773e-18

 3 -2 0
 3 2 0
 Norm Re: 2.45645e-19    Im: -2.6262e-18

 3 -2 1
 3 2 1
 Norm Re: -2.70707e-18    Im: 6.26372e-18

 3 -2 2
 3 2 2
 Norm Re: 2.24312e-18    Im: -2.96672e-18

 3 -2 3
 3 2 3
 Norm Re: -3.00534e-17    Im: 9.40225e-18



 3 0 0
 0 0 0
 Norm Re: -4.06881e-17    Im: 1.85924e-17

 3 0 -1
 1 0 -1
 Norm Re: -4.5178e-17    Im: 4.24766e-17

 3 0 0
 1 0 0
 Norm Re: -3.6884e-18    Im: 1.02457e-17

 3 0 1
 1 0 1
 Norm Re: -1.3818e-17    Im: -8.22778e-17

 3 0 -2
 2 -2 -2
 Norm Re: -3.74389e-19    Im: -5.75982e-20

 3 0 -1
 2 -2 -1
 Norm Re: -4.39356e-18    Im: 1.50242e-19

 3 0 0
 2 -2 0
 Norm Re: -8.53862e-19    Im: -3.18723e-19

 3 0 1
 2 -2 1
 Norm Re: -1.18419e-18    Im: -3.5728e-18

 3 0 2
 2 -2 2
 Norm Re: -7.512e-20    Im: 4.57991e-18

 3 0 -2
 2 0 -2
 Norm Re: -1.05567e-16    Im: 1.9597e-17

 3 0 -1
 2 0 -1
 Norm Re: -2.24438e-17    Im: -5.73611e-18

 3 0 0
 2 0 0
 Norm Re: -4.75355e-18    Im: 6.38324e-18

 3 0 1
 2 0 1
 Norm Re: -6.3231e-18    Im: -1.42657e-17

 3 0 2
 2 0 2
 Norm Re: -9.21035e-17    Im: 1.16098e-17

 3 0 -2
 2 2 -2
 Norm Re: -2.52572e-19    Im: -3.02388e-19

 3 0 -1
 2 2 -1
 Norm Re: 9.2967e-19    Im: -4.51649e-18

 3 0 0
 2 2 0
 Norm Re: -2.85995e-18    Im: -2.64433e-19

 3 0 1
 2 2 1
 Norm Re: 2.13537e-18    Im: 1.83658e-18

 3 0 2
 2 2 2
 Norm Re: -1.67713e-19    Im: 2.45978e-18

 3 0 -3
 3 -2 -3
 Norm Re: -1.44377e-17    Im: -6.48404e-18

 3 0 -2
 3 -2 -2
 Norm Re: 5.59211e-18    Im: -9.06325e-19

 3 0 -1
 3 -2 -1
 Norm Re: 2.32511e-18    Im: -2.72236e-18

 3 0 0
 3 -2 0
 Norm Re: 5.55018e-19    Im: -7.84723e-19

 3 0 1
 3 -2 1
 Norm Re: -2.6438e-19    Im: 2.49695e-18

 3 0 2
 3 -2 2
 Norm Re: 7.18283e-19    Im: -3.14923e-18

 3 0 3
 3 -2 3
 Norm Re: -5.41905e-18    Im: 1.72011e-18

 3 0 -3
 3 0 -3
 Norm Re: 1    Im: 0

 3 0 -2
 3 0 -2
 Norm Re: 3.8216e-18    Im: -9.44345e-17

 3 0 -1
 3 0 -1
 Norm Re: 1.31088e-16    Im: 5.50639e-17

 3 0 0
 3 0 0
 Norm Re: 4.82809e-20    Im: -3.49316e-18

 3 0 1
 3 0 1
 Norm Re: -6.78152e-17    Im: 4.28904e-17

 3 0 2
 3 0 2
 Norm Re: -1.78951e-17    Im: 1.55219e-18

 3 0 3
 3 0 3
 Norm Re: 4.19056e-17    Im: -5.20976e-17

 3 0 -3
 3 2 -3
 Norm Re: -1.23897e-17    Im: 2.50531e-18

 3 0 -2
 3 2 -2
 Norm Re: -5.01441e-19    Im: -1.29934e-18

 3 0 -1
 3 2 -1
 Norm Re: -1.91772e-18    Im: -6.72229e-18

 3 0 0
 3 2 0
 Norm Re: -6.8292e-20    Im: -2.01806e-19

 3 0 1
 3 2 1
 Norm Re: 2.65375e-18    Im: -1.65595e-19

 3 0 2
 3 2 2
 Norm Re: -2.56651e-18    Im: -1.26631e-18

 3 0 3
 3 2 3
 Norm Re: 1.06133e-18    Im: -3.35933e-18



 3 0 0
 0 0 0
 Norm Re: 9.74427e-18    Im: 1.66425e-17

 3 0 -1
 1 0 -1
 Norm Re: 4.46928e-17    Im: 7.16251e-18

 3 0 0
 1 0 0
 Norm Re: -2.57498e-19    Im: 8.70885e-17

 3 0 1
 1 0 1
 Norm Re: -4.65868e-19    Im: -1.51483e-17

 3 0 -2
 2 -2 -2
 Norm Re: -1.47045e-17    Im: -6.43745e-18

 3 0 -1
 2 -2 -1
 Norm Re: 1.43996e-18    Im: -1.29257e-18

 3 0 0
 2 -2 0
 Norm Re: 1.3129e-19    Im: 5.99699e-19

 3 0 1
 2 -2 1
 Norm Re: 2.6419e-18    Im: -6.37233e-19

 3 0 2
 2 -2 2
 Norm Re: -1.95578e-18    Im: 1.84906e-18

 3 0 -2
 2 0 -2
 Norm Re: 8.71426e-16    Im: -2.99426e-19

 3 0 -1
 2 0 -1
 Norm Re: 3.44709e-17    Im: -1.11165e-17

 3 0 0
 2 0 0
 Norm Re: -3.26616e-18    Im: 2.81893e-18

 3 0 1
 2 0 1
 Norm Re: 5.44354e-17    Im: 4.79759e-18

 3 0 2
 2 0 2
 Norm Re: 1.06411e-17    Im: -8.22215e-18

 3 0 -2
 2 2 -2
 Norm Re: 1.29654e-17    Im: -5.33032e-18

 3 0 -1
 2 2 -1
 Norm Re: -6.68203e-19    Im: -3.29295e-18

 3 0 0
 2 2 0
 Norm Re: -1.00479e-18    Im: 1.11385e-19

 3 0 1
 2 2 1
 Norm Re: -6.13252e-19    Im: 1.69407e-19

 3 0 2
 2 2 2
 Norm Re: -4.26905e-18    Im: 1.96512e-18

 3 0 -3
 3 -2 -3
 Norm Re: -3.74389e-18    Im: -1.999e-18

 3 0 -2
 3 -2 -2
 Norm Re: -1.82959e-18    Im: -2.30393e-19

 3 0 -1
 3 -2 -1
 Norm Re: 2.92057e-18    Im: -1.56532e-18

 3 0 0
 3 -2 0
 Norm Re: -2.32934e-18    Im: -1.06726e-19

 3 0 1
 3 -2 1
 Norm Re: -5.14573e-19    Im: -4.83264e-18

 3 0 2
 3 -2 2
 Norm Re: 3.41197e-18    Im: -1.7958e-18

 3 0 3
 3 -2 3
 Norm Re: -2.7012e-18    Im: 3.23058e-18

 3 0 -3
 3 0 -3
 Norm Re: 3.8216e-18    Im: 9.44345e-17

 3 0 -2
 3 0 -2
 Norm Re: 1    Im: 0

 3 0 -1
 3 0 -1
 Norm Re: -4.81115e-18    Im: -1.4718e-17

 3 0 0
 3 0 0
 Norm Re: -1.68051e-17    Im: 5.01172e-17

 3 0 1
 3 0 1
 Norm Re: 1.06963e-17    Im: 1.40404e-17

 3 0 2
 3 0 2
 Norm Re: -1.55664e-16    Im: -6.42051e-18

 3 0 3
 3 0 3
 Norm Re: 1.78951e-17    Im: -1.55219e-18

 3 0 -3
 3 2 -3
 Norm Re: -2.39879e-18    Im: 1.21505e-18

 3 0 -2
 3 2 -2
 Norm Re: -1.454e-18    Im: 9.35376e-19

 3 0 -1
 3 2 -1
 Norm Re: 1.30083e-18    Im: 4.08058e-19

 3 0 0
 3 2 0
 Norm Re: -2.2277e-18    Im: 7.0812e-19

 3 0 1
 3 2 1
 Norm Re: 1.57548e-18    Im: 6.48488e-18

 3 0 2
 3 2 2
 Norm Re: 9.35124e-19    Im: 1.89735e-19

 3 0 3
 3 2 3
 Norm Re: -1.15196e-18    Im: -9.58841e-19



 3 0 0
 0 0 0
 Norm Re: 2.99782e-17    Im: 3.13605e-17

 3 0 -1
 1 0 -1
 Norm Re: 1.35005e-15    Im: -1.47045e-18

 3 0 0
 1 0 0
 Norm Re: 1.02999e-17    Im: -4.35307e-17

 3 0 1
 1 0 1
 Norm Re: -1.71941e-16    Im: -8.46491e-17

 3 0 -2
 2 -2 -2
 Norm Re: 6.09864e-19    Im: 1.84314e-18

 3 0 -1
 2 -2 -1
 Norm Re: -2.43945e-19    Im: 2.71051e-20

 3 0 0
 2 -2 0
 Norm Re: -3.38813e-19    Im: -2.69356e-19

 3 0 1
 2 -2 1
 Norm Re: 2.00196e-18    Im: -2.85556e-19

 3 0 2
 2 -2 2
 Norm Re: -1.40958e-18    Im: -2.1854e-18

 3 0 -2
 2 0 -2
 Norm Re: -8.13152e-18    Im: 2.90871e-17

 3 0 -1
 2 0 -1
 Norm Re: 1.36609e-17    Im: -2.75116e-18

 3 0 0
 2 0 0
 Norm Re: -2.2443e-17    Im: -4.23381e-17

 3 0 1
 2 0 1
 Norm Re: -4.90601e-18    Im: 3.17129e-18

 3 0 2
 2 0 2
 Norm Re: 2.73151e-17    Im: 1.49078e-18

 3 0 -2
 2 2 -2
 Norm Re: 2.1688e-19    Im: 1.40271e-18

 3 0 -1
 2 2 -1
 Norm Re: -4.92126e-19    Im: -5.08432e-19

 3 0 0
 2 2 0
 Norm Re: 6.72544e-19    Im: 1.41624e-18

 3 0 1
 2 2 1
 Norm Re: 7.92823e-19    Im: 3.27971e-18

 3 0 2
 2 2 2
 Norm Re: 1.6263e-18    Im: -2.49366e-18

 3 0 -3
 3 -2 -3
 Norm Re: -2.49366e-18    Im: 0

 3 0 -2
 3 -2 -2
 Norm Re: -5.28549e-19    Im: 2.1684e-19

 3 0 -1
 3 -2 -1
 Norm Re: 1.50162e-17    Im: 3.44234e-18

 3 0 0
 3 -2 0
 Norm Re: 5.82759e-19    Im: 1.82281e-18

 3 0 1
 3 -2 1
 Norm Re: 2.91888e-18    Im: -6.63015e-18

 3 0 2
 3 -2 2
 Norm Re: -1.64684e-18    Im: -5.03709e-18

 3 0 3
 3 -2 3
 Norm Re: -2.36832e-18    Im: 8.02994e-19

 3 0 -3
 3 0 -3
 Norm Re: 1.31088e-16    Im: -5.50639e-17

 3 0 -2
 3 0 -2
 Norm Re: -4.81115e-18    Im: 1.4718e-17

 3 0 -1
 3 0 -1
 Norm Re: 1    Im: 0

 3 0 0
 3 0 0
 Norm Re: -2.7864e-17    Im: -6.23416e-18

 3 0 1
 3 0 1
 Norm Re: 1.5542e-16    Im: -8.42967e-17

 3 0 2
 3 0 2
 Norm Re: -1.06963e-17    Im: -1.40404e-17

 3 0 3
 3 0 3
 Norm Re: -6.78152e-17    Im: 4.28904e-17

 3 0 -3
 3 2 -3
 Norm Re: -3.12564e-18    Im: -6.77163e-19

 3 0 -2
 3 2 -2
 Norm Re: 4.58817e-18    Im: 7.79906e-19

 3 0 -1
 3 2 -1
 Norm Re: 1.37973e-17    Im: -8.19758e-18

 3 0 0
 3 2 0
 Norm Re: 1.86347e-18    Im: 2.91379e-19

 3 0 1
 3 2 1
 Norm Re: 1.63986e-18    Im: -2.57498e-18

 3 0 2
 3 2 2
 Norm Re: 2.54788e-18    Im: 3.41524e-18

 3 0 3
 3 2 3
 Norm Re: -9.21572e-19    Im: 2.71051e-20



 3 0 0
 0 0 0
 Norm Re: -5.06865e-16    Im: 0

 3 0 -1
 1 0 -1
 Norm Re: -2.38524e-18    Im: 1.10453e-17

 3 0 0
 1 0 0
 Norm Re: 4.69221e-15    Im: 0

 3 0 1
 1 0 1
 Norm Re: 2.38524e-18    Im: 1.10453e-17

 3 0 -2
 2 -2 -2
 Norm Re: -1.51788e-18    Im: 6.61363e-18

 3 0 -1
 2 -2 -1
 Norm Re: -7.45389e-20    Im: 5.14996e-19

 3 0 0
 2 -2 0
 Norm Re: 2.60886e-19    Im: -6.50521e-19

 3 0 1
 2 -2 1
 Norm Re: 2.20229e-20    Im: 8.5868e-19

 3 0 2
 2 -2 2
 Norm Re: -1.0806e-18    Im: 5.56289e-19

 3 0 -2
 2 0 -2
 Norm Re: 7.6233e-18    Im: 8.36869e-18

 3 0 -1
 2 0 -1
 Norm Re: -9.97466e-18    Im: 1.04029e-16

 3 0 0
 2 0 0
 Norm Re: -6.91721e-17    Im: 0

 3 0 1
 2 0 1
 Norm Re: 9.97466e-18    Im: 1.04029e-16

 3 0 2
 2 0 2
 Norm Re: 7.6233e-18    Im: -8.36869e-18

 3 0 -2
 2 2 -2
 Norm Re: -1.0806e-18    Im: -5.56289e-19

 3 0 -1
 2 2 -1
 Norm Re: -2.20229e-20    Im: 8.5868e-19

 3 0 0
 2 2 0
 Norm Re: 2.60886e-19    Im: 6.50521e-19

 3 0 1
 2 2 1
 Norm Re: 7.45389e-20    Im: 5.14996e-19

 3 0 2
 2 2 2
 Norm Re: -1.51788e-18    Im: -6.61363e-18

 3 0 -3
 3 -2 -3
 Norm Re: -2.1413e-18    Im: -1.51788e-18

 3 0 -2
 3 -2 -2
 Norm Re: 2.41235e-18    Im: 1.51788e-18

 3 0 -1
 3 -2 -1
 Norm Re: -6.09864e-19    Im: 1.68051e-18

 3 0 0
 3 -2 0
 Norm Re: 4.06576e-18    Im: 4.47233e-18

 3 0 1
 3 -2 1
 Norm Re: 4.67562e-19    Im: -2.24464e-19

 3 0 2
 3 -2 2
 Norm Re: 3.85273e-18    Im: 1.64049e-18

 3 0 3
 3 -2 3
 Norm Re: -5.81488e-19    Im: -1.28705e-18

 3 0 -3
 3 0 -3
 Norm Re: 4.82809e-20    Im: 3.49316e-18

 3 0 -2
 3 0 -2
 Norm Re: -1.68051e-17    Im: -5.01172e-17

 3 0 -1
 3 0 -1
 Norm Re: -2.7864e-17    Im: 6.23416e-18

 3 0 0
 3 0 0
 Norm Re: 1    Im: 0

 3 0 1
 3 0 1
 Norm Re: 2.7864e-17    Im: 6.23416e-18

 3 0 2
 3 0 2
 Norm Re: -1.68051e-17    Im: 5.01172e-17

 3 0 3
 3 0 3
 Norm Re: -4.82809e-20    Im: 3.49316e-18

 3 0 -3
 3 2 -3
 Norm Re: 5.81488e-19    Im: -1.28705e-18

 3 0 -2
 3 2 -2
 Norm Re: 3.85273e-18    Im: -1.64049e-18

 3 0 -1
 3 2 -1
 Norm Re: -4.67562e-19    Im: -2.24464e-19

 3 0 0
 3 2 0
 Norm Re: 4.06576e-18    Im: -4.47233e-18

 3 0 1
 3 2 1
 Norm Re: 6.09864e-19    Im: 1.68051e-18

 3 0 2
 3 2 2
 Norm Re: 2.41235e-18    Im: -1.51788e-18

 3 0 3
 3 2 3
 Norm Re: 2.1413e-18    Im: -1.51788e-18



 3 0 0
 0 0 0
 Norm Re: -2.99782e-17    Im: 3.13605e-17

 3 0 -1
 1 0 -1
 Norm Re: -1.71941e-16    Im: 8.46491e-17

 3 0 0
 1 0 0
 Norm Re: -1.02999e-17    Im: -4.35307e-17

 3 0 1
 1 0 1
 Norm Re: 1.35005e-15    Im: 1.47045e-18

 3 0 -2
 2 -2 -2
 Norm Re: -1.6263e-18    Im: -2.49366e-18

 3 0 -1
 2 -2 -1
 Norm Re: 7.92823e-19    Im: -3.27971e-18

 3 0 0
 2 -2 0
 Norm Re: -6.72544e-19    Im: 1.41624e-18

 3 0 1
 2 -2 1
 Norm Re: -4.92126e-19    Im: 5.08432e-19

 3 0 2
 2 -2 2
 Norm Re: -2.1688e-19    Im: 1.40271e-18

 3 0 -2
 2 0 -2
 Norm Re: -2.73151e-17    Im: 1.49078e-18

 3 0 -1
 2 0 -1
 Norm Re: -4.90601e-18    Im: -3.17129e-18

 3 0 0
 2 0 0
 Norm Re: 2.2443e-17    Im: -4.23381e-17

 3 0 1
 2 0 1
 Norm Re: 1.36609e-17    Im: 2.75116e-18

 3 0 2
 2 0 2
 Norm Re: 8.13152e-18    Im: 2.90871e-17

 3 0 -2
 2 2 -2
 Norm Re: 1.40958e-18    Im: -2.1854e-18

 3 0 -1
 2 2 -1
 Norm Re: 2.00196e-18    Im: 2.85556e-19

 3 0 0
 2 2 0
 Norm Re: 3.38813e-19    Im: -2.69356e-19

 3 0 1
 2 2 1
 Norm Re: -2.43945e-19    Im: -2.71051e-20

 3 0 2
 2 2 2
 Norm Re: -6.09864e-19    Im: 1.84314e-18

 3 0 -3
 3 -2 -3
 Norm Re: -9.21572e-19    Im: -2.71051e-20

 3 0 -2
 3 -2 -2
 Norm Re: -2.54788e-18    Im: 3.41524e-18

 3 0 -1
 3 -2 -1
 Norm Re: 1.63986e-18    Im: 2.57498e-18

 3 0 0
 3 -2 0
 Norm Re: -1.86347e-18    Im: 2.91379e-19

 3 0 1
 3 -2 1
 Norm Re: 1.37973e-17    Im: 8.19758e-18

 3 0 2
 3 -2 2
 Norm Re: -4.58817e-18    Im: 7.79906e-19

 3 0 3
 3 -2 3
 Norm Re: -3.12564e-18    Im: 6.77163e-19

 3 0 -3
 3 0 -3
 Norm Re: -6.78152e-17    Im: -4.28904e-17

 3 0 -2
 3 0 -2
 Norm Re: 1.06963e-17    Im: -1.40404e-17

 3 0 -1
 3 0 -1
 Norm Re: 1.5542e-16    Im: 8.42967e-17

 3 0 0
 3 0 0
 Norm Re: 2.7864e-17    Im: -6.23416e-18

 3 0 1
 3 0 1
 Norm Re: 1    Im: 0

 3 0 2
 3 0 2
 Norm Re: 4.81115e-18    Im: 1.4718e-17

 3 0 3
 3 0 3
 Norm Re: 1.31088e-16    Im: 5.50639e-17

 3 0 -3
 3 2 -3
 Norm Re: -2.36832e-18    Im: -8.02994e-19

 3 0 -2
 3 2 -2
 Norm Re: 1.64684e-18    Im: -5.03709e-18

 3 0 -1
 3 2 -1
 Norm Re: 2.91888e-18    Im: 6.63015e-18

 3 0 0
 3 2 0
 Norm Re: -5.82759e-19    Im: 1.82281e-18

 3 0 1
 3 2 1
 Norm Re: 1.50162e-17    Im: -3.44234e-18

 3 0 2
 3 2 2
 Norm Re: 5.28549e-19    Im: 2.1684e-19

 3 0 3
 3 2 3
 Norm Re: -2.49366e-18    Im: 0



 3 0 0
 0 0 0
 Norm Re: 9.74427e-18    Im: -1.66425e-17

 3 0 -1
 1 0 -1
 Norm Re: 4.65868e-19    Im: -1.51483e-17

 3 0 0
 1 0 0
 Norm Re: -2.57498e-19    Im: -8.70885e-17

 3 0 1
 1 0 1
 Norm Re: -4.46928e-17    Im: 7.16251e-18

 3 0 -2
 2 -2 -2
 Norm Re: -4.26905e-18    Im: -1.96512e-18

 3 0 -1
 2 -2 -1
 Norm Re: 6.13252e-19    Im: 1.69407e-19

 3 0 0
 2 -2 0
 Norm Re: -1.00479e-18    Im: -1.11385e-19

 3 0 1
 2 -2 1
 Norm Re: 6.68203e-19    Im: -3.29295e-18

 3 0 2
 2 -2 2
 Norm Re: 1.29654e-17    Im: 5.33032e-18

 3 0 -2
 2 0 -2
 Norm Re: 1.06411e-17    Im: 8.22215e-18

 3 0 -1
 2 0 -1
 Norm Re: -5.44354e-17    Im: 4.79759e-18

 3 0 0
 2 0 0
 Norm Re: -3.26616e-18    Im: -2.81893e-18

 3 0 1
 2 0 1
 Norm Re: -3.44709e-17    Im: -1.11165e-17

 3 0 2
 2 0 2
 Norm Re: 8.71426e-16    Im: 2.99426e-19

 3 0 -2
 2 2 -2
 Norm Re: -1.95578e-18    Im: -1.84906e-18

 3 0 -1
 2 2 -1
 Norm Re: -2.6419e-18    Im: -6.37233e-19

 3 0 0
 2 2 0
 Norm Re: 1.3129e-19    Im: -5.99699e-19

 3 0 1
 2 2 1
 Norm Re: -1.43996e-18    Im: -1.29257e-18

 3 0 2
 2 2 2
 Norm Re: -1.47045e-17    Im: 6.43745e-18

 3 0 -3
 3 -2 -3
 Norm Re: 1.15196e-18    Im: -9.58841e-19

 3 0 -2
 3 -2 -2
 Norm Re: 9.35124e-19    Im: -1.89735e-19

 3 0 -1
 3 -2 -1
 Norm Re: -1.57548e-18    Im: 6.48488e-18

 3 0 0
 3 -2 0
 Norm Re: -2.2277e-18    Im: -7.0812e-19

 3 0 1
 3 -2 1
 Norm Re: -1.30083e-18    Im: 4.08058e-19

 3 0 2
 3 -2 2
 Norm Re: -1.454e-18    Im: -9.35376e-19

 3 0 3
 3 -2 3
 Norm Re: 2.39879e-18    Im: 1.21505e-18

 3 0 -3
 3 0 -3
 Norm Re: -1.78951e-17    Im: -1.55219e-18

 3 0 -2
 3 0 -2
 Norm Re: -1.55664e-16    Im: 6.42051e-18

 3 0 -1
 3 0 -1
 Norm Re: -1.06963e-17    Im: 1.40404e-17

 3 0 0
 3 0 0
 Norm Re: -1.68051e-17    Im: -5.01172e-17

 3 0 1
 3 0 1
 Norm Re: 4.81115e-18    Im: -1.4718e-17

 3 0 2
 3 0 2
 Norm Re: 1    Im: 0

 3 0 3
 3 0 3
 Norm Re: -3.8216e-18    Im: 9.44345e-17

 3 0 -3
 3 2 -3
 Norm Re: 2.7012e-18    Im: 3.23058e-18

 3 0 -2
 3 2 -2
 Norm Re: 3.41197e-18    Im: 1.7958e-18

 3 0 -1
 3 2 -1
 Norm Re: 5.14573e-19    Im: -4.83264e-18

 3 0 0
 3 2 0
 Norm Re: -2.32934e-18    Im: 1.06726e-19

 3 0 1
 3 2 1
 Norm Re: -2.92057e-18    Im: -1.56532e-18

 3 0 2
 3 2 2
 Norm Re: -1.82959e-18    Im: 2.30393e-19

 3 0 3
 3 2 3
 Norm Re: 3.74389e-18    Im: -1.999e-18



 3 0 0
 0 0 0
 Norm Re: 4.06881e-17    Im: 1.85924e-17

 3 0 -1
 1 0 -1
 Norm Re: -1.3818e-17    Im: 8.22778e-17

 3 0 0
 1 0 0
 Norm Re: 3.6884e-18    Im: 1.02457e-17

 3 0 1
 1 0 1
 Norm Re: -4.5178e-17    Im: -4.24766e-17

 3 0 -2
 2 -2 -2
 Norm Re: 1.67713e-19    Im: 2.45978e-18

 3 0 -1
 2 -2 -1
 Norm Re: 2.13537e-18    Im: -1.83658e-18

 3 0 0
 2 -2 0
 Norm Re: 2.85995e-18    Im: -2.64433e-19

 3 0 1
 2 -2 1
 Norm Re: 9.2967e-19    Im: 4.51649e-18

 3 0 2
 2 -2 2
 Norm Re: 2.52572e-19    Im: -3.02388e-19

 3 0 -2
 2 0 -2
 Norm Re: 9.21035e-17    Im: 1.16098e-17

 3 0 -1
 2 0 -1
 Norm Re: -6.3231e-18    Im: 1.42657e-17

 3 0 0
 2 0 0
 Norm Re: 4.75355e-18    Im: 6.38324e-18

 3 0 1
 2 0 1
 Norm Re: -2.24438e-17    Im: 5.73611e-18

 3 0 2
 2 0 2
 Norm Re: 1.05567e-16    Im: 1.9597e-17

 3 0 -2
 2 2 -2
 Norm Re: 7.512e-20    Im: 4.57991e-18

 3 0 -1
 2 2 -1
 Norm Re: -1.18419e-18    Im: 3.5728e-18

 3 0 0
 2 2 0
 Norm Re: 8.53862e-19    Im: -3.18723e-19

 3 0 1
 2 2 1
 Norm Re: -4.39356e-18    Im: -1.50242e-19

 3 0 2
 2 2 2
 Norm Re: 3.74389e-19    Im: -5.75982e-20

 3 0 -3
 3 -2 -3
 Norm Re: 1.06133e-18    Im: 3.35933e-18

 3 0 -2
 3 -2 -2
 Norm Re: 2.56651e-18    Im: -1.26631e-18

 3 0 -1
 3 -2 -1
 Norm Re: 2.65375e-18    Im: 1.65595e-19

 3 0 0
 3 -2 0
 Norm Re: 6.8292e-20    Im: -2.01806e-19

 3 0 1
 3 -2 1
 Norm Re: -1.91772e-18    Im: 6.72229e-18

 3 0 2
 3 -2 2
 Norm Re: 5.01441e-19    Im: -1.29934e-18

 3 0 3
 3 -2 3
 Norm Re: -1.23897e-17    Im: -2.50531e-18

 3 0 -3
 3 0 -3
 Norm Re: 4.19056e-17    Im: 5.20976e-17

 3 0 -2
 3 0 -2
 Norm Re: 1.78951e-17    Im: 1.55219e-18

 3 0 -1
 3 0 -1
 Norm Re: -6.78152e-17    Im: -4.28904e-17

 3 0 0
 3 0 0
 Norm Re: -4.82809e-20    Im: -3.49316e-18

 3 0 1
 3 0 1
 Norm Re: 1.31088e-16    Im: -5.50639e-17

 3 0 2
 3 0 2
 Norm Re: -3.8216e-18    Im: -9.44345e-17

 3 0 3
 3 0 3
 Norm Re: 1    Im: 0

 3 0 -3
 3 2 -3
 Norm Re: -5.41905e-18    Im: -1.72011e-18

 3 0 -2
 3 2 -2
 Norm Re: -7.18283e-19    Im: -3.14923e-18

 3 0 -1
 3 2 -1
 Norm Re: -2.6438e-19    Im: -2.49695e-18

 3 0 0
 3 2 0
 Norm Re: -5.55018e-19    Im: -7.84723e-19

 3 0 1
 3 2 1
 Norm Re: 2.32511e-18    Im: 2.72236e-18

 3 0 2
 3 2 2
 Norm Re: -5.59211e-18    Im: -9.06325e-19

 3 0 3
 3 2 3
 Norm Re: -1.44377e-17    Im: 6.48404e-18



 3 2 0
 0 0 0
 Norm Re: -2.25229e-18    Im: -2.99809e-18

 3 2 -1
 1 0 -1
 Norm Re: -5.87969e-18    Im: 6.16854e-19

 3 2 0
 1 0 0
 Norm Re: 2.05223e-18    Im: 9.67715e-19

 3 2 1
 1 0 1
 Norm Re: -4.91324e-18    Im: 3.79484e-19

 3 2 -2
 2 -2 -2
 Norm Re: 1.86057e-18    Im: 2.93777e-18

 3 2 -1
 2 -2 -1
 Norm Re: 2.53355e-18    Im: 3.98531e-18

 3 2 0
 2 -2 0
 Norm Re: 1.50518e-18    Im: 5.68576e-19

 3 2 1
 2 -2 1
 Norm Re: -1.10135e-18    Im: -2.84976e-18

 3 2 2
 2 -2 2
 Norm Re: -9.38618e-19    Im: -3.33275e-18

 3 2 -2
 2 0 -2
 Norm Re: 1.99137e-18    Im: -1.49924e-18

 3 2 -1
 2 0 -1
 Norm Re: 7.05657e-18    Im: -3.15859e-18

 3 2 0
 2 0 0
 Norm Re: 8.49521e-19    Im: 5.62456e-19

 3 2 1
 2 0 1
 Norm Re: -2.28765e-20    Im: -3.62364e-18

 3 2 2
 2 0 2
 Norm Re: -1.73843e-18    Im: 1.82662e-18

 3 2 -2
 2 2 -2
 Norm Re: -9.2726e-18    Im: 3.65445e-17

 3 2 -1
 2 2 -1
 Norm Re: -3.33978e-17    Im: -3.65262e-17

 3 2 0
 2 2 0
 Norm Re: -1.51448e-17    Im: 3.18302e-17

 3 2 1
 2 2 1
 Norm Re: -1.52803e-17    Im: 3.30676e-17

 3 2 2
 2 2 2
 Norm Re: -1.50012e-17    Im: 1.28793e-17

 3 2 -3
 3 -2 -3
 Norm Re: -3.00534e-17    Im: -9.40225e-18

 3 2 -2
 3 -2 -2
 Norm Re: -2.24312e-18    Im: -2.96672e-18

 3 2 -1
 3 -2 -1
 Norm Re: -2.70707e-18    Im: -6.26372e-18

 3 2 0
 3 -2 0
 Norm Re: -2.45645e-19    Im: -2.6262e-18

 3 2 1
 3 -2 1
 Norm Re: -5.87418e-19    Im: 1.23773e-18

 3 2 2
 3 -2 2
 Norm Re: 9.79912e-20    Im: -1.63308e-18

 3 2 3
 3 -2 3
 Norm Re: 8.57536e-18    Im: -1.23926e-18

 3 2 -3
 3 0 -3
 Norm Re: -1.23897e-17    Im: -2.50531e-18

 3 2 -2
 3 0 -2
 Norm Re: -2.39879e-18    Im: -1.21505e-18

 3 2 -1
 3 0 -1
 Norm Re: -3.12564e-18    Im: 6.77163e-19

 3 2 0
 3 0 0
 Norm Re: 5.81488e-19    Im: 1.28705e-18

 3 2 1
 3 0 1
 Norm Re: -2.36832e-18    Im: 8.02994e-19

 3 2 2
 3 0 2
 Norm Re: 2.7012e-18    Im: -3.23058e-18

 3 2 3
 3 0 3
 Norm Re: -5.41905e-18    Im: 1.72011e-18

 3 2 -3
 3 2 -3
 Norm Re: 1    Im: 0

 3 2 -2
 3 2 -2
 Norm Re: -3.23144e-17    Im: 8.39804e-18

 3 2 -1
 3 2 -1
 Norm Re: -8.82579e-17    Im: -1.50402e-17

 3 2 0
 3 2 0
 Norm Re: 1.60591e-17    Im: -7.8846e-19

 3 2 1
 3 2 1
 Norm Re: 1.57913e-18    Im: -3.16309e-17

 3 2 2
 3 2 2
 Norm Re: 1.94751e-17    Im: -3.11894e-17

 3 2 3
 3 2 3
 Norm Re: 1.29856e-17    Im: -1.92084e-17



 3 2 0
 0 0 0
 Norm Re: 1.0338e-18    Im: 1.06387e-18

 3 2 -1
 1 0 -1
 Norm Re: -3.53059e-18    Im: 6.31953e-19

 3 2 0
 1 0 0
 Norm Re: 1.96512e-19    Im: -2.03288e-19

 3 2 1
 1 0 1
 Norm Re: -3.3173e-18    Im: -1.54695e-18

 3 2 -2
 2 -2 -2
 Norm Re: -3.88277e-17    Im: -1.45508e-17

 3 2 -1
 2 -2 -1
 Norm Re: 3.13089e-18    Im: -2.89352e-18

 3 2 0
 2 -2 0
 Norm Re: 3.05447e-18    Im: 3.68465e-18

 3 2 1
 2 -2 1
 Norm Re: 2.60453e-19    Im: -2.99618e-18

 3 2 2
 2 -2 2
 Norm Re: 6.25163e-18    Im: 2.17052e-19

 3 2 -2
 2 0 -2
 Norm Re: -1.55653e-17    Im: -7.66584e-18

 3 2 -1
 2 0 -1
 Norm Re: -2.14818e-18    Im: 6.27254e-19

 3 2 0
 2 0 0
 Norm Re: 9.32372e-18    Im: 6.36969e-19

 3 2 1
 2 0 1
 Norm Re: 1.0841e-18    Im: 7.33663e-19

 3 2 2
 2 0 2
 Norm Re: 3.36612e-18    Im: -1.62132e-18

 3 2 -2
 2 2 -2
 Norm Re: 8.51271e-15    Im: -8.95256e-35

 3 2 -1
 2 2 -1
 Norm Re: -1.32192e-17    Im: 4.61444e-17

 3 2 0
 2 2 0
 Norm Re: 6.56564e-17    Im: -5.97891e-17

 3 2 1
 2 2 1
 Norm Re: -4.80936e-18    Im: 2.70253e-17

 3 2 2
 2 2 2
 Norm Re: -6.53808e-17    Im: 2.37167e-17

 3 2 -3
 3 -2 -3
 Norm Re: -3.24017e-18    Im: -4.68928e-18

 3 2 -2
 3 -2 -2
 Norm Re: 6.34638e-17    Im: 2.13893e-17

 3 2 -1
 3 -2 -1
 Norm Re: -7.74479e-19    Im: 1.4156e-19

 3 2 0
 3 -2 0
 Norm Re: 3.01214e-18    Im: 1.71467e-18

 3 2 1
 3 -2 1
 Norm Re: -1.62123e-18    Im: -2.25651e-18

 3 2 2
 3 -2 2
 Norm Re: 4.1534e-18    Im: -3.10862e-19

 3 2 3
 3 -2 3
 Norm Re: -9.79912e-20    Im: 1.63308e-18

 3 2 -3
 3 0 -3
 Norm Re: -5.01441e-19    Im: 1.29934e-18

 3 2 -2
 3 0 -2
 Norm Re: -1.454e-18    Im: -9.35376e-19

 3 2 -1
 3 0 -1
 Norm Re: 4.58817e-18    Im: -7.79906e-19

 3 2 0
 3 0 0
 Norm Re: 3.85273e-18    Im: 1.64049e-18

 3 2 1
 3 0 1
 Norm Re: 1.64684e-18    Im: 5.03709e-18

 3 2 2
 3 0 2
 Norm Re: 3.41197e-18    Im: -1.7958e-18

 3 2 3
 3 0 3
 Norm Re: -7.18283e-19    Im: 3.14923e-18

 3 2 -3
 3 2 -3
 Norm Re: -3.23144e-17    Im: -8.39804e-18

 3 2 -2
 3 2 -2
 Norm Re: 1    Im: 0

 3 2 -1
 3 2 -1
 Norm Re: -1.90749e-17    Im: 6.36341e-17

 3 2 0
 3 2 0
 Norm Re: 2.832e-17    Im: -1.92323e-17

 3 2 1
 3 2 1
 Norm Re: -1.64428e-18    Im: -1.73086e-17

 3 2 2
 3 2 2
 Norm Re: 5.53803e-17    Im: -7.02063e-18

 3 2 3
 3 2 3
 Norm Re: 2.95735e-17    Im: -3.53366e-17



 3 2 0
 0 0 0
 Norm Re: 5.41254e-19    Im: -3.7693e-19

 3 2 -1
 1 0 -1
 Norm Re: -5.6586e-18    Im: -4.13691e-18

 3 2 0
 1 0 0
 Norm Re: -1.44165e-18    Im: -5.20078e-19

 3 2 1
 1 0 1
 Norm Re: 2.42336e-18    Im: 2.86308e-18

 3 2 -2
 2 -2 -2
 Norm Re: -2.10572e-18    Im: 1.68051e-18

 3 2 -1
 2 -2 -1
 Norm Re: 5.97867e-17    Im: 2.46406e-17

 3 2 0
 2 -2 0
 Norm Re: 8.78532e-19    Im: -1.72159e-18

 3 2 1
 2 -2 1
 Norm Re: -2.04545e-19    Im: 1.48912e-18

 3 2 2
 2 -2 2
 Norm Re: 1.06515e-18    Im: 1.3525e-18

 3 2 -2
 2 0 -2
 Norm Re: -2.32934e-19    Im: -3.10395e-18

 3 2 -1
 2 0 -1
 Norm Re: -1.28419e-17    Im: -8.04173e-18

 3 2 0
 2 0 0
 Norm Re: 1.3417e-18    Im: 8.47033e-22

 3 2 1
 2 0 1
 Norm Re: -3.73965e-18    Im: 6.11494e-18

 3 2 2
 2 0 2
 Norm Re: -3.96316e-18    Im: -1.15128e-18

 3 2 -2
 2 2 -2
 Norm Re: 6.23509e-17    Im: -2.55696e-17

 3 2 -1
 2 2 -1
 Norm Re: 6.92359e-15    Im: 1.65085e-18

 3 2 0
 2 2 0
 Norm Re: -3.00089e-17    Im: 1.80112e-17

 3 2 1
 2 2 1
 Norm Re: -4.53497e-17    Im: -3.35268e-17

 3 2 2
 2 2 2
 Norm Re: 2.37677e-18    Im: -1.09521e-17

 3 2 -3
 3 -2 -3
 Norm Re: -4.29869e-18    Im: 1.02766e-17

 3 2 -2
 3 -2 -2
 Norm Re: 3.07134e-18    Im: -1.38744e-18

 3 2 -1
 3 -2 -1
 Norm Re: 1.62137e-17    Im: 6.05967e-18

 3 2 0
 3 -2 0
 Norm Re: 5.34308e-18    Im: -5.96523e-19

 3 2 1
 3 -2 1
 Norm Re: 1.38646e-17    Im: -2.19527e-18

 3 2 2
 3 -2 2
 Norm Re: 1.62123e-18    Im: 2.25651e-18

 3 2 3
 3 -2 3
 Norm Re: -5.87418e-19    Im: 1.23773e-18

 3 2 -3
 3 0 -3
 Norm Re: -1.91772e-18    Im: 6.72229e-18

 3 2 -2
 3 0 -2
 Norm Re: 1.30083e-18    Im: -4.08058e-19

 3 2 -1
 3 0 -1
 Norm Re: 1.37973e-17    Im: 8.19758e-18

 3 2 0
 3 0 0
 Norm Re: -4.67562e-19    Im: 2.24464e-19

 3 2 1
 3 0 1
 Norm Re: 2.91888e-18    Im: -6.63015e-18

 3 2 2
 3 0 2
 Norm Re: 5.14573e-19    Im: 4.83264e-18

 3 2 3
 3 0 3
 Norm Re: -2.6438e-19    Im: 2.49695e-18

 3 2 -3
 3 2 -3
 Norm Re: -8.82579e-17    Im: 1.50402e-17

 3 2 -2
 3 2 -2
 Norm Re: -1.90749e-17    Im: -6.36341e-17

 3 2 -1
 3 2 -1
 Norm Re: 1    Im: 0

 3 2 0
 3 2 0
 Norm Re: -7.77661e-18    Im: 1.14585e-16

 3 2 1
 3 2 1
 Norm Re: -3.37136e-17    Im: 1.94962e-17

 3 2 2
 3 2 2
 Norm Re: 7.1947e-18    Im: 9.09713e-19

 3 2 3
 3 2 3
 Norm Re: 1.39254e-17    Im: 1.15612e-17



 3 2 0
 0 0 0
 Norm Re: 3.29665e-18    Im: 1.0842e-19

 3 2 -1
 1 0 -1
 Norm Re: 3.06118e-18    Im: 5.2516e-19

 3 2 0
 1 0 0
 Norm Re: -2.99511e-18    Im: 2.71051e-18

 3 2 1
 1 0 1
 Norm Re: 3.02391e-18    Im: 2.30393e-19

 3 2 -2
 2 -2 -2
 Norm Re: -4.55365e-18    Im: -1.484e-18

 3 2 -1
 2 -2 -1
 Norm Re: -4.65529e-18    Im: -7.45389e-19

 3 2 0
 2 -2 0
 Norm Re: -6.39531e-18    Im: -6.86944e-18

 3 2 1
 2 -2 1
 Norm Re: 5.41196e-18    Im: -1.24651e-18

 3 2 2
 2 -2 2
 Norm Re: -1.56106e-18    Im: 2.65995e-19

 3 2 -2
 2 0 -2
 Norm Re: 1.1202e-19    Im: -1.60005e-18

 3 2 -1
 2 0 -1
 Norm Re: -1.15366e-18    Im: 3.45589e-19

 3 2 0
 2 0 0
 Norm Re: -1.87703e-18    Im: -3.29326e-18

 3 2 1
 2 0 1
 Norm Re: -4.45878e-18    Im: 1.39083e-18

 3 2 2
 2 0 2
 Norm Re: -2.14469e-18    Im: 1.67628e-18

 3 2 -2
 2 2 -2
 Norm Re: 3.30664e-17    Im: -2.79162e-17

 3 2 -1
 2 2 -1
 Norm Re: 7.72293e-17    Im: -7.41138e-18

 3 2 0
 2 2 0
 Norm Re: 7.7254e-16    Im: 2.99426e-19

 3 2 1
 2 2 1
 Norm Re: -7.22011e-17    Im: -3.12725e-18

 3 2 2
 2 2 2
 Norm Re: -3.55889e-17    Im: -2.52348e-17

 3 2 -3
 3 -2 -3
 Norm Re: -3.38813e-20    Im: -4.13352e-18

 3 2 -2
 3 -2 -2
 Norm Re: 1.99222e-18    Im: -7.99599e-19

 3 2 -1
 3 -2 -1
 Norm Re: -3.61852e-18    Im: 1.53821e-18

 3 2 0
 3 -2 0
 Norm Re: -1.29415e-16    Im: -1.2631e-17

 3 2 1
 3 -2 1
 Norm Re: -5.34308e-18    Im: 5.96523e-19

 3 2 2
 3 -2 2
 Norm Re: 3.01214e-18    Im: 1.71467e-18

 3 2 3
 3 -2 3
 Norm Re: 2.45645e-19    Im: 2.6262e-18

 3 2 -3
 3 0 -3
 Norm Re: -6.8292e-20    Im: 2.01806e-19

 3 2 -2
 3 0 -2
 Norm Re: -2.2277e-18    Im: -7.0812e-19

 3 2 -1
 3 0 -1
 Norm Re: 1.86347e-18    Im: -2.91379e-19

 3 2 0
 3 0 0
 Norm Re: 4.06576e-18    Im: 4.47233e-18

 3 2 1
 3 0 1
 Norm Re: -5.82759e-19    Im: -1.82281e-18

 3 2 2
 3 0 2
 Norm Re: -2.32934e-18    Im: -1.06726e-19

 3 2 3
 3 0 3
 Norm Re: -5.55018e-19    Im: 7.84723e-19

 3 2 -3
 3 2 -3
 Norm Re: 1.60591e-17    Im: 7.8846e-19

 3 2 -2
 3 2 -2
 Norm Re: 2.832e-17    Im: 1.92323e-17

 3 2 -1
 3 2 -1
 Norm Re: -7.77661e-18    Im: -1.14585e-16

 3 2 0
 3 2 0
 Norm Re: 1    Im: 0

 3 2 1
 3 2 1
 Norm Re: -2.90227e-17    Im: 1.17897e-16

 3 2 2
 3 2 2
 Norm Re: 4.04543e-17    Im: -4.17418e-18

 3 2 3
 3 2 3
 Norm Re: 2.93802e-17    Im: -5.84317e-17



 3 2 0
 0 0 0
 Norm Re: -9.28348e-19    Im: 1.76183e-18

 3 2 -1
 1 0 -1
 Norm Re: 2.64782e-18    Im: -2.34459e-18

 3 2 0
 1 0 0
 Norm Re: 2.61564e-18    Im: 4.77049e-18

 3 2 1
 1 0 1
 Norm Re: -1.22786e-17    Im: -4.29615e-18

 3 2 -2
 2 -2 -2
 Norm Re: 2.05998e-18    Im: -4.47233e-19

 3 2 -1
 2 -2 -1
 Norm Re: -6.24772e-18    Im: -6.43745e-19

 3 2 0
 2 -2 0
 Norm Re: -1.97189e-18    Im: -9.97805e-19

 3 2 1
 2 -2 1
 Norm Re: -5.36059e-17    Im: -2.60461e-17

 3 2 2
 2 -2 2
 Norm Re: 1.7498e-18    Im: 6.21894e-19

 3 2 -2
 2 0 -2
 Norm Re: 1.75505e-18    Im: 2.68679e-18

 3 2 -1
 2 0 -1
 Norm Re: 1.18246e-18    Im: 2.33103e-18

 3 2 0
 2 0 0
 Norm Re: 2.71051e-18    Im: -3.79471e-19

 3 2 1
 2 0 1
 Norm Re: 1.82959e-17    Im: 1.76183e-18

 3 2 2
 2 0 2
 Norm Re: 2.82231e-18    Im: -2.24464e-18

 3 2 -2
 2 2 -2
 Norm Re: 1.54299e-17    Im: 3.21343e-18

 3 2 -1
 2 2 -1
 Norm Re: 3.30538e-17    Im: -2.45684e-17

 3 2 0
 2 2 0
 Norm Re: 1.42268e-17    Im: 6.70562e-17

 3 2 1
 2 2 1
 Norm Re: -6.88833e-15    Im: -5.18801e-19

 3 2 2
 2 2 2
 Norm Re: -9.53014e-17    Im: -1.55583e-17

 3 2 -3
 3 -2 -3
 Norm Re: 1.76183e-18    Im: 4.8247e-18

 3 2 -2
 3 -2 -2
 Norm Re: 3.68629e-18    Im: 8.67362e-19

 3 2 -1
 3 -2 -1
 Norm Re: 2.74303e-17    Im: -1.79707e-17

 3 2 0
 3 -2 0
 Norm Re: 3.61852e-18    Im: -1.53821e-18

 3 2 1
 3 -2 1
 Norm Re: 1.62137e-17    Im: 6.05967e-18

 3 2 2
 3 -2 2
 Norm Re: 7.74479e-19    Im: -1.4156e-19

 3 2 3
 3 -2 3
 Norm Re: -2.70707e-18    Im: -6.26372e-18

 3 2 -3
 3 0 -3
 Norm Re: 2.65375e-18    Im: 1.65595e-19

 3 2 -2
 3 0 -2
 Norm Re: 1.57548e-18    Im: -6.48488e-18

 3 2 -1
 3 0 -1
 Norm Re: 1.63986e-18    Im: 2.57498e-18

 3 2 0
 3 0 0
 Norm Re: 6.09864e-19    Im: -1.68051e-18

 3 2 1
 3 0 1
 Norm Re: 1.50162e-17    Im: 3.44234e-18

 3 2 2
 3 0 2
 Norm Re: -2.92057e-18    Im: 1.56532e-18

 3 2 3
 3 0 3
 Norm Re: 2.32511e-18    Im: -2.72236e-18

 3 2 -3
 3 2 -3
 Norm Re: 1.57913e-18    Im: 3.16309e-17

 3 2 -2
 3 2 -2
 Norm Re: -1.64428e-18    Im: 1.73086e-17

 3 2 -1
 3 2 -1
 Norm Re: -3.37136e-17    Im: -1.94962e-17

 3 2 0
 3 2 0
 Norm Re: -2.90227e-17    Im: -1.17897e-16

 3 2 1
 3 2 1
 Norm Re: 1    Im: 0

 3 2 2
 3 2 2
 Norm Re: -4.34765e-17    Im: 1.47723e-17

 3 2 3
 3 2 3
 Norm Re: -7.91874e-17    Im: 2.13317e-17



 3 2 0
 0 0 0
 Norm Re: -7.86047e-18    Im: 4.17418e-18

 3 2 -1
 1 0 -1
 Norm Re: -4.59431e-18    Im: 1.50433e-18

 3 2 0
 1 0 0
 Norm Re: 3.7676e-18    Im: 4.87891e-18

 3 2 1
 1 0 1
 Norm Re: 2.23617e-18    Im: 2.24972e-18

 3 2 -2
 2 -2 -2
 Norm Re: 2.60209e-18    Im: -1.6263e-18

 3 2 -1
 2 -2 -1
 Norm Re: 3.25261e-18    Im: 5.08897e-18

 3 2 0
 2 -2 0
 Norm Re: 3.06965e-18    Im: -6.77626e-21

 3 2 1
 2 -2 1
 Norm Re: -6.54926e-18    Im: 4.56466e-18

 3 2 2
 2 -2 2
 Norm Re: 3.79787e-17    Im: 1.38308e-17

 3 2 -2
 2 0 -2
 Norm Re: 2.98156e-18    Im: -5.21772e-19

 3 2 -1
 2 0 -1
 Norm Re: 2.33103e-18    Im: 3.25261e-19

 3 2 0
 2 0 0
 Norm Re: 3.30682e-18    Im: 3.68629e-18

 3 2 1
 2 0 1
 Norm Re: -8.80914e-19    Im: -1.51788e-18

 3 2 2
 2 0 2
 Norm Re: 1.88651e-17    Im: 5.6243e-18

 3 2 -2
 2 2 -2
 Norm Re: 5.59118e-17    Im: 2.08574e-17

 3 2 -1
 2 2 -1
 Norm Re: -2.23504e-17    Im: 2.70746e-17

 3 2 0
 2 2 0
 Norm Re: -6.5374e-17    Im: -4.59837e-17

 3 2 1
 2 2 1
 Norm Re: 3.67273e-17    Im: 1.0056e-17

 3 2 2
 2 2 2
 Norm Re: -8.46437e-15    Im: 1.44745e-18

 3 2 -3
 3 -2 -3
 Norm Re: -8.40257e-19    Im: 3.08998e-18

 3 2 -2
 3 -2 -2
 Norm Re: -2.60209e-18    Im: 1.45825e-17

 3 2 -1
 3 -2 -1
 Norm Re: -3.68629e-18    Im: -8.67362e-19

 3 2 0
 3 -2 0
 Norm Re: 1.99222e-18    Im: -7.99599e-19

 3 2 1
 3 -2 1
 Norm Re: -3.07134e-18    Im: 1.38744e-18

 3 2 2
 3 -2 2
 Norm Re: 6.34638e-17    Im: 2.13893e-17

 3 2 3
 3 -2 3
 Norm Re: 2.24312e-18    Im: 2.96672e-18

 3 2 -3
 3 0 -3
 Norm Re: -2.56651e-18    Im: 1.26631e-18

 3 2 -2
 3 0 -2
 Norm Re: 9.35124e-19    Im: -1.89735e-19

 3 2 -1
 3 0 -1
 Norm Re: 2.54788e-18    Im: -3.41524e-18

 3 2 0
 3 0 0
 Norm Re: 2.41235e-18    Im: 1.51788e-18

 3 2 1
 3 0 1
 Norm Re: 5.28549e-19    Im: -2.1684e-19

 3 2 2
 3 0 2
 Norm Re: -1.82959e-18    Im: -2.30393e-19

 3 2 3
 3 0 3
 Norm Re: -5.59211e-18    Im: 9.06325e-19

 3 2 -3
 3 2 -3
 Norm Re: 1.94751e-17    Im: 3.11894e-17

 3 2 -2
 3 2 -2
 Norm Re: 5.53803e-17    Im: 7.02063e-18

 3 2 -1
 3 2 -1
 Norm Re: 7.1947e-18    Im: -9.09713e-19

 3 2 0
 3 2 0
 Norm Re: 4.04543e-17    Im: 4.17418e-18

 3 2 1
 3 2 1
 Norm Re: -4.34765e-17    Im: -1.47723e-17

 3 2 2
 3 2 2
 Norm Re: 1    Im: 0

 3 2 3
 3 2 3
 Norm Re: -4.29344e-17    Im: 8.29415e-18



 3 2 0
 0 0 0
 Norm Re: 1.11131e-18    Im: -2.90024e-18

 3 2 -1
 1 0 -1
 Norm Re: -6.60686e-18    Im: 6.30531e-18

 3 2 0
 1 0 0
 Norm Re: -5.42101e-20    Im: -2.92735e-18

 3 2 1
 1 0 1
 Norm Re: -1.6263e-18    Im: 8.13152e-19

 3 2 -2
 2 -2 -2
 Norm Re: -1.0842e-19    Im: 6.34258e-18

 3 2 -1
 2 -2 -1
 Norm Re: 6.41035e-18    Im: 8.89046e-18

 3 2 0
 2 -2 0
 Norm Re: 6.04782e-19    Im: 2.226e-18

 3 2 1
 2 -2 1
 Norm Re: -1.79042e-18    Im: 5.65829e-18

 3 2 2
 2 -2 2
 Norm Re: 1.69473e-19    Im: 1.1927e-18

 3 2 -2
 2 0 -2
 Norm Re: -2.8257e-18    Im: -6.48827e-19

 3 2 -1
 2 0 -1
 Norm Re: -3.98444e-18    Im: 6.64074e-19

 3 2 0
 2 0 0
 Norm Re: -1.76183e-18    Im: -1.6263e-19

 3 2 1
 2 0 1
 Norm Re: -1.81604e-18    Im: -2.29038e-18

 3 2 2
 2 0 2
 Norm Re: 1.89735e-19    Im: -1.15366e-18

 3 2 -2
 2 2 -2
 Norm Re: 1.28583e-17    Im: 1.64426e-17

 3 2 -1
 2 2 -1
 Norm Re: 1.21805e-17    Im: 3.41968e-17

 3 2 0
 2 2 0
 Norm Re: 1.57307e-17    Im: 5.49741e-17

 3 2 1
 2 2 1
 Norm Re: 4.18638e-17    Im: -6.62719e-18

 3 2 2
 2 2 2
 Norm Re: 1.19262e-18    Im: 1.21431e-17

 3 2 -3
 3 -2 -3
 Norm Re: 1.88854e-17    Im: -1.32273e-17

 3 2 -2
 3 -2 -2
 Norm Re: 8.40257e-19    Im: -3.08998e-18

 3 2 -1
 3 -2 -1
 Norm Re: 1.76183e-18    Im: 4.8247e-18

 3 2 0
 3 -2 0
 Norm Re: 3.38813e-20    Im: 4.13352e-18

 3 2 1
 3 -2 1
 Norm Re: -4.29869e-18    Im: 1.02766e-17

 3 2 2
 3 -2 2
 Norm Re: 3.24017e-18    Im: 4.68928e-18

 3 2 3
 3 -2 3
 Norm Re: -3.00534e-17    Im: -9.40225e-18

 3 2 -3
 3 0 -3
 Norm Re: 1.06133e-18    Im: 3.35933e-18

 3 2 -2
 3 0 -2
 Norm Re: -1.15196e-18    Im: 9.58841e-19

 3 2 -1
 3 0 -1
 Norm Re: -9.21572e-19    Im: -2.71051e-20

 3 2 0
 3 0 0
 Norm Re: 2.1413e-18    Im: 1.51788e-18

 3 2 1
 3 0 1
 Norm Re: -2.49366e-18    Im: 0

 3 2 2
 3 0 2
 Norm Re: 3.74389e-18    Im: 1.999e-18

 3 2 3
 3 0 3
 Norm Re: -1.44377e-17    Im: -6.48404e-18

 3 2 -3
 3 2 -3
 Norm Re: 1.29856e-17    Im: 1.92084e-17

 3 2 -2
 3 2 -2
 Norm Re: 2.95735e-17    Im: 3.53366e-17

 3 2 -1
 3 2 -1
 Norm Re: 1.39254e-17    Im: -1.15612e-17

 3 2 0
 3 2 0
 Norm Re: 2.93802e-17    Im: 5.84317e-17

 3 2 1
 3 2 1
 Norm Re: -7.91874e-17    Im: -2.13317e-17

 3 2 2
 3 2 2
 Norm Re: -4.29344e-17    Im: -8.29415e-18

 3 2 3
 3 2 3
 Norm Re: 1    Im: 0



