# Final checking of orthonormality of |JKM> basis in check_normJKeM 

 0 0 0
 0 0 0
 Norm Re: 1    Im: 0

 0 0 -1
 1 0 -1
 Norm Re: -4.03865e-17    Im: -7.68699e-17

 0 0 0
 1 0 0
 Norm Re: -1.95156e-17    Im: 0

 0 0 1
 1 0 1
 Norm Re: 4.03865e-17    Im: -7.68699e-17

 0 0 -2
 2 -2 -2
 Norm Re: 8.89046e-18    Im: 6.17995e-18

 0 0 -1
 2 -2 -1
 Norm Re: -1.6263e-18    Im: 5.04154e-18

 0 0 0
 2 -2 0
 Norm Re: -2.35136e-18    Im: 6.60008e-18

 0 0 1
 2 -2 1
 Norm Re: 3.88958e-18    Im: -1.61953e-18

 0 0 2
 2 -2 2
 Norm Re: 6.31675e-19    Im: 2.36852e-19

 0 0 -2
 2 0 -2
 Norm Re: -1.03196e-16    Im: -9.16422e-17

 0 0 -1
 2 0 -1
 Norm Re: 4.34765e-17    Im: -5.94143e-17

 0 0 0
 2 0 0
 Norm Re: 2.8302e-15    Im: 0

 0 0 1
 2 0 1
 Norm Re: -4.34765e-17    Im: -5.94143e-17

 0 0 2
 2 0 2
 Norm Re: -1.03196e-16    Im: 9.16422e-17

 0 0 -2
 2 2 -2
 Norm Re: 6.31675e-19    Im: -2.36852e-19

 0 0 -1
 2 2 -1
 Norm Re: -3.88958e-18    Im: -1.61953e-18

 0 0 0
 2 2 0
 Norm Re: -2.35136e-18    Im: -6.60008e-18

 0 0 1
 2 2 1
 Norm Re: 1.6263e-18    Im: 5.04154e-18

 0 0 2
 2 2 2
 Norm Re: 8.89046e-18    Im: -6.17995e-18



 1 0 0
 0 0 0
 Norm Re: -4.03865e-17    Im: 7.68699e-17

 1 0 -1
 1 0 -1
 Norm Re: 1    Im: 0

 1 0 0
 1 0 0
 Norm Re: -8.5652e-18    Im: 1.68051e-18

 1 0 1
 1 0 1
 Norm Re: -8.39308e-17    Im: 9.83371e-17

 1 0 -2
 2 -2 -2
 Norm Re: -3.63208e-18    Im: -1.84314e-18

 1 0 -1
 2 -2 -1
 Norm Re: 3.83943e-17    Im: 1.80791e-17

 1 0 0
 2 -2 0
 Norm Re: 4.85858e-18    Im: 1.95834e-18

 1 0 1
 2 -2 1
 Norm Re: -5.0966e-18    Im: 7.08331e-18

 1 0 2
 2 -2 2
 Norm Re: -2.20234e-18    Im: -3.97804e-18

 1 0 -2
 2 0 -2
 Norm Re: -6.75593e-18    Im: 4.9033e-17

 1 0 -1
 2 0 -1
 Norm Re: 1.1872e-17    Im: 1.69407e-18

 1 0 0
 2 0 0
 Norm Re: 3.54534e-17    Im: -2.9924e-17

 1 0 1
 2 0 1
 Norm Re: -2.1684e-19    Im: 6.50521e-19

 1 0 2
 2 0 2
 Norm Re: -5.62972e-17    Im: -5.29633e-17

 1 0 -2
 2 2 -2
 Norm Re: 3.11078e-18    Im: 1.38606e-18

 1 0 -1
 2 2 -1
 Norm Re: -4.21833e-17    Im: 9.48846e-18

 1 0 0
 2 2 0
 Norm Re: 3.32037e-18    Im: -4.5401e-18

 1 0 1
 2 2 1
 Norm Re: 1.11131e-17    Im: -3.83537e-18

 1 0 2
 2 2 2
 Norm Re: 6.50521e-19    Im: -7.37257e-18



 1 0 0
 0 0 0
 Norm Re: -1.95156e-17    Im: 0

 1 0 -1
 1 0 -1
 Norm Re: -8.5652e-18    Im: -1.68051e-18

 1 0 0
 1 0 0
 Norm Re: 1    Im: 0

 1 0 1
 1 0 1
 Norm Re: 8.5652e-18    Im: -1.68051e-18

 1 0 -2
 2 -2 -2
 Norm Re: 1.25767e-17    Im: -3.46945e-18

 1 0 -1
 2 -2 -1
 Norm Re: -4.60786e-19    Im: -4.33681e-19

 1 0 0
 2 -2 0
 Norm Re: 8.51776e-18    Im: 6.23416e-19

 1 0 1
 2 -2 1
 Norm Re: -7.52165e-19    Im: -1.84653e-19

 1 0 2
 2 -2 2
 Norm Re: 3.93256e-18    Im: 4.86832e-19

 1 0 -2
 2 0 -2
 Norm Re: 3.21059e-17    Im: 8.83625e-18

 1 0 -1
 2 0 -1
 Norm Re: -2.92735e-17    Im: 5.20417e-17

 1 0 0
 2 0 0
 Norm Re: 3.46945e-18    Im: 0

 1 0 1
 2 0 1
 Norm Re: 2.92735e-17    Im: 5.20417e-17

 1 0 2
 2 0 2
 Norm Re: 3.21059e-17    Im: -8.83625e-18

 1 0 -2
 2 2 -2
 Norm Re: 3.93256e-18    Im: -4.86832e-19

 1 0 -1
 2 2 -1
 Norm Re: 7.52165e-19    Im: -1.84653e-19

 1 0 0
 2 2 0
 Norm Re: 8.51776e-18    Im: -6.23416e-19

 1 0 1
 2 2 1
 Norm Re: 4.60786e-19    Im: -4.33681e-19

 1 0 2
 2 2 2
 Norm Re: 1.25767e-17    Im: 3.46945e-18



 1 0 0
 0 0 0
 Norm Re: 4.03865e-17    Im: 7.68699e-17

 1 0 -1
 1 0 -1
 Norm Re: -8.39308e-17    Im: -9.83371e-17

 1 0 0
 1 0 0
 Norm Re: 8.5652e-18    Im: 1.68051e-18

 1 0 1
 1 0 1
 Norm Re: 1    Im: 0

 1 0 -2
 2 -2 -2
 Norm Re: -6.50521e-19    Im: -7.37257e-18

 1 0 -1
 2 -2 -1
 Norm Re: 1.11131e-17    Im: 3.83537e-18

 1 0 0
 2 -2 0
 Norm Re: -3.32037e-18    Im: -4.5401e-18

 1 0 1
 2 -2 1
 Norm Re: -4.21833e-17    Im: -9.48846e-18

 1 0 2
 2 -2 2
 Norm Re: -3.11078e-18    Im: 1.38606e-18

 1 0 -2
 2 0 -2
 Norm Re: 5.62972e-17    Im: -5.29633e-17

 1 0 -1
 2 0 -1
 Norm Re: -2.1684e-19    Im: -6.50521e-19

 1 0 0
 2 0 0
 Norm Re: -3.54534e-17    Im: -2.9924e-17

 1 0 1
 2 0 1
 Norm Re: 1.1872e-17    Im: -1.69407e-18

 1 0 2
 2 0 2
 Norm Re: 6.75593e-18    Im: 4.9033e-17

 1 0 -2
 2 2 -2
 Norm Re: 2.20234e-18    Im: -3.97804e-18

 1 0 -1
 2 2 -1
 Norm Re: -5.0966e-18    Im: -7.08331e-18

 1 0 0
 2 2 0
 Norm Re: -4.85858e-18    Im: 1.95834e-18

 1 0 1
 2 2 1
 Norm Re: 3.83943e-17    Im: -1.80791e-17

 1 0 2
 2 2 2
 Norm Re: 3.63208e-18    Im: -1.84314e-18



 2 -2 0
 0 0 0
 Norm Re: 8.89046e-18    Im: -6.17995e-18

 2 -2 -1
 1 0 -1
 Norm Re: -3.63208e-18    Im: 1.84314e-18

 2 -2 0
 1 0 0
 Norm Re: 1.25767e-17    Im: 3.46945e-18

 2 -2 1
 1 0 1
 Norm Re: -6.50521e-19    Im: 7.37257e-18

 2 -2 -2
 2 -2 -2
 Norm Re: 1    Im: 0

 2 -2 -1
 2 -2 -1
 Norm Re: 2.48282e-17    Im: 3.7405e-17

 2 -2 0
 2 -2 0
 Norm Re: -4.19383e-17    Im: -4.33681e-18

 2 -2 1
 2 -2 1
 Norm Re: 2.9304e-17    Im: 1.43453e-17

 2 -2 2
 2 -2 2
 Norm Re: -4.9147e-18    Im: 1.11791e-17

 2 -2 -2
 2 0 -2
 Norm Re: -1.99425e-17    Im: 9.45966e-18

 2 -2 -1
 2 0 -1
 Norm Re: 2.92735e-18    Im: 1.30104e-18

 2 -2 0
 2 0 0
 Norm Re: 5.63785e-18    Im: -6.07153e-18

 2 -2 1
 2 0 1
 Norm Re: -2.1684e-19    Im: 2.38524e-18

 2 -2 2
 2 0 2
 Norm Re: 1.73472e-18    Im: -2.62919e-18

 2 -2 -2
 2 2 -2
 Norm Re: -2.34692e-18    Im: 1.00407e-17

 2 -2 -1
 2 2 -1
 Norm Re: 7.52165e-19    Im: -2.57498e-18

 2 -2 0
 2 2 0
 Norm Re: 2.62919e-18    Im: -3.00866e-18

 2 -2 1
 2 2 1
 Norm Re: -6.88468e-18    Im: -1.30104e-18

 2 -2 2
 2 2 2
 Norm Re: 1.56125e-17    Im: 1.30104e-18



 2 -2 0
 0 0 0
 Norm Re: -1.6263e-18    Im: -5.04154e-18

 2 -2 -1
 1 0 -1
 Norm Re: 3.83943e-17    Im: -1.80791e-17

 2 -2 0
 1 0 0
 Norm Re: -4.60786e-19    Im: 4.33681e-19

 2 -2 1
 1 0 1
 Norm Re: 1.11131e-17    Im: -3.83537e-18

 2 -2 -2
 2 -2 -2
 Norm Re: 2.48282e-17    Im: -3.7405e-17

 2 -2 -1
 2 -2 -1
 Norm Re: 1    Im: 0

 2 -2 0
 2 -2 0
 Norm Re: 1.75099e-17    Im: 2.7803e-17

 2 -2 1
 2 -2 1
 Norm Re: 1.96457e-17    Im: 3.75295e-17

 2 -2 2
 2 -2 2
 Norm Re: 2.7963e-17    Im: 1.43108e-17

 2 -2 -2
 2 0 -2
 Norm Re: -1.82281e-18    Im: 2.05321e-18

 2 -2 -1
 2 0 -1
 Norm Re: 1.76047e-17    Im: -9.37835e-18

 2 -2 0
 2 0 0
 Norm Re: 5.42101e-20    Im: 3.36103e-18

 2 -2 1
 2 0 1
 Norm Re: 2.92735e-18    Im: -1.65341e-18

 2 -2 2
 2 0 2
 Norm Re: -6.11219e-18    Im: 1.04016e-18

 2 -2 -2
 2 2 -2
 Norm Re: -3.26592e-18    Im: -1.08473e-18

 2 -2 -1
 2 2 -1
 Norm Re: 5.92415e-18    Im: -4.12954e-17

 2 -2 0
 2 2 0
 Norm Re: 2.99511e-18    Im: 3.01544e-19

 2 -2 1
 2 2 1
 Norm Re: -2.64003e-17    Im: 1.47994e-17

 2 -2 2
 2 2 2
 Norm Re: 6.88468e-18    Im: 1.30104e-18



 2 -2 0
 0 0 0
 Norm Re: -2.35136e-18    Im: -6.60008e-18

 2 -2 -1
 1 0 -1
 Norm Re: 4.85858e-18    Im: -1.95834e-18

 2 -2 0
 1 0 0
 Norm Re: 8.51776e-18    Im: -6.23416e-19

 2 -2 1
 1 0 1
 Norm Re: -3.32037e-18    Im: 4.5401e-18

 2 -2 -2
 2 -2 -2
 Norm Re: -4.19383e-17    Im: 4.33681e-18

 2 -2 -1
 2 -2 -1
 Norm Re: 1.75099e-17    Im: -2.7803e-17

 2 -2 0
 2 -2 0
 Norm Re: 1    Im: 0

 2 -2 1
 2 -2 1
 Norm Re: 4.88319e-17    Im: 4.48091e-18

 2 -2 2
 2 -2 2
 Norm Re: -7.97049e-17    Im: 9.32369e-18

 2 -2 -2
 2 0 -2
 Norm Re: 1.29765e-18    Im: -2.49705e-18

 2 -2 -1
 2 0 -1
 Norm Re: 1.95834e-18    Im: 2.49366e-18

 2 -2 0
 2 0 0
 Norm Re: 5.71917e-18    Im: 2.27682e-18

 2 -2 1
 2 0 1
 Norm Re: 1.10792e-18    Im: 3.79471e-19

 2 -2 2
 2 0 2
 Norm Re: 2.2277e-18    Im: -2.25311e-19

 2 -2 -2
 2 2 -2
 Norm Re: 5.2772e-18    Im: -6.24779e-18

 2 -2 -1
 2 2 -1
 Norm Re: -2.98865e-18    Im: -6.8597e-18

 2 -2 0
 2 2 0
 Norm Re: 8.68344e-17    Im: 6.75932e-19

 2 -2 1
 2 2 1
 Norm Re: -2.99511e-18    Im: -3.01544e-19

 2 -2 2
 2 2 2
 Norm Re: 2.62919e-18    Im: -3.00866e-18



 2 -2 0
 0 0 0
 Norm Re: 3.88958e-18    Im: 1.61953e-18

 2 -2 -1
 1 0 -1
 Norm Re: -5.0966e-18    Im: -7.08331e-18

 2 -2 0
 1 0 0
 Norm Re: -7.52165e-19    Im: 1.84653e-19

 2 -2 1
 1 0 1
 Norm Re: -4.21833e-17    Im: 9.48846e-18

 2 -2 -2
 2 -2 -2
 Norm Re: 2.9304e-17    Im: -1.43453e-17

 2 -2 -1
 2 -2 -1
 Norm Re: 1.96457e-17    Im: -3.75295e-17

 2 -2 0
 2 -2 0
 Norm Re: 4.88319e-17    Im: -4.48091e-18

 2 -2 1
 2 -2 1
 Norm Re: 1    Im: 0

 2 -2 2
 2 -2 2
 Norm Re: 2.68645e-17    Im: -4.89339e-17

 2 -2 -2
 2 0 -2
 Norm Re: 5.25965e-18    Im: 1.05773e-18

 2 -2 -1
 2 0 -1
 Norm Re: 1.67035e-18    Im: 3.43557e-18

 2 -2 0
 2 0 0
 Norm Re: 1.80587e-18    Im: 1.33662e-18

 2 -2 1
 2 0 1
 Norm Re: 1.90879e-17    Im: -1.67713e-18

 2 -2 2
 2 0 2
 Norm Re: -6.51284e-18    Im: -8.51374e-18

 2 -2 -2
 2 2 -2
 Norm Re: 1.40438e-17    Im: -7.39885e-18

 2 -2 -1
 2 2 -1
 Norm Re: -3.44372e-17    Im: -2.64272e-18

 2 -2 0
 2 2 0
 Norm Re: 2.98865e-18    Im: 6.8597e-18

 2 -2 1
 2 2 1
 Norm Re: 5.92415e-18    Im: -4.12954e-17

 2 -2 2
 2 2 2
 Norm Re: -7.52165e-19    Im: 2.57498e-18



 2 -2 0
 0 0 0
 Norm Re: 6.31675e-19    Im: -2.36852e-19

 2 -2 -1
 1 0 -1
 Norm Re: -2.20234e-18    Im: 3.97804e-18

 2 -2 0
 1 0 0
 Norm Re: 3.93256e-18    Im: -4.86832e-19

 2 -2 1
 1 0 1
 Norm Re: -3.11078e-18    Im: -1.38606e-18

 2 -2 -2
 2 -2 -2
 Norm Re: -4.9147e-18    Im: -1.11791e-17

 2 -2 -1
 2 -2 -1
 Norm Re: 2.7963e-17    Im: -1.43108e-17

 2 -2 0
 2 -2 0
 Norm Re: -7.97049e-17    Im: -9.32369e-18

 2 -2 1
 2 -2 1
 Norm Re: 2.68645e-17    Im: 4.89339e-17

 2 -2 2
 2 -2 2
 Norm Re: 1    Im: 0

 2 -2 -2
 2 0 -2
 Norm Re: 6.1344e-18    Im: 7.73857e-18

 2 -2 -1
 2 0 -1
 Norm Re: 2.19519e-18    Im: -4.36354e-18

 2 -2 0
 2 0 0
 Norm Re: 3.85231e-18    Im: -9.34913e-19

 2 -2 1
 2 0 1
 Norm Re: -7.72494e-19    Im: 5.42673e-18

 2 -2 2
 2 0 2
 Norm Re: -2.35158e-17    Im: 2.33111e-18

 2 -2 -2
 2 2 -2
 Norm Re: 3.38356e-17    Im: -1.17907e-18

 2 -2 -1
 2 2 -1
 Norm Re: -1.40438e-17    Im: 7.39885e-18

 2 -2 0
 2 2 0
 Norm Re: 5.2772e-18    Im: -6.24779e-18

 2 -2 1
 2 2 1
 Norm Re: 3.26592e-18    Im: 1.08473e-18

 2 -2 2
 2 2 2
 Norm Re: -2.34692e-18    Im: 1.00407e-17



 2 0 0
 0 0 0
 Norm Re: -1.03196e-16    Im: 9.16422e-17

 2 0 -1
 1 0 -1
 Norm Re: -6.75593e-18    Im: -4.9033e-17

 2 0 0
 1 0 0
 Norm Re: 3.21059e-17    Im: -8.83625e-18

 2 0 1
 1 0 1
 Norm Re: 5.62972e-17    Im: 5.29633e-17

 2 0 -2
 2 -2 -2
 Norm Re: -1.99425e-17    Im: -9.45966e-18

 2 0 -1
 2 -2 -1
 Norm Re: -1.82281e-18    Im: -2.05321e-18

 2 0 0
 2 -2 0
 Norm Re: 1.29765e-18    Im: 2.49705e-18

 2 0 1
 2 -2 1
 Norm Re: 5.25965e-18    Im: -1.05773e-18

 2 0 2
 2 -2 2
 Norm Re: 6.1344e-18    Im: -7.73857e-18

 2 0 -2
 2 0 -2
 Norm Re: 1    Im: 0

 2 0 -1
 2 0 -1
 Norm Re: 2.74439e-17    Im: 9.15067e-17

 2 0 0
 2 0 0
 Norm Re: 4.29615e-17    Im: 2.0383e-17

 2 0 1
 2 0 1
 Norm Re: 1.56599e-17    Im: 1.36609e-17

 2 0 2
 2 0 2
 Norm Re: 1.23111e-16    Im: 1.34001e-18

 2 0 -2
 2 2 -2
 Norm Re: -2.35158e-17    Im: 2.33111e-18

 2 0 -1
 2 2 -1
 Norm Re: 6.51284e-18    Im: 8.51374e-18

 2 0 0
 2 2 0
 Norm Re: 2.2277e-18    Im: -2.25311e-19

 2 0 1
 2 2 1
 Norm Re: 6.11219e-18    Im: -1.04016e-18

 2 0 2
 2 2 2
 Norm Re: 1.73472e-18    Im: -2.62919e-18



 2 0 0
 0 0 0
 Norm Re: 4.34765e-17    Im: 5.94143e-17

 2 0 -1
 1 0 -1
 Norm Re: 1.1872e-17    Im: -1.69407e-18

 2 0 0
 1 0 0
 Norm Re: -2.92735e-17    Im: -5.20417e-17

 2 0 1
 1 0 1
 Norm Re: -2.1684e-19    Im: 6.50521e-19

 2 0 -2
 2 -2 -2
 Norm Re: 2.92735e-18    Im: -1.30104e-18

 2 0 -1
 2 -2 -1
 Norm Re: 1.76047e-17    Im: 9.37835e-18

 2 0 0
 2 -2 0
 Norm Re: 1.95834e-18    Im: -2.49366e-18

 2 0 1
 2 -2 1
 Norm Re: 1.67035e-18    Im: -3.43557e-18

 2 0 2
 2 -2 2
 Norm Re: 2.19519e-18    Im: 4.36354e-18

 2 0 -2
 2 0 -2
 Norm Re: 2.74439e-17    Im: -9.15067e-17

 2 0 -1
 2 0 -1
 Norm Re: 1    Im: 0

 2 0 0
 2 0 0
 Norm Re: -1.06252e-17    Im: -6.67869e-17

 2 0 1
 2 0 1
 Norm Re: -1.34875e-16    Im: 5.80048e-17

 2 0 2
 2 0 2
 Norm Re: -1.56599e-17    Im: -1.36609e-17

 2 0 -2
 2 2 -2
 Norm Re: 7.72494e-19    Im: -5.42673e-18

 2 0 -1
 2 2 -1
 Norm Re: 1.90879e-17    Im: -1.67713e-18

 2 0 0
 2 2 0
 Norm Re: -1.10792e-18    Im: -3.79471e-19

 2 0 1
 2 2 1
 Norm Re: 2.92735e-18    Im: -1.65341e-18

 2 0 2
 2 2 2
 Norm Re: 2.1684e-19    Im: -2.38524e-18



 2 0 0
 0 0 0
 Norm Re: 2.8302e-15    Im: 0

 2 0 -1
 1 0 -1
 Norm Re: 3.54534e-17    Im: 2.9924e-17

 2 0 0
 1 0 0
 Norm Re: 3.46945e-18    Im: 0

 2 0 1
 1 0 1
 Norm Re: -3.54534e-17    Im: 2.9924e-17

 2 0 -2
 2 -2 -2
 Norm Re: 5.63785e-18    Im: 6.07153e-18

 2 0 -1
 2 -2 -1
 Norm Re: 5.42101e-20    Im: -3.36103e-18

 2 0 0
 2 -2 0
 Norm Re: 5.71917e-18    Im: -2.27682e-18

 2 0 1
 2 -2 1
 Norm Re: 1.80587e-18    Im: -1.33662e-18

 2 0 2
 2 -2 2
 Norm Re: 3.85231e-18    Im: 9.34913e-19

 2 0 -2
 2 0 -2
 Norm Re: 4.29615e-17    Im: -2.0383e-17

 2 0 -1
 2 0 -1
 Norm Re: -1.06252e-17    Im: 6.67869e-17

 2 0 0
 2 0 0
 Norm Re: 1    Im: 0

 2 0 1
 2 0 1
 Norm Re: 1.06252e-17    Im: 6.67869e-17

 2 0 2
 2 0 2
 Norm Re: 4.29615e-17    Im: 2.0383e-17

 2 0 -2
 2 2 -2
 Norm Re: 3.85231e-18    Im: -9.34913e-19

 2 0 -1
 2 2 -1
 Norm Re: -1.80587e-18    Im: -1.33662e-18

 2 0 0
 2 2 0
 Norm Re: 5.71917e-18    Im: 2.27682e-18

 2 0 1
 2 2 1
 Norm Re: -5.42101e-20    Im: -3.36103e-18

 2 0 2
 2 2 2
 Norm Re: 5.63785e-18    Im: -6.07153e-18



 2 0 0
 0 0 0
 Norm Re: -4.34765e-17    Im: 5.94143e-17

 2 0 -1
 1 0 -1
 Norm Re: -2.1684e-19    Im: -6.50521e-19

 2 0 0
 1 0 0
 Norm Re: 2.92735e-17    Im: -5.20417e-17

 2 0 1
 1 0 1
 Norm Re: 1.1872e-17    Im: 1.69407e-18

 2 0 -2
 2 -2 -2
 Norm Re: -2.1684e-19    Im: -2.38524e-18

 2 0 -1
 2 -2 -1
 Norm Re: 2.92735e-18    Im: 1.65341e-18

 2 0 0
 2 -2 0
 Norm Re: 1.10792e-18    Im: -3.79471e-19

 2 0 1
 2 -2 1
 Norm Re: 1.90879e-17    Im: 1.67713e-18

 2 0 2
 2 -2 2
 Norm Re: -7.72494e-19    Im: -5.42673e-18

 2 0 -2
 2 0 -2
 Norm Re: 1.56599e-17    Im: -1.36609e-17

 2 0 -1
 2 0 -1
 Norm Re: -1.34875e-16    Im: -5.80048e-17

 2 0 0
 2 0 0
 Norm Re: 1.06252e-17    Im: -6.67869e-17

 2 0 1
 2 0 1
 Norm Re: 1    Im: 0

 2 0 2
 2 0 2
 Norm Re: -2.74439e-17    Im: -9.15067e-17

 2 0 -2
 2 2 -2
 Norm Re: -2.19519e-18    Im: 4.36354e-18

 2 0 -1
 2 2 -1
 Norm Re: 1.67035e-18    Im: 3.43557e-18

 2 0 0
 2 2 0
 Norm Re: -1.95834e-18    Im: -2.49366e-18

 2 0 1
 2 2 1
 Norm Re: 1.76047e-17    Im: -9.37835e-18

 2 0 2
 2 2 2
 Norm Re: -2.92735e-18    Im: -1.30104e-18



 2 0 0
 0 0 0
 Norm Re: -1.03196e-16    Im: -9.16422e-17

 2 0 -1
 1 0 -1
 Norm Re: -5.62972e-17    Im: 5.29633e-17

 2 0 0
 1 0 0
 Norm Re: 3.21059e-17    Im: 8.83625e-18

 2 0 1
 1 0 1
 Norm Re: 6.75593e-18    Im: -4.9033e-17

 2 0 -2
 2 -2 -2
 Norm Re: 1.73472e-18    Im: 2.62919e-18

 2 0 -1
 2 -2 -1
 Norm Re: -6.11219e-18    Im: -1.04016e-18

 2 0 0
 2 -2 0
 Norm Re: 2.2277e-18    Im: 2.25311e-19

 2 0 1
 2 -2 1
 Norm Re: -6.51284e-18    Im: 8.51374e-18

 2 0 2
 2 -2 2
 Norm Re: -2.35158e-17    Im: -2.33111e-18

 2 0 -2
 2 0 -2
 Norm Re: 1.23111e-16    Im: -1.34001e-18

 2 0 -1
 2 0 -1
 Norm Re: -1.56599e-17    Im: 1.36609e-17

 2 0 0
 2 0 0
 Norm Re: 4.29615e-17    Im: -2.0383e-17

 2 0 1
 2 0 1
 Norm Re: -2.74439e-17    Im: 9.15067e-17

 2 0 2
 2 0 2
 Norm Re: 1    Im: 0

 2 0 -2
 2 2 -2
 Norm Re: 6.1344e-18    Im: 7.73857e-18

 2 0 -1
 2 2 -1
 Norm Re: -5.25965e-18    Im: -1.05773e-18

 2 0 0
 2 2 0
 Norm Re: 1.29765e-18    Im: -2.49705e-18

 2 0 1
 2 2 1
 Norm Re: 1.82281e-18    Im: -2.05321e-18

 2 0 2
 2 2 2
 Norm Re: -1.99425e-17    Im: 9.45966e-18



 2 2 0
 0 0 0
 Norm Re: 6.31675e-19    Im: 2.36852e-19

 2 2 -1
 1 0 -1
 Norm Re: 3.11078e-18    Im: -1.38606e-18

 2 2 0
 1 0 0
 Norm Re: 3.93256e-18    Im: 4.86832e-19

 2 2 1
 1 0 1
 Norm Re: 2.20234e-18    Im: 3.97804e-18

 2 2 -2
 2 -2 -2
 Norm Re: -2.34692e-18    Im: -1.00407e-17

 2 2 -1
 2 -2 -1
 Norm Re: -3.26592e-18    Im: 1.08473e-18

 2 2 0
 2 -2 0
 Norm Re: 5.2772e-18    Im: 6.24779e-18

 2 2 1
 2 -2 1
 Norm Re: 1.40438e-17    Im: 7.39885e-18

 2 2 2
 2 -2 2
 Norm Re: 3.38356e-17    Im: 1.17907e-18

 2 2 -2
 2 0 -2
 Norm Re: -2.35158e-17    Im: -2.33111e-18

 2 2 -1
 2 0 -1
 Norm Re: 7.72494e-19    Im: 5.42673e-18

 2 2 0
 2 0 0
 Norm Re: 3.85231e-18    Im: 9.34913e-19

 2 2 1
 2 0 1
 Norm Re: -2.19519e-18    Im: -4.36354e-18

 2 2 2
 2 0 2
 Norm Re: 6.1344e-18    Im: -7.73857e-18

 2 2 -2
 2 2 -2
 Norm Re: 1    Im: 0

 2 2 -1
 2 2 -1
 Norm Re: -2.68645e-17    Im: 4.89339e-17

 2 2 0
 2 2 0
 Norm Re: -7.97049e-17    Im: 9.32369e-18

 2 2 1
 2 2 1
 Norm Re: -2.7963e-17    Im: -1.43108e-17

 2 2 2
 2 2 2
 Norm Re: -4.9147e-18    Im: 1.11791e-17



 2 2 0
 0 0 0
 Norm Re: -3.88958e-18    Im: 1.61953e-18

 2 2 -1
 1 0 -1
 Norm Re: -4.21833e-17    Im: -9.48846e-18

 2 2 0
 1 0 0
 Norm Re: 7.52165e-19    Im: 1.84653e-19

 2 2 1
 1 0 1
 Norm Re: -5.0966e-18    Im: 7.08331e-18

 2 2 -2
 2 -2 -2
 Norm Re: 7.52165e-19    Im: 2.57498e-18

 2 2 -1
 2 -2 -1
 Norm Re: 5.92415e-18    Im: 4.12954e-17

 2 2 0
 2 -2 0
 Norm Re: -2.98865e-18    Im: 6.8597e-18

 2 2 1
 2 -2 1
 Norm Re: -3.44372e-17    Im: 2.64272e-18

 2 2 2
 2 -2 2
 Norm Re: -1.40438e-17    Im: -7.39885e-18

 2 2 -2
 2 0 -2
 Norm Re: 6.51284e-18    Im: -8.51374e-18

 2 2 -1
 2 0 -1
 Norm Re: 1.90879e-17    Im: 1.67713e-18

 2 2 0
 2 0 0
 Norm Re: -1.80587e-18    Im: 1.33662e-18

 2 2 1
 2 0 1
 Norm Re: 1.67035e-18    Im: -3.43557e-18

 2 2 2
 2 0 2
 Norm Re: -5.25965e-18    Im: 1.05773e-18

 2 2 -2
 2 2 -2
 Norm Re: -2.68645e-17    Im: -4.89339e-17

 2 2 -1
 2 2 -1
 Norm Re: 1    Im: 0

 2 2 0
 2 2 0
 Norm Re: -4.88319e-17    Im: -4.48091e-18

 2 2 1
 2 2 1
 Norm Re: 1.96457e-17    Im: 3.75295e-17

 2 2 2
 2 2 2
 Norm Re: -2.9304e-17    Im: -1.43453e-17



 2 2 0
 0 0 0
 Norm Re: -2.35136e-18    Im: 6.60008e-18

 2 2 -1
 1 0 -1
 Norm Re: 3.32037e-18    Im: 4.5401e-18

 2 2 0
 1 0 0
 Norm Re: 8.51776e-18    Im: 6.23416e-19

 2 2 1
 1 0 1
 Norm Re: -4.85858e-18    Im: -1.95834e-18

 2 2 -2
 2 -2 -2
 Norm Re: 2.62919e-18    Im: 3.00866e-18

 2 2 -1
 2 -2 -1
 Norm Re: 2.99511e-18    Im: -3.01544e-19

 2 2 0
 2 -2 0
 Norm Re: 8.68344e-17    Im: -6.75932e-19

 2 2 1
 2 -2 1
 Norm Re: 2.98865e-18    Im: -6.8597e-18

 2 2 2
 2 -2 2
 Norm Re: 5.2772e-18    Im: 6.24779e-18

 2 2 -2
 2 0 -2
 Norm Re: 2.2277e-18    Im: 2.25311e-19

 2 2 -1
 2 0 -1
 Norm Re: -1.10792e-18    Im: 3.79471e-19

 2 2 0
 2 0 0
 Norm Re: 5.71917e-18    Im: -2.27682e-18

 2 2 1
 2 0 1
 Norm Re: -1.95834e-18    Im: 2.49366e-18

 2 2 2
 2 0 2
 Norm Re: 1.29765e-18    Im: 2.49705e-18

 2 2 -2
 2 2 -2
 Norm Re: -7.97049e-17    Im: -9.32369e-18

 2 2 -1
 2 2 -1
 Norm Re: -4.88319e-17    Im: 4.48091e-18

 2 2 0
 2 2 0
 Norm Re: 1    Im: 0

 2 2 1
 2 2 1
 Norm Re: -1.75099e-17    Im: -2.7803e-17

 2 2 2
 2 2 2
 Norm Re: -4.19383e-17    Im: -4.33681e-18



 2 2 0
 0 0 0
 Norm Re: 1.6263e-18    Im: -5.04154e-18

 2 2 -1
 1 0 -1
 Norm Re: 1.11131e-17    Im: 3.83537e-18

 2 2 0
 1 0 0
 Norm Re: 4.60786e-19    Im: 4.33681e-19

 2 2 1
 1 0 1
 Norm Re: 3.83943e-17    Im: 1.80791e-17

 2 2 -2
 2 -2 -2
 Norm Re: -6.88468e-18    Im: 1.30104e-18

 2 2 -1
 2 -2 -1
 Norm Re: -2.64003e-17    Im: -1.47994e-17

 2 2 0
 2 -2 0
 Norm Re: -2.99511e-18    Im: 3.01544e-19

 2 2 1
 2 -2 1
 Norm Re: 5.92415e-18    Im: 4.12954e-17

 2 2 2
 2 -2 2
 Norm Re: 3.26592e-18    Im: -1.08473e-18

 2 2 -2
 2 0 -2
 Norm Re: 6.11219e-18    Im: 1.04016e-18

 2 2 -1
 2 0 -1
 Norm Re: 2.92735e-18    Im: 1.65341e-18

 2 2 0
 2 0 0
 Norm Re: -5.42101e-20    Im: 3.36103e-18

 2 2 1
 2 0 1
 Norm Re: 1.76047e-17    Im: 9.37835e-18

 2 2 2
 2 0 2
 Norm Re: 1.82281e-18    Im: 2.05321e-18

 2 2 -2
 2 2 -2
 Norm Re: -2.7963e-17    Im: 1.43108e-17

 2 2 -1
 2 2 -1
 Norm Re: 1.96457e-17    Im: -3.75295e-17

 2 2 0
 2 2 0
 Norm Re: -1.75099e-17    Im: 2.7803e-17

 2 2 1
 2 2 1
 Norm Re: 1    Im: 0

 2 2 2
 2 2 2
 Norm Re: -2.48282e-17    Im: -3.7405e-17



 2 2 0
 0 0 0
 Norm Re: 8.89046e-18    Im: 6.17995e-18

 2 2 -1
 1 0 -1
 Norm Re: 6.50521e-19    Im: 7.37257e-18

 2 2 0
 1 0 0
 Norm Re: 1.25767e-17    Im: -3.46945e-18

 2 2 1
 1 0 1
 Norm Re: 3.63208e-18    Im: 1.84314e-18

 2 2 -2
 2 -2 -2
 Norm Re: 1.56125e-17    Im: -1.30104e-18

 2 2 -1
 2 -2 -1
 Norm Re: 6.88468e-18    Im: -1.30104e-18

 2 2 0
 2 -2 0
 Norm Re: 2.62919e-18    Im: 3.00866e-18

 2 2 1
 2 -2 1
 Norm Re: -7.52165e-19    Im: -2.57498e-18

 2 2 2
 2 -2 2
 Norm Re: -2.34692e-18    Im: -1.00407e-17

 2 2 -2
 2 0 -2
 Norm Re: 1.73472e-18    Im: 2.62919e-18

 2 2 -1
 2 0 -1
 Norm Re: 2.1684e-19    Im: 2.38524e-18

 2 2 0
 2 0 0
 Norm Re: 5.63785e-18    Im: 6.07153e-18

 2 2 1
 2 0 1
 Norm Re: -2.92735e-18    Im: 1.30104e-18

 2 2 2
 2 0 2
 Norm Re: -1.99425e-17    Im: -9.45966e-18

 2 2 -2
 2 2 -2
 Norm Re: -4.9147e-18    Im: -1.11791e-17

 2 2 -1
 2 2 -1
 Norm Re: -2.9304e-17    Im: 1.43453e-17

 2 2 0
 2 2 0
 Norm Re: -4.19383e-17    Im: 4.33681e-18

 2 2 1
 2 2 1
 Norm Re: -2.48282e-17    Im: 3.7405e-17

 2 2 2
 2 2 2
 Norm Re: 1    Im: 0



# Final checking of orthonormality of |JKM> basis in check_normJKeM 

 0 0 0
 0 0 0
 Norm Re: 1    Im: 0

 0 0 -1
 1 0 -1
 Norm Re: -4.03865e-17    Im: -7.68699e-17

 0 0 0
 1 0 0
 Norm Re: -1.95156e-17    Im: 0

 0 0 1
 1 0 1
 Norm Re: 4.03865e-17    Im: -7.68699e-17

 0 0 -2
 2 -2 -2
 Norm Re: 8.89046e-18    Im: 6.17995e-18

 0 0 -1
 2 -2 -1
 Norm Re: -1.6263e-18    Im: 5.04154e-18

 0 0 0
 2 -2 0
 Norm Re: -2.35136e-18    Im: 6.60008e-18

 0 0 1
 2 -2 1
 Norm Re: 3.88958e-18    Im: -1.61953e-18

 0 0 2
 2 -2 2
 Norm Re: 6.31675e-19    Im: 2.36852e-19

 0 0 -2
 2 0 -2
 Norm Re: -1.03196e-16    Im: -9.16422e-17

 0 0 -1
 2 0 -1
 Norm Re: 4.34765e-17    Im: -5.94143e-17

 0 0 0
 2 0 0
 Norm Re: 2.8302e-15    Im: 0

 0 0 1
 2 0 1
 Norm Re: -4.34765e-17    Im: -5.94143e-17

 0 0 2
 2 0 2
 Norm Re: -1.03196e-16    Im: 9.16422e-17

 0 0 -2
 2 2 -2
 Norm Re: 6.31675e-19    Im: -2.36852e-19

 0 0 -1
 2 2 -1
 Norm Re: -3.88958e-18    Im: -1.61953e-18

 0 0 0
 2 2 0
 Norm Re: -2.35136e-18    Im: -6.60008e-18

 0 0 1
 2 2 1
 Norm Re: 1.6263e-18    Im: 5.04154e-18

 0 0 2
 2 2 2
 Norm Re: 8.89046e-18    Im: -6.17995e-18



 1 0 0
 0 0 0
 Norm Re: -4.03865e-17    Im: 7.68699e-17

 1 0 -1
 1 0 -1
 Norm Re: 1    Im: 0

 1 0 0
 1 0 0
 Norm Re: -8.5652e-18    Im: 1.68051e-18

 1 0 1
 1 0 1
 Norm Re: -8.39308e-17    Im: 9.83371e-17

 1 0 -2
 2 -2 -2
 Norm Re: -3.63208e-18    Im: -1.84314e-18

 1 0 -1
 2 -2 -1
 Norm Re: 3.83943e-17    Im: 1.80791e-17

 1 0 0
 2 -2 0
 Norm Re: 4.85858e-18    Im: 1.95834e-18

 1 0 1
 2 -2 1
 Norm Re: -5.0966e-18    Im: 7.08331e-18

 1 0 2
 2 -2 2
 Norm Re: -2.20234e-18    Im: -3.97804e-18

 1 0 -2
 2 0 -2
 Norm Re: -6.75593e-18    Im: 4.9033e-17

 1 0 -1
 2 0 -1
 Norm Re: 1.1872e-17    Im: 1.69407e-18

 1 0 0
 2 0 0
 Norm Re: 3.54534e-17    Im: -2.9924e-17

 1 0 1
 2 0 1
 Norm Re: -2.1684e-19    Im: 6.50521e-19

 1 0 2
 2 0 2
 Norm Re: -5.62972e-17    Im: -5.29633e-17

 1 0 -2
 2 2 -2
 Norm Re: 3.11078e-18    Im: 1.38606e-18

 1 0 -1
 2 2 -1
 Norm Re: -4.21833e-17    Im: 9.48846e-18

 1 0 0
 2 2 0
 Norm Re: 3.32037e-18    Im: -4.5401e-18

 1 0 1
 2 2 1
 Norm Re: 1.11131e-17    Im: -3.83537e-18

 1 0 2
 2 2 2
 Norm Re: 6.50521e-19    Im: -7.37257e-18



 1 0 0
 0 0 0
 Norm Re: -1.95156e-17    Im: 0

 1 0 -1
 1 0 -1
 Norm Re: -8.5652e-18    Im: -1.68051e-18

 1 0 0
 1 0 0
 Norm Re: 1    Im: 0

 1 0 1
 1 0 1
 Norm Re: 8.5652e-18    Im: -1.68051e-18

 1 0 -2
 2 -2 -2
 Norm Re: 1.25767e-17    Im: -3.46945e-18

 1 0 -1
 2 -2 -1
 Norm Re: -4.60786e-19    Im: -4.33681e-19

 1 0 0
 2 -2 0
 Norm Re: 8.51776e-18    Im: 6.23416e-19

 1 0 1
 2 -2 1
 Norm Re: -7.52165e-19    Im: -1.84653e-19

 1 0 2
 2 -2 2
 Norm Re: 3.93256e-18    Im: 4.86832e-19

 1 0 -2
 2 0 -2
 Norm Re: 3.21059e-17    Im: 8.83625e-18

 1 0 -1
 2 0 -1
 Norm Re: -2.92735e-17    Im: 5.20417e-17

 1 0 0
 2 0 0
 Norm Re: 3.46945e-18    Im: 0

 1 0 1
 2 0 1
 Norm Re: 2.92735e-17    Im: 5.20417e-17

 1 0 2
 2 0 2
 Norm Re: 3.21059e-17    Im: -8.83625e-18

 1 0 -2
 2 2 -2
 Norm Re: 3.93256e-18    Im: -4.86832e-19

 1 0 -1
 2 2 -1
 Norm Re: 7.52165e-19    Im: -1.84653e-19

 1 0 0
 2 2 0
 Norm Re: 8.51776e-18    Im: -6.23416e-19

 1 0 1
 2 2 1
 Norm Re: 4.60786e-19    Im: -4.33681e-19

 1 0 2
 2 2 2
 Norm Re: 1.25767e-17    Im: 3.46945e-18



 1 0 0
 0 0 0
 Norm Re: 4.03865e-17    Im: 7.68699e-17

 1 0 -1
 1 0 -1
 Norm Re: -8.39308e-17    Im: -9.83371e-17

 1 0 0
 1 0 0
 Norm Re: 8.5652e-18    Im: 1.68051e-18

 1 0 1
 1 0 1
 Norm Re: 1    Im: 0

 1 0 -2
 2 -2 -2
 Norm Re: -6.50521e-19    Im: -7.37257e-18

 1 0 -1
 2 -2 -1
 Norm Re: 1.11131e-17    Im: 3.83537e-18

 1 0 0
 2 -2 0
 Norm Re: -3.32037e-18    Im: -4.5401e-18

 1 0 1
 2 -2 1
 Norm Re: -4.21833e-17    Im: -9.48846e-18

 1 0 2
 2 -2 2
 Norm Re: -3.11078e-18    Im: 1.38606e-18

 1 0 -2
 2 0 -2
 Norm Re: 5.62972e-17    Im: -5.29633e-17

 1 0 -1
 2 0 -1
 Norm Re: -2.1684e-19    Im: -6.50521e-19

 1 0 0
 2 0 0
 Norm Re: -3.54534e-17    Im: -2.9924e-17

 1 0 1
 2 0 1
 Norm Re: 1.1872e-17    Im: -1.69407e-18

 1 0 2
 2 0 2
 Norm Re: 6.75593e-18    Im: 4.9033e-17

 1 0 -2
 2 2 -2
 Norm Re: 2.20234e-18    Im: -3.97804e-18

 1 0 -1
 2 2 -1
 Norm Re: -5.0966e-18    Im: -7.08331e-18

 1 0 0
 2 2 0
 Norm Re: -4.85858e-18    Im: 1.95834e-18

 1 0 1
 2 2 1
 Norm Re: 3.83943e-17    Im: -1.80791e-17

 1 0 2
 2 2 2
 Norm Re: 3.63208e-18    Im: -1.84314e-18



 2 -2 0
 0 0 0
 Norm Re: 8.89046e-18    Im: -6.17995e-18

 2 -2 -1
 1 0 -1
 Norm Re: -3.63208e-18    Im: 1.84314e-18

 2 -2 0
 1 0 0
 Norm Re: 1.25767e-17    Im: 3.46945e-18

 2 -2 1
 1 0 1
 Norm Re: -6.50521e-19    Im: 7.37257e-18

 2 -2 -2
 2 -2 -2
 Norm Re: 1    Im: 0

 2 -2 -1
 2 -2 -1
 Norm Re: 2.48282e-17    Im: 3.7405e-17

 2 -2 0
 2 -2 0
 Norm Re: -4.19383e-17    Im: -4.33681e-18

 2 -2 1
 2 -2 1
 Norm Re: 2.9304e-17    Im: 1.43453e-17

 2 -2 2
 2 -2 2
 Norm Re: -4.9147e-18    Im: 1.11791e-17

 2 -2 -2
 2 0 -2
 Norm Re: -1.99425e-17    Im: 9.45966e-18

 2 -2 -1
 2 0 -1
 Norm Re: 2.92735e-18    Im: 1.30104e-18

 2 -2 0
 2 0 0
 Norm Re: 5.63785e-18    Im: -6.07153e-18

 2 -2 1
 2 0 1
 Norm Re: -2.1684e-19    Im: 2.38524e-18

 2 -2 2
 2 0 2
 Norm Re: 1.73472e-18    Im: -2.62919e-18

 2 -2 -2
 2 2 -2
 Norm Re: -2.34692e-18    Im: 1.00407e-17

 2 -2 -1
 2 2 -1
 Norm Re: 7.52165e-19    Im: -2.57498e-18

 2 -2 0
 2 2 0
 Norm Re: 2.62919e-18    Im: -3.00866e-18

 2 -2 1
 2 2 1
 Norm Re: -6.88468e-18    Im: -1.30104e-18

 2 -2 2
 2 2 2
 Norm Re: 1.56125e-17    Im: 1.30104e-18



 2 -2 0
 0 0 0
 Norm Re: -1.6263e-18    Im: -5.04154e-18

 2 -2 -1
 1 0 -1
 Norm Re: 3.83943e-17    Im: -1.80791e-17

 2 -2 0
 1 0 0
 Norm Re: -4.60786e-19    Im: 4.33681e-19

 2 -2 1
 1 0 1
 Norm Re: 1.11131e-17    Im: -3.83537e-18

 2 -2 -2
 2 -2 -2
 Norm Re: 2.48282e-17    Im: -3.7405e-17

 2 -2 -1
 2 -2 -1
 Norm Re: 1    Im: 0

 2 -2 0
 2 -2 0
 Norm Re: 1.75099e-17    Im: 2.7803e-17

 2 -2 1
 2 -2 1
 Norm Re: 1.96457e-17    Im: 3.75295e-17

 2 -2 2
 2 -2 2
 Norm Re: 2.7963e-17    Im: 1.43108e-17

 2 -2 -2
 2 0 -2
 Norm Re: -1.82281e-18    Im: 2.05321e-18

 2 -2 -1
 2 0 -1
 Norm Re: 1.76047e-17    Im: -9.37835e-18

 2 -2 0
 2 0 0
 Norm Re: 5.42101e-20    Im: 3.36103e-18

 2 -2 1
 2 0 1
 Norm Re: 2.92735e-18    Im: -1.65341e-18

 2 -2 2
 2 0 2
 Norm Re: -6.11219e-18    Im: 1.04016e-18

 2 -2 -2
 2 2 -2
 Norm Re: -3.26592e-18    Im: -1.08473e-18

 2 -2 -1
 2 2 -1
 Norm Re: 5.92415e-18    Im: -4.12954e-17

 2 -2 0
 2 2 0
 Norm Re: 2.99511e-18    Im: 3.01544e-19

 2 -2 1
 2 2 1
 Norm Re: -2.64003e-17    Im: 1.47994e-17

 2 -2 2
 2 2 2
 Norm Re: 6.88468e-18    Im: 1.30104e-18



 2 -2 0
 0 0 0
 Norm Re: -2.35136e-18    Im: -6.60008e-18

 2 -2 -1
 1 0 -1
 Norm Re: 4.85858e-18    Im: -1.95834e-18

 2 -2 0
 1 0 0
 Norm Re: 8.51776e-18    Im: -6.23416e-19

 2 -2 1
 1 0 1
 Norm Re: -3.32037e-18    Im: 4.5401e-18

 2 -2 -2
 2 -2 -2
 Norm Re: -4.19383e-17    Im: 4.33681e-18

 2 -2 -1
 2 -2 -1
 Norm Re: 1.75099e-17    Im: -2.7803e-17

 2 -2 0
 2 -2 0
 Norm Re: 1    Im: 0

 2 -2 1
 2 -2 1
 Norm Re: 4.88319e-17    Im: 4.48091e-18

 2 -2 2
 2 -2 2
 Norm Re: -7.97049e-17    Im: 9.32369e-18

 2 -2 -2
 2 0 -2
 Norm Re: 1.29765e-18    Im: -2.49705e-18

 2 -2 -1
 2 0 -1
 Norm Re: 1.95834e-18    Im: 2.49366e-18

 2 -2 0
 2 0 0
 Norm Re: 5.71917e-18    Im: 2.27682e-18

 2 -2 1
 2 0 1
 Norm Re: 1.10792e-18    Im: 3.79471e-19

 2 -2 2
 2 0 2
 Norm Re: 2.2277e-18    Im: -2.25311e-19

 2 -2 -2
 2 2 -2
 Norm Re: 5.2772e-18    Im: -6.24779e-18

 2 -2 -1
 2 2 -1
 Norm Re: -2.98865e-18    Im: -6.8597e-18

 2 -2 0
 2 2 0
 Norm Re: 8.68344e-17    Im: 6.75932e-19

 2 -2 1
 2 2 1
 Norm Re: -2.99511e-18    Im: -3.01544e-19

 2 -2 2
 2 2 2
 Norm Re: 2.62919e-18    Im: -3.00866e-18



 2 -2 0
 0 0 0
 Norm Re: 3.88958e-18    Im: 1.61953e-18

 2 -2 -1
 1 0 -1
 Norm Re: -5.0966e-18    Im: -7.08331e-18

 2 -2 0
 1 0 0
 Norm Re: -7.52165e-19    Im: 1.84653e-19

 2 -2 1
 1 0 1
 Norm Re: -4.21833e-17    Im: 9.48846e-18

 2 -2 -2
 2 -2 -2
 Norm Re: 2.9304e-17    Im: -1.43453e-17

 2 -2 -1
 2 -2 -1
 Norm Re: 1.96457e-17    Im: -3.75295e-17

 2 -2 0
 2 -2 0
 Norm Re: 4.88319e-17    Im: -4.48091e-18

 2 -2 1
 2 -2 1
 Norm Re: 1    Im: 0

 2 -2 2
 2 -2 2
 Norm Re: 2.68645e-17    Im: -4.89339e-17

 2 -2 -2
 2 0 -2
 Norm Re: 5.25965e-18    Im: 1.05773e-18

 2 -2 -1
 2 0 -1
 Norm Re: 1.67035e-18    Im: 3.43557e-18

 2 -2 0
 2 0 0
 Norm Re: 1.80587e-18    Im: 1.33662e-18

 2 -2 1
 2 0 1
 Norm Re: 1.90879e-17    Im: -1.67713e-18

 2 -2 2
 2 0 2
 Norm Re: -6.51284e-18    Im: -8.51374e-18

 2 -2 -2
 2 2 -2
 Norm Re: 1.40438e-17    Im: -7.39885e-18

 2 -2 -1
 2 2 -1
 Norm Re: -3.44372e-17    Im: -2.64272e-18

 2 -2 0
 2 2 0
 Norm Re: 2.98865e-18    Im: 6.8597e-18

 2 -2 1
 2 2 1
 Norm Re: 5.92415e-18    Im: -4.12954e-17

 2 -2 2
 2 2 2
 Norm Re: -7.52165e-19    Im: 2.57498e-18



 2 -2 0
 0 0 0
 Norm Re: 6.31675e-19    Im: -2.36852e-19

 2 -2 -1
 1 0 -1
 Norm Re: -2.20234e-18    Im: 3.97804e-18

 2 -2 0
 1 0 0
 Norm Re: 3.93256e-18    Im: -4.86832e-19

 2 -2 1
 1 0 1
 Norm Re: -3.11078e-18    Im: -1.38606e-18

 2 -2 -2
 2 -2 -2
 Norm Re: -4.9147e-18    Im: -1.11791e-17

 2 -2 -1
 2 -2 -1
 Norm Re: 2.7963e-17    Im: -1.43108e-17

 2 -2 0
 2 -2 0
 Norm Re: -7.97049e-17    Im: -9.32369e-18

 2 -2 1
 2 -2 1
 Norm Re: 2.68645e-17    Im: 4.89339e-17

 2 -2 2
 2 -2 2
 Norm Re: 1    Im: 0

 2 -2 -2
 2 0 -2
 Norm Re: 6.1344e-18    Im: 7.73857e-18

 2 -2 -1
 2 0 -1
 Norm Re: 2.19519e-18    Im: -4.36354e-18

 2 -2 0
 2 0 0
 Norm Re: 3.85231e-18    Im: -9.34913e-19

 2 -2 1
 2 0 1
 Norm Re: -7.72494e-19    Im: 5.42673e-18

 2 -2 2
 2 0 2
 Norm Re: -2.35158e-17    Im: 2.33111e-18

 2 -2 -2
 2 2 -2
 Norm Re: 3.38356e-17    Im: -1.17907e-18

 2 -2 -1
 2 2 -1
 Norm Re: -1.40438e-17    Im: 7.39885e-18

 2 -2 0
 2 2 0
 Norm Re: 5.2772e-18    Im: -6.24779e-18

 2 -2 1
 2 2 1
 Norm Re: 3.26592e-18    Im: 1.08473e-18

 2 -2 2
 2 2 2
 Norm Re: -2.34692e-18    Im: 1.00407e-17



 2 0 0
 0 0 0
 Norm Re: -1.03196e-16    Im: 9.16422e-17

 2 0 -1
 1 0 -1
 Norm Re: -6.75593e-18    Im: -4.9033e-17

 2 0 0
 1 0 0
 Norm Re: 3.21059e-17    Im: -8.83625e-18

 2 0 1
 1 0 1
 Norm Re: 5.62972e-17    Im: 5.29633e-17

 2 0 -2
 2 -2 -2
 Norm Re: -1.99425e-17    Im: -9.45966e-18

 2 0 -1
 2 -2 -1
 Norm Re: -1.82281e-18    Im: -2.05321e-18

 2 0 0
 2 -2 0
 Norm Re: 1.29765e-18    Im: 2.49705e-18

 2 0 1
 2 -2 1
 Norm Re: 5.25965e-18    Im: -1.05773e-18

 2 0 2
 2 -2 2
 Norm Re: 6.1344e-18    Im: -7.73857e-18

 2 0 -2
 2 0 -2
 Norm Re: 1    Im: 0

 2 0 -1
 2 0 -1
 Norm Re: 2.74439e-17    Im: 9.15067e-17

 2 0 0
 2 0 0
 Norm Re: 4.29615e-17    Im: 2.0383e-17

 2 0 1
 2 0 1
 Norm Re: 1.56599e-17    Im: 1.36609e-17

 2 0 2
 2 0 2
 Norm Re: 1.23111e-16    Im: 1.34001e-18

 2 0 -2
 2 2 -2
 Norm Re: -2.35158e-17    Im: 2.33111e-18

 2 0 -1
 2 2 -1
 Norm Re: 6.51284e-18    Im: 8.51374e-18

 2 0 0
 2 2 0
 Norm Re: 2.2277e-18    Im: -2.25311e-19

 2 0 1
 2 2 1
 Norm Re: 6.11219e-18    Im: -1.04016e-18

 2 0 2
 2 2 2
 Norm Re: 1.73472e-18    Im: -2.62919e-18



 2 0 0
 0 0 0
 Norm Re: 4.34765e-17    Im: 5.94143e-17

 2 0 -1
 1 0 -1
 Norm Re: 1.1872e-17    Im: -1.69407e-18

 2 0 0
 1 0 0
 Norm Re: -2.92735e-17    Im: -5.20417e-17

 2 0 1
 1 0 1
 Norm Re: -2.1684e-19    Im: 6.50521e-19

 2 0 -2
 2 -2 -2
 Norm Re: 2.92735e-18    Im: -1.30104e-18

 2 0 -1
 2 -2 -1
 Norm Re: 1.76047e-17    Im: 9.37835e-18

 2 0 0
 2 -2 0
 Norm Re: 1.95834e-18    Im: -2.49366e-18

 2 0 1
 2 -2 1
 Norm Re: 1.67035e-18    Im: -3.43557e-18

 2 0 2
 2 -2 2
 Norm Re: 2.19519e-18    Im: 4.36354e-18

 2 0 -2
 2 0 -2
 Norm Re: 2.74439e-17    Im: -9.15067e-17

 2 0 -1
 2 0 -1
 Norm Re: 1    Im: 0

 2 0 0
 2 0 0
 Norm Re: -1.06252e-17    Im: -6.67869e-17

 2 0 1
 2 0 1
 Norm Re: -1.34875e-16    Im: 5.80048e-17

 2 0 2
 2 0 2
 Norm Re: -1.56599e-17    Im: -1.36609e-17

 2 0 -2
 2 2 -2
 Norm Re: 7.72494e-19    Im: -5.42673e-18

 2 0 -1
 2 2 -1
 Norm Re: 1.90879e-17    Im: -1.67713e-18

 2 0 0
 2 2 0
 Norm Re: -1.10792e-18    Im: -3.79471e-19

 2 0 1
 2 2 1
 Norm Re: 2.92735e-18    Im: -1.65341e-18

 2 0 2
 2 2 2
 Norm Re: 2.1684e-19    Im: -2.38524e-18



 2 0 0
 0 0 0
 Norm Re: 2.8302e-15    Im: 0

 2 0 -1
 1 0 -1
 Norm Re: 3.54534e-17    Im: 2.9924e-17

 2 0 0
 1 0 0
 Norm Re: 3.46945e-18    Im: 0

 2 0 1
 1 0 1
 Norm Re: -3.54534e-17    Im: 2.9924e-17

 2 0 -2
 2 -2 -2
 Norm Re: 5.63785e-18    Im: 6.07153e-18

 2 0 -1
 2 -2 -1
 Norm Re: 5.42101e-20    Im: -3.36103e-18

 2 0 0
 2 -2 0
 Norm Re: 5.71917e-18    Im: -2.27682e-18

 2 0 1
 2 -2 1
 Norm Re: 1.80587e-18    Im: -1.33662e-18

 2 0 2
 2 -2 2
 Norm Re: 3.85231e-18    Im: 9.34913e-19

 2 0 -2
 2 0 -2
 Norm Re: 4.29615e-17    Im: -2.0383e-17

 2 0 -1
 2 0 -1
 Norm Re: -1.06252e-17    Im: 6.67869e-17

 2 0 0
 2 0 0
 Norm Re: 1    Im: 0

 2 0 1
 2 0 1
 Norm Re: 1.06252e-17    Im: 6.67869e-17

 2 0 2
 2 0 2
 Norm Re: 4.29615e-17    Im: 2.0383e-17

 2 0 -2
 2 2 -2
 Norm Re: 3.85231e-18    Im: -9.34913e-19

 2 0 -1
 2 2 -1
 Norm Re: -1.80587e-18    Im: -1.33662e-18

 2 0 0
 2 2 0
 Norm Re: 5.71917e-18    Im: 2.27682e-18

 2 0 1
 2 2 1
 Norm Re: -5.42101e-20    Im: -3.36103e-18

 2 0 2
 2 2 2
 Norm Re: 5.63785e-18    Im: -6.07153e-18



 2 0 0
 0 0 0
 Norm Re: -4.34765e-17    Im: 5.94143e-17

 2 0 -1
 1 0 -1
 Norm Re: -2.1684e-19    Im: -6.50521e-19

 2 0 0
 1 0 0
 Norm Re: 2.92735e-17    Im: -5.20417e-17

 2 0 1
 1 0 1
 Norm Re: 1.1872e-17    Im: 1.69407e-18

 2 0 -2
 2 -2 -2
 Norm Re: -2.1684e-19    Im: -2.38524e-18

 2 0 -1
 2 -2 -1
 Norm Re: 2.92735e-18    Im: 1.65341e-18

 2 0 0
 2 -2 0
 Norm Re: 1.10792e-18    Im: -3.79471e-19

 2 0 1
 2 -2 1
 Norm Re: 1.90879e-17    Im: 1.67713e-18

 2 0 2
 2 -2 2
 Norm Re: -7.72494e-19    Im: -5.42673e-18

 2 0 -2
 2 0 -2
 Norm Re: 1.56599e-17    Im: -1.36609e-17

 2 0 -1
 2 0 -1
 Norm Re: -1.34875e-16    Im: -5.80048e-17

 2 0 0
 2 0 0
 Norm Re: 1.06252e-17    Im: -6.67869e-17

 2 0 1
 2 0 1
 Norm Re: 1    Im: 0

 2 0 2
 2 0 2
 Norm Re: -2.74439e-17    Im: -9.15067e-17

 2 0 -2
 2 2 -2
 Norm Re: -2.19519e-18    Im: 4.36354e-18

 2 0 -1
 2 2 -1
 Norm Re: 1.67035e-18    Im: 3.43557e-18

 2 0 0
 2 2 0
 Norm Re: -1.95834e-18    Im: -2.49366e-18

 2 0 1
 2 2 1
 Norm Re: 1.76047e-17    Im: -9.37835e-18

 2 0 2
 2 2 2
 Norm Re: -2.92735e-18    Im: -1.30104e-18



 2 0 0
 0 0 0
 Norm Re: -1.03196e-16    Im: -9.16422e-17

 2 0 -1
 1 0 -1
 Norm Re: -5.62972e-17    Im: 5.29633e-17

 2 0 0
 1 0 0
 Norm Re: 3.21059e-17    Im: 8.83625e-18

 2 0 1
 1 0 1
 Norm Re: 6.75593e-18    Im: -4.9033e-17

 2 0 -2
 2 -2 -2
 Norm Re: 1.73472e-18    Im: 2.62919e-18

 2 0 -1
 2 -2 -1
 Norm Re: -6.11219e-18    Im: -1.04016e-18

 2 0 0
 2 -2 0
 Norm Re: 2.2277e-18    Im: 2.25311e-19

 2 0 1
 2 -2 1
 Norm Re: -6.51284e-18    Im: 8.51374e-18

 2 0 2
 2 -2 2
 Norm Re: -2.35158e-17    Im: -2.33111e-18

 2 0 -2
 2 0 -2
 Norm Re: 1.23111e-16    Im: -1.34001e-18

 2 0 -1
 2 0 -1
 Norm Re: -1.56599e-17    Im: 1.36609e-17

 2 0 0
 2 0 0
 Norm Re: 4.29615e-17    Im: -2.0383e-17

 2 0 1
 2 0 1
 Norm Re: -2.74439e-17    Im: 9.15067e-17

 2 0 2
 2 0 2
 Norm Re: 1    Im: 0

 2 0 -2
 2 2 -2
 Norm Re: 6.1344e-18    Im: 7.73857e-18

 2 0 -1
 2 2 -1
 Norm Re: -5.25965e-18    Im: -1.05773e-18

 2 0 0
 2 2 0
 Norm Re: 1.29765e-18    Im: -2.49705e-18

 2 0 1
 2 2 1
 Norm Re: 1.82281e-18    Im: -2.05321e-18

 2 0 2
 2 2 2
 Norm Re: -1.99425e-17    Im: 9.45966e-18



 2 2 0
 0 0 0
 Norm Re: 6.31675e-19    Im: 2.36852e-19

 2 2 -1
 1 0 -1
 Norm Re: 3.11078e-18    Im: -1.38606e-18

 2 2 0
 1 0 0
 Norm Re: 3.93256e-18    Im: 4.86832e-19

 2 2 1
 1 0 1
 Norm Re: 2.20234e-18    Im: 3.97804e-18

 2 2 -2
 2 -2 -2
 Norm Re: -2.34692e-18    Im: -1.00407e-17

 2 2 -1
 2 -2 -1
 Norm Re: -3.26592e-18    Im: 1.08473e-18

 2 2 0
 2 -2 0
 Norm Re: 5.2772e-18    Im: 6.24779e-18

 2 2 1
 2 -2 1
 Norm Re: 1.40438e-17    Im: 7.39885e-18

 2 2 2
 2 -2 2
 Norm Re: 3.38356e-17    Im: 1.17907e-18

 2 2 -2
 2 0 -2
 Norm Re: -2.35158e-17    Im: -2.33111e-18

 2 2 -1
 2 0 -1
 Norm Re: 7.72494e-19    Im: 5.42673e-18

 2 2 0
 2 0 0
 Norm Re: 3.85231e-18    Im: 9.34913e-19

 2 2 1
 2 0 1
 Norm Re: -2.19519e-18    Im: -4.36354e-18

 2 2 2
 2 0 2
 Norm Re: 6.1344e-18    Im: -7.73857e-18

 2 2 -2
 2 2 -2
 Norm Re: 1    Im: 0

 2 2 -1
 2 2 -1
 Norm Re: -2.68645e-17    Im: 4.89339e-17

 2 2 0
 2 2 0
 Norm Re: -7.97049e-17    Im: 9.32369e-18

 2 2 1
 2 2 1
 Norm Re: -2.7963e-17    Im: -1.43108e-17

 2 2 2
 2 2 2
 Norm Re: -4.9147e-18    Im: 1.11791e-17



 2 2 0
 0 0 0
 Norm Re: -3.88958e-18    Im: 1.61953e-18

 2 2 -1
 1 0 -1
 Norm Re: -4.21833e-17    Im: -9.48846e-18

 2 2 0
 1 0 0
 Norm Re: 7.52165e-19    Im: 1.84653e-19

 2 2 1
 1 0 1
 Norm Re: -5.0966e-18    Im: 7.08331e-18

 2 2 -2
 2 -2 -2
 Norm Re: 7.52165e-19    Im: 2.57498e-18

 2 2 -1
 2 -2 -1
 Norm Re: 5.92415e-18    Im: 4.12954e-17

 2 2 0
 2 -2 0
 Norm Re: -2.98865e-18    Im: 6.8597e-18

 2 2 1
 2 -2 1
 Norm Re: -3.44372e-17    Im: 2.64272e-18

 2 2 2
 2 -2 2
 Norm Re: -1.40438e-17    Im: -7.39885e-18

 2 2 -2
 2 0 -2
 Norm Re: 6.51284e-18    Im: -8.51374e-18

 2 2 -1
 2 0 -1
 Norm Re: 1.90879e-17    Im: 1.67713e-18

 2 2 0
 2 0 0
 Norm Re: -1.80587e-18    Im: 1.33662e-18

 2 2 1
 2 0 1
 Norm Re: 1.67035e-18    Im: -3.43557e-18

 2 2 2
 2 0 2
 Norm Re: -5.25965e-18    Im: 1.05773e-18

 2 2 -2
 2 2 -2
 Norm Re: -2.68645e-17    Im: -4.89339e-17

 2 2 -1
 2 2 -1
 Norm Re: 1    Im: 0

 2 2 0
 2 2 0
 Norm Re: -4.88319e-17    Im: -4.48091e-18

 2 2 1
 2 2 1
 Norm Re: 1.96457e-17    Im: 3.75295e-17

 2 2 2
 2 2 2
 Norm Re: -2.9304e-17    Im: -1.43453e-17



 2 2 0
 0 0 0
 Norm Re: -2.35136e-18    Im: 6.60008e-18

 2 2 -1
 1 0 -1
 Norm Re: 3.32037e-18    Im: 4.5401e-18

 2 2 0
 1 0 0
 Norm Re: 8.51776e-18    Im: 6.23416e-19

 2 2 1
 1 0 1
 Norm Re: -4.85858e-18    Im: -1.95834e-18

 2 2 -2
 2 -2 -2
 Norm Re: 2.62919e-18    Im: 3.00866e-18

 2 2 -1
 2 -2 -1
 Norm Re: 2.99511e-18    Im: -3.01544e-19

 2 2 0
 2 -2 0
 Norm Re: 8.68344e-17    Im: -6.75932e-19

 2 2 1
 2 -2 1
 Norm Re: 2.98865e-18    Im: -6.8597e-18

 2 2 2
 2 -2 2
 Norm Re: 5.2772e-18    Im: 6.24779e-18

 2 2 -2
 2 0 -2
 Norm Re: 2.2277e-18    Im: 2.25311e-19

 2 2 -1
 2 0 -1
 Norm Re: -1.10792e-18    Im: 3.79471e-19

 2 2 0
 2 0 0
 Norm Re: 5.71917e-18    Im: -2.27682e-18

 2 2 1
 2 0 1
 Norm Re: -1.95834e-18    Im: 2.49366e-18

 2 2 2
 2 0 2
 Norm Re: 1.29765e-18    Im: 2.49705e-18

 2 2 -2
 2 2 -2
 Norm Re: -7.97049e-17    Im: -9.32369e-18

 2 2 -1
 2 2 -1
 Norm Re: -4.88319e-17    Im: 4.48091e-18

 2 2 0
 2 2 0
 Norm Re: 1    Im: 0

 2 2 1
 2 2 1
 Norm Re: -1.75099e-17    Im: -2.7803e-17

 2 2 2
 2 2 2
 Norm Re: -4.19383e-17    Im: -4.33681e-18



 2 2 0
 0 0 0
 Norm Re: 1.6263e-18    Im: -5.04154e-18

 2 2 -1
 1 0 -1
 Norm Re: 1.11131e-17    Im: 3.83537e-18

 2 2 0
 1 0 0
 Norm Re: 4.60786e-19    Im: 4.33681e-19

 2 2 1
 1 0 1
 Norm Re: 3.83943e-17    Im: 1.80791e-17

 2 2 -2
 2 -2 -2
 Norm Re: -6.88468e-18    Im: 1.30104e-18

 2 2 -1
 2 -2 -1
 Norm Re: -2.64003e-17    Im: -1.47994e-17

 2 2 0
 2 -2 0
 Norm Re: -2.99511e-18    Im: 3.01544e-19

 2 2 1
 2 -2 1
 Norm Re: 5.92415e-18    Im: 4.12954e-17

 2 2 2
 2 -2 2
 Norm Re: 3.26592e-18    Im: -1.08473e-18

 2 2 -2
 2 0 -2
 Norm Re: 6.11219e-18    Im: 1.04016e-18

 2 2 -1
 2 0 -1
 Norm Re: 2.92735e-18    Im: 1.65341e-18

 2 2 0
 2 0 0
 Norm Re: -5.42101e-20    Im: 3.36103e-18

 2 2 1
 2 0 1
 Norm Re: 1.76047e-17    Im: 9.37835e-18

 2 2 2
 2 0 2
 Norm Re: 1.82281e-18    Im: 2.05321e-18

 2 2 -2
 2 2 -2
 Norm Re: -2.7963e-17    Im: 1.43108e-17

 2 2 -1
 2 2 -1
 Norm Re: 1.96457e-17    Im: -3.75295e-17

 2 2 0
 2 2 0
 Norm Re: -1.75099e-17    Im: 2.7803e-17

 2 2 1
 2 2 1
 Norm Re: 1    Im: 0

 2 2 2
 2 2 2
 Norm Re: -2.48282e-17    Im: -3.7405e-17



 2 2 0
 0 0 0
 Norm Re: 8.89046e-18    Im: 6.17995e-18

 2 2 -1
 1 0 -1
 Norm Re: 6.50521e-19    Im: 7.37257e-18

 2 2 0
 1 0 0
 Norm Re: 1.25767e-17    Im: -3.46945e-18

 2 2 1
 1 0 1
 Norm Re: 3.63208e-18    Im: 1.84314e-18

 2 2 -2
 2 -2 -2
 Norm Re: 1.56125e-17    Im: -1.30104e-18

 2 2 -1
 2 -2 -1
 Norm Re: 6.88468e-18    Im: -1.30104e-18

 2 2 0
 2 -2 0
 Norm Re: 2.62919e-18    Im: 3.00866e-18

 2 2 1
 2 -2 1
 Norm Re: -7.52165e-19    Im: -2.57498e-18

 2 2 2
 2 -2 2
 Norm Re: -2.34692e-18    Im: -1.00407e-17

 2 2 -2
 2 0 -2
 Norm Re: 1.73472e-18    Im: 2.62919e-18

 2 2 -1
 2 0 -1
 Norm Re: 2.1684e-19    Im: 2.38524e-18

 2 2 0
 2 0 0
 Norm Re: 5.63785e-18    Im: 6.07153e-18

 2 2 1
 2 0 1
 Norm Re: -2.92735e-18    Im: 1.30104e-18

 2 2 2
 2 0 2
 Norm Re: -1.99425e-17    Im: -9.45966e-18

 2 2 -2
 2 2 -2
 Norm Re: -4.9147e-18    Im: -1.11791e-17

 2 2 -1
 2 2 -1
 Norm Re: -2.9304e-17    Im: 1.43453e-17

 2 2 0
 2 2 0
 Norm Re: -4.19383e-17    Im: 4.33681e-18

 2 2 1
 2 2 1
 Norm Re: -2.48282e-17    Im: 3.7405e-17

 2 2 2
 2 2 2
 Norm Re: 1    Im: 0



