       -0.9955569698        0.7490827269
       -0.9766639215        0.7332724523
       -0.9429745712        0.7062464611
       -0.8949919979        0.6702312195
       -0.8334426288        0.6280567348
       -0.7592592630        0.5828180718
       -0.6735663685        0.5375578435
       -0.5776629302        0.4950152965
       -0.4730027314        0.4574691464
       -0.3611723058        0.4266766077
       -0.2438668837        0.4038902616
       -0.1228646926        0.3899218136
     6.123233996e-17        0.3852184251
        0.1228646926        0.3899218136
        0.2438668837        0.4038902616
        0.3611723058        0.4266766077
        0.4730027314        0.4574691464
        0.5776629302        0.4950152965
        0.6735663685        0.5375578435
        0.7592592630        0.5828180718
        0.8334426288        0.6280567348
        0.8949919979        0.6702312195
        0.9429745712        0.7062464611
        0.9766639215        0.7332724523
        0.9955569698        0.7490827269
