       -0.9955569698        0.5840516391
       -0.9766639215        0.5790937569
       -0.9429745712        0.5705354579
       -0.8949919979        0.5589599354
       -0.8334426288        0.5451418167
       -0.7592592630        0.5299805092
       -0.6735663685        0.5144303062
       -0.5776629302        0.4994338122
       -0.4730027314        0.4858645889
       -0.3611723058        0.4744823699
       -0.2438668837        0.4659014945
       -0.1228646926        0.4605710212
     6.123233996e-17        0.4587637295
        0.1228646926        0.4605710212
        0.2438668837        0.4659014945
        0.3611723058        0.4744823699
        0.4730027314        0.4858645889
        0.5776629302        0.4994338122
        0.6735663685        0.5144303062
        0.7592592630        0.5299805092
        0.8334426288        0.5451418167
        0.8949919979        0.5589599354
        0.9429745712        0.5705354579
        0.9766639215        0.5790937569
        0.9955569698        0.5840516391
