0.0313035 0.0313157 7.634e-05 
0.0313197 0.164171 3.36589e-05 
0.0313152 0.40028 1.74975e-05 
0.0313061 0.734867 1.14118e-05 
0.0313073 1.16083 2.62581e-05 
0.0313111 1.66827 2.35761e-05 
0.0313102 2.24568 0.0003312 
0.0312955 2.8854 0.00581056 
0.0313037 3.56629 0.0184003 
0.0313225 4.28024 0.015161 
0.0313175 5.0114 0.00642566 
0.0313111 5.74037 0.00202768 
0.0313216 6.45273 0.000915549 
0.0313077 7.13908 0.000874821 
0.0313191 7.77324 0.000672247 
0.0313165 8.35729 0.000571227 
0.0313209 8.86164 0.000330733 
0.0312972 9.28851 0.000170691 
0.0313021 9.61729 9.2385e-05 
0.0313055 9.85365 4.53729e-05 
0.164298 0.0313194 3.81758e-05 
0.164183 0.164227 4.75585e-05 
0.164264 0.400374 1.62492e-05 
0.164226 0.734433 8.58774e-06 
0.164292 1.16081 8.29316e-06 
0.164185 1.66831 2.60453e-05 
0.164197 2.24719 0.000584632 
0.164211 2.88562 0.00894983 
0.164193 3.56664 0.0219652 
0.164196 4.28225 0.0159427 
0.164235 5.01163 0.00664461 
0.164211 5.74266 0.00197806 
0.164273 6.45526 0.000868708 
0.164218 7.13513 0.000593433 
0.16429 7.77219 0.000439264 
0.164244 8.35322 0.000454611 
0.164185 8.86395 0.000221206 
0.164212 9.28445 0.000153809 
0.164184 9.62203 6.56846e-05 
0.164167 9.86197 3.94587e-05 
0.400219 0.0313067 1.66798e-05 
0.400563 0.164292 1.82628e-05 
0.400322 0.400469 1.17141e-05 
0.400287 0.734575 2.91698e-06 
0.400267 1.15991 1.32117e-05 
0.400219 1.6684 0.000100911 
0.400467 2.24581 0.0017335 
0.40019 2.88459 0.0163823 
0.400265 3.56867 0.0258972 
0.400432 4.28345 0.0166704 
0.400473 5.0088 0.00719357 
0.400377 5.73781 0.00231665 
0.400251 6.45382 0.000837488 
0.400398 7.13898 0.000551354 
0.400232 7.77881 0.000466374 
0.400525 8.35066 0.000402287 
0.40019 8.8647 0.000214453 
0.40017 9.29092 0.00013962 
0.400241 9.61825 5.73443e-05 
0.400534 9.86111 4.30741e-05 
0.73481 0.0313093 1.35263e-05 
0.73491 0.164155 7.27902e-06 
0.734961 0.400291 6.93244e-06 
0.734828 0.735049 9.84077e-06 
0.734867 1.15977 3.66947e-05 
0.735017 1.66862 0.000620361 
0.735015 2.24784 0.00851593 
0.735068 2.88592 0.02702 
0.73477 3.56641 0.0276441 
0.735058 4.27964 0.016949 
0.734587 5.01149 0.00771683 
0.734919 5.73918 0.00302041 
0.734575 6.45132 0.00111379 
0.734569 7.13823 0.000471425 
0.735118 7.77322 0.000265652 
0.734933 8.35056 0.000243779 
0.73484 8.86535 0.000155638 
0.734652 9.29022 0.000123664 
0.734407 9.62 4.64339e-05 
0.735017 9.85533 3.32944e-05 
1.16029 0.0313063 2.90704e-05 
1.16056 0.164169 3.28428e-05 
1.15978 0.400335 5.14933e-05 
1.16051 0.734873 4.85855e-05 
1.15994 1.16044 0.000225648 
1.16058 1.66763 0.0036944 
1.15996 2.24771 0.0210795 
1.16049 2.88383 0.0322293 
1.15983 3.56675 0.0256189 
1.16053 4.27971 0.0153544 
1.16015 5.01122 0.0073933 
1.1605 5.73901 0.00334067 
1.16006 6.45297 0.00140328 
1.16087 7.13361 0.000648185 
1.16011 7.7725 0.000349273 
1.16084 8.35729 0.000288731 
1.16054 8.85806 0.000152675 
1.16017 9.28954 9.34339e-05 
1.16079 9.62497 3.5601e-05 
1.16065 9.85843 2.11485e-05 
1.66859 0.0313197 0.000274261 
1.66791 0.164233 0.000211216 
1.66754 0.400515 0.000388993 
1.66785 0.735028 0.00106769 
1.66756 1.15994 0.00267695 
1.66829 1.66731 0.0114396 
1.6679 2.24752 0.0265421 
1.66738 2.88373 0.0285795 
1.66728 3.56632 0.0210476 
1.66762 4.2833 0.0127523 
1.66812 5.01253 0.00631698 
1.66791 5.73928 0.00326711 
1.66818 6.45477 0.00172671 
1.66733 7.13411 0.000999966 
1.66816 7.77387 0.00063667 
1.66763 8.35037 0.000516877 
1.66864 8.86215 0.00026574 
1.66818 9.28942 0.000165183 
1.66734 9.62517 5.54721e-05 
1.66794 9.85508 4.94205e-05 
2.2466 0.0313172 0.00528407 
2.24619 0.164192 0.00683342 
2.24708 0.400563 0.010335 
2.24766 0.734505 0.023502 
2.24565 1.16064 0.0240973 
2.2463 1.66727 0.0165157 
2.24726 2.24575 0.0203485 
2.24786 2.88513 0.0221418 
2.24671 3.56891 0.0178478 
2.24586 4.28095 0.0114015 
2.24712 5.01239 0.00601302 
2.24576 5.73766 0.00348512 
2.2474 6.45531 0.00214191 
2.24591 7.1378 0.00147204 
2.24683 7.77566 0.000982792 
2.24632 8.35704 0.000793377 
2.24602 8.86239 0.000424083 
2.24703 9.28788 0.000266216 
2.24751 9.61735 8.48939e-05 
2.24772 9.8547 6.9586e-05 
2.88374 0.0313171 0.0849377 
2.88412 0.164283 0.107781 
2.88544 0.400433 0.126601 
2.88383 0.734976 0.113958 
2.8855 1.16009 0.0636032 
2.88366 1.6681 0.0229163 
2.88503 2.2474 0.0128113 
2.88366 2.88424 0.0163828 
2.88434 3.56665 0.0166992 
2.88462 4.27997 0.01171 
2.88313 5.01024 0.00667323 
2.88397 5.74159 0.0041011 
2.88496 6.45441 0.00243331 
2.88506 7.13937 0.00158092 
2.88398 7.77606 0.00102826 
2.88462 8.35666 0.000723777 
2.88494 8.86158 0.000351489 
2.88413 9.28902 0.000207051 
2.88504 9.61815 7.01112e-05 
2.88327 9.85979 5.0077e-05 
3.56803 0.0313131 0.310787 
3.56583 0.16414 0.299204 
3.56676 0.400431 0.249019 
3.56647 0.734655 0.16139 
3.56896 1.16049 0.0791258 
3.56898 1.66739 0.02843 
3.56762 2.2475 0.0102383 
3.56905 2.88364 0.0113151 
3.56834 3.56892 0.0136446 
3.56846 4.2833 0.0100783 
3.56913 5.0111 0.00578949 
3.56759 5.74053 0.00332089 
3.56868 6.4561 0.00189536 
3.56817 7.14069 0.0010448 
3.56698 7.77784 0.000542655 
3.5681 8.35596 0.000300537 
3.56866 8.85931 0.000137255 
3.5675 9.2839 8.42795e-05 
3.56891 9.62508 3.16799e-05 
3.5673 9.85906 3.14313e-05 
4.28207 0.031308 0.329818 
4.28179 0.164144 0.282486 
4.28153 0.400502 0.208771 
4.27979 0.734764 0.132341 
4.27952 1.16067 0.0690537 
4.28204 1.66783 0.0285653 
4.28108 2.2462 0.010127 
4.27938 2.88515 0.00664687 
4.28279 3.5679 0.00731523 
4.28135 4.28357 0.00521772 
4.27963 5.01154 0.00294031 
4.28026 5.73862 0.00163257 
4.28326 6.45561 0.00080065 
4.28119 7.13966 0.000338822 
4.28337 7.77803 0.000131045 
4.28074 8.3541 4.80953e-05 
4.28135 8.8654 2.49731e-05 
4.2831 9.29133 3.32993e-05 
4.28127 9.62418 1.36819e-05 
4.28318 9.85557 1.27024e-05 
5.01316 0.0313016 0.205494 
5.01114 0.16423 0.175414 
5.00929 0.40036 0.130631 
5.01161 0.735078 0.0860075 
5.01137 1.16073 0.0493157 
5.0102 1.66741 0.0235574 
5.0113 2.24716 0.0093347 
5.00863 2.8847 0.00405912 
5.00955 3.56589 0.00316161 
5.00838 4.28326 0.00209048 
5.01219 5.01278 0.00119073 
5.0092 5.73993 0.000628267 
5.01232 6.45497 0.00029871 
5.00911 7.13568 0.000134566 
5.01017 7.77803 4.24736e-05 
5.01072 8.35189 1.68775e-05 
5.00895 8.86465 1.74034e-05 
5.01193 9.29093 1.93293e-05 
5.00975 9.61828 6.06255e-06 
5.01147 9.85477 7.28414e-06 
5.73866 0.0313208 0.113699 
5.73828 0.164158 0.0954232 
5.74108 0.400535 0.0715443 
5.74088 0.734456 0.0503022 
5.74021 1.16024 0.0327065 
5.73876 1.6686 0.0182264 
5.73845 2.24572 0.0082555 
5.74203 2.88526 0.00339073 
5.74309 3.56595 0.00179696 
5.73851 4.28214 0.00118297 
5.73924 5.01279 0.000754841 
5.73932 5.73764 0.000439879 
5.74197 6.45535 0.000211092 
5.74255 7.13582 7.44387e-05 
5.73907 7.77733 1.80416e-05 
5.74075 8.35006 2.07642e-05 
5.73826 8.85915 2.89631e-05 
5.74074 9.28289 3.52602e-05 
5.74278 9.61722 2.04211e-05 
5.74005 9.85556 1.87034e-05 
6.45193 0.0313095 0.0575518 
6.45611 0.164291 0.0482565 
6.4546 0.400461 0.0379051 
6.45255 0.73487 0.028021 
6.45095 1.16081 0.0190744 
6.45217 1.66795 0.0118481 
6.45283 2.24717 0.00615598 
6.4537 2.88386 0.00291984 
6.45299 3.56659 0.00161323 
6.45251 4.28224 0.001082 
6.4563 5.0126 0.000731801 
6.45292 5.74119 0.000375103 
6.45632 6.45246 0.000165903 
6.45132 7.13726 8.55149e-05 
6.45479 7.77517 5.19553e-05 
6.45703 8.35577 3.76524e-05 
6.45317 8.85737 3.04766e-05 
6.45088 9.28687 3.38122e-05 
6.45541 9.62457 1.53056e-05 
6.45386 9.8538 1.27881e-05 
7.13704 0.0313201 0.0304832 
7.13419 0.164179 0.0247309 
7.13795 0.400206 0.0194684 
7.13978 0.734527 0.0152374 
7.13899 1.16063 0.0107444 
7.13772 1.66831 0.0070981 
7.14017 2.24586 0.00436978 
7.14034 2.88338 0.00253102 
7.1353 3.56871 0.00153728 
7.13892 4.2805 0.00111407 
7.14028 5.01215 0.000689851 
7.14059 5.74221 0.000326644 
7.13853 6.45379 0.000155729 
7.13826 7.1359 0.000126679 
7.13452 7.77167 9.43244e-05 
7.13457 8.35512 7.10932e-05 
7.13987 8.86214 3.77862e-05 
7.13836 9.28726 3.20822e-05 
7.14032 9.62407 1.01279e-05 
7.13386 9.85811 1.39258e-05 
7.77268 0.0313054 0.0143486 
7.77344 0.16421 0.0118907 
7.77609 0.400219 0.00953307 
7.77169 0.734978 0.00741264 
7.77636 1.16079 0.00511739 
7.77153 1.66716 0.00347274 
7.77242 2.24773 0.00230972 
7.77406 2.8848 0.00154986 
7.77648 3.56775 0.00105735 
7.77743 4.28178 0.000807405 
7.77276 5.01229 0.000463368 
7.77401 5.73792 0.000175305 
7.77405 6.45567 0.000120472 
7.77764 7.13952 0.000156665 
7.77598 7.77505 0.000118277 
7.77494 8.35445 8.86689e-05 
7.77127 8.86368 3.88816e-05 
7.77212 9.28368 2.93562e-05 
7.77708 9.6248 1.36101e-05 
7.77247 9.8596 1.43294e-05 
8.35049 0.031319 0.00724013 
8.35362 0.164183 0.00594514 
8.35202 0.400432 0.00458725 
8.35147 0.734777 0.0035287 
8.35743 1.15989 0.00249911 
8.3543 1.66815 0.00183204 
8.35156 2.24716 0.00141734 
8.35657 2.88543 0.00104428 
8.34985 3.56793 0.000766598 
8.35599 4.28263 0.000540386 
8.35025 5.01274 0.000306647 
8.35111 5.73942 0.000112314 
8.35278 6.45502 0.000108367 
8.35233 7.13979 0.000174552 
8.35048 7.7773 0.000136618 
8.35294 8.35268 9.10984e-05 
8.35189 8.8623 4.40196e-05 
8.35714 9.28636 3.88255e-05 
8.35525 9.62111 1.37418e-05 
8.35206 9.85524 1.37397e-05 
8.86209 0.0313006 0.00301768 
8.86362 0.164218 0.00240895 
8.85869 0.400513 0.00171562 
8.85958 0.73454 0.00130076 
8.86496 1.16006 0.000967445 
8.86275 1.66823 0.000757287 
8.85738 2.2478 0.000647456 
8.85798 2.88557 0.000528827 
8.86579 3.56774 0.000390653 
8.86111 4.28286 0.000282053 
8.86329 5.01036 0.000137781 
8.86441 5.73824 4.61886e-05 
8.85985 6.45308 7.54768e-05 
8.86103 7.13816 0.000121542 
8.86106 7.77525 9.44818e-05 
8.85936 8.35121 5.23508e-05 
8.86092 8.85908 2.61728e-05 
8.85892 9.28559 2.51674e-05 
8.86076 9.61998 9.64893e-06 
8.85782 9.86101 1.25761e-05 
9.29151 0.0313075 0.00158581 
9.28402 0.164198 0.00115142 
9.29028 0.400442 0.000868566 
9.28593 0.734508 0.00063678 
9.28331 1.16043 0.00053811 
9.28336 1.66853 0.000470304 
9.2898 2.24634 0.000396518 
9.28658 2.88462 0.000340639 
9.29136 3.56925 0.000272385 
9.28254 4.27954 0.000165398 
9.2907 5.00853 7.71203e-05 
9.28405 5.73862 3.40823e-05 
9.28813 6.45132 6.21032e-05 
9.28614 7.13687 9.81884e-05 
9.29011 7.77542 7.098e-05 
9.28981 8.35523 4.49317e-05 
9.29129 8.86119 2.67805e-05 
9.28567 9.29099 1.37224e-05 
9.28331 9.62534 6.5316e-06 
9.28413 9.86211 9.95784e-06 
9.61754 0.0313169 0.000519003 
9.62157 0.16414 0.000366258 
9.61944 0.40042 0.00024984 
9.62388 0.734431 0.000200371 
9.62005 1.16074 0.000191163 
9.62199 1.6682 0.000158092 
9.62268 2.24707 0.00014846 
9.61676 2.88596 0.000126991 
9.62558 3.56618 0.000105939 
9.62438 4.28056 5.56261e-05 
9.6237 5.01024 2.73093e-05 
9.62339 5.74246 1.37645e-05 
9.6252 6.45198 1.84955e-05 
9.6181 7.14019 3.73e-05 
9.62505 7.77318 3.17322e-05 
9.61817 8.35653 2.16155e-05 
9.61776 8.86099 1.14275e-05 
9.62193 9.28663 8.00102e-06 
9.62543 9.6204 7.83722e-06 
9.61835 9.85488 7.6727e-06 
9.85658 0.0313199 0.000335931 
9.85665 0.16424 0.000188681 
9.85676 0.40037 0.00015731 
9.85321 0.734882 0.000124513 
9.85987 1.16033 0.000134182 
9.85541 1.6682 0.000114433 
9.85761 2.24741 0.000112481 
9.85623 2.88405 9.55971e-05 
9.85482 3.56669 8.09402e-05 
9.85439 4.2811 3.54315e-05 
9.85683 5.01223 2.69551e-05 
9.85316 5.73819 1.30372e-05 
9.85826 6.45422 2.12529e-05 
9.85524 7.13745 2.67274e-05 
9.86135 7.77287 2.04565e-05 
9.86032 8.3536 2.04162e-05 
9.8576 8.86532 1.26478e-05 
9.85934 9.28482 1.02224e-05 
9.85577 9.62099 1.03182e-05 
9.85601 9.85881 1.15961e-05 
