0.00345396
0.0181942
0.0446949
0.0829306
0.132857
0.194415
0.267533
0.352125
0.44809
0.555315
0.673675
0.803029
0.943225
1.0941
1.25547
1.42715
1.60894
1.80062
2.00197
2.21274
2.4327
2.66157
2.8991
3.145
3.39898
3.66075
3.92998
4.20638
4.4896
4.77932
5.0752
5.37688
5.68401
5.99624
6.31318
6.63447
6.95973
7.28857
7.62061
7.95546
8.29272
8.63199
8.97288
9.31498
9.65788
10.0012
10.3445
10.6874
11.0295
11.3704
11.7097
12.0469
12.3818
12.7138
13.0427
13.3679
13.6892
14.0062
14.3184
14.6255
14.9272
15.2231
15.5128
15.796
16.0724
16.3416
16.6034
16.8574
17.1033
17.3408
17.5697
17.7896
18.0004
18.2018
18.3934
18.5752
18.7469
18.9083
19.0592
19.1994
19.3287
19.4471
19.5543
19.6503
19.7349
19.808
19.8695
19.9195
19.9577
19.9843
