0 0 17.63328838716589 0.8920917816269522 inf inf inf
1726.892629323851 0.00546875 17.60487090637942 0.9357409314037702 0.0024291032341164 3.846019282057347e-05 0.001233781713468487
3453.785258647702 0.0109375 17.57993272951487 0.9827596425758198 0.00120035677952942 5.035258881505258e-06 0.0006026960192054629
5180.677887971553 0.01640625 17.5580250490701 1.033451876731651 0.0007905296179880284 -6.351395777248736e-06 0.0003920891111053898
6907.570517295404 0.021875 17.53875904874979 1.088150960773158 0.0005854307165903665 -1.223004373359065e-05 0.0002866003364283879
8634.463146619255 0.02734375 17.52179768863616 1.147222539433242 0.0004622221372160669 -1.590647104309742e-05 0.0002231578330864848
10361.35577594311 0.0328125 17.50684863403161 1.211067831986971 0.0003799581306043947 -1.848237627824397e-05 0.0001807378771630753
12088.24840526696 0.03828125 17.49365816690063 1.280127224956622 0.0003210907196593805 -2.042971481145097e-05 0.0001503305024239648
13815.14103459081 0.04375 17.48200594170978 1.354884235964899 0.000276846093848202 -2.198428631377741e-05 0.0001274309037672123
15542.03366391466 0.04921875 17.47170046706938 1.43586988759725 0.0002423500727002855 -2.327693188813975e-05 0.0001095365704060729
17268.92629323851 0.0546875 17.46257521138746 1.523667534237843 0.0002146782900296098 -2.438601409997255e-05 9.514613796481861e-05
18995.81892256236 0.06015625 17.45448524515574 1.618918189375756 0.0001919699129783646 -2.536127259398419e-05 8.33043201921902e-05
20722.71155188621 0.065625 17.44730434484383 1.722326405898972 0.0001729845005985586 -2.623575284276023e-05 7.33743738778992e-05
22449.60418121006 0.07109375 17.44092249397425 1.834666767438426 0.0001568633884162719 -2.703223014494541e-05 6.491557913566328e-05
24176.49681053391 0.07656249999999999 17.43524372603987 1.956791054966186 0.000142993336038974 -2.776688119644328e-05 5.761322742126536e-05
25903.38943985776 0.08203125 17.43018426172184 2.089636159634199 0.0001309247151115001 -2.845148764155557e-05 5.123661373497227e-05
27630.28206918162 0.08749999999999999 17.42567089955628 2.234232820357299 0.0001203203762815616 -2.909481379942741e-05 4.561278124106711e-05
29357.17469850547 0.09296875 17.42163962493757 2.391715272940721 0.0001109225627073714 -2.970349854532304e-05 4.060953208102419e-05
31084.06732782932 0.0984375 17.41803440727335 2.563331906747827 0.000102530852073879 -3.028265022033441e-05 3.612410092677229e-05
32810.95995715317 0.10390625 17.41480615933505 2.750457035064799 9.498706404778357e-05 -3.083625391515353e-05 3.207540506631502e-05
34537.85258647702 0.109375 17.41191183647883 2.95460389655648 8.816469533012168e-05 -3.136745673466787e-05 2.83986192977269e-05
36264.74521580087 0.11484375 17.40931365652949 3.177439017654685 8.196137316558246e-05 -3.187877165803032e-05 2.504130075377608e-05
37991.63784512472 0.1203125 17.4069784237981 3.420798079467378 7.629336694441951e-05 -3.23722258417542e-05 2.196057055133265e-05
39718.53047444858 0.12578125 17.40487694300435 3.686703448025368 7.109153156957571e-05 -3.28494702258954e-05 1.912103067184015e-05
41445.42310377242 0.13125 17.40298351085127 3.977383543513217 6.629826503380103e-05 -3.331186168685718e-05 1.649320167347192e-05
43172.31573309627 0.13671875 17.40127547469907 4.295294242767061 6.186519626533939e-05 -3.376052538649161e-05 1.405233543942389e-05
44899.20836242013 0.1421875 17.39973284924466 4.64314252991734 5.775140666299475e-05 -3.419640261761481e-05 1.177750202268997e-05
46626.10099174398 0.14765625 17.39833798336957 5.023912632854787 5.392204698277926e-05 -3.462028788002816e-05 9.65087955137555e-06
48352.99362106783 0.153125 17.3970752703986 5.440894908435022 5.034725075909046e-05 -3.503285785861478e-05 7.657196450237843e-06
50079.88625039168 0.15859375 17.39593089594056 5.897717767203072 4.700127269917694e-05 -3.543469424205925e-05 5.783289228558843e-06
51806.77887971553 0.1640625 17.39489261828199 6.398382959337812 4.386179956867099e-05 -3.582630180785672e-05 4.017748880407135e-06
53533.67150903938 0.16953125 17.39394957699267 6.947304577622315 4.090939462643058e-05 -3.620812283472357e-05 2.350635895853507e-06
55260.56413836323 0.175 17.39309212599441 7.549352171071758 3.812704639893245e-05 -3.658054864155927e-05 7.732488786865881e-07
56987.45676768708 0.18046875 17.39231168785441 8.209898404616023 3.549979966306013e-05 -3.694392886105296e-05 -7.220645989964173e-07
58714.34939701093 0.1859375 17.39160062650469 8.934871746532629 3.301445171087552e-05 -3.72985789154709e-05 -2.142063602297692e-06
60441.24202633479 0.19140625 17.39095213596718 9.730814716484021 3.06593008369097e-05 -3.764478605725919e-05 -3.492742610174749e-06
62168.13465565864 0.196875 17.3903601429913 10.60494828359256 2.842393688900221e-05 -3.798281425810397e-05 -4.77943868455088e-06
63895.02728498248 0.20234375 17.38981922179207 11.56524306669106 2.629906591887099e-05 -3.831290817020567e-05 -6.006921125667335e-06
65621.91991430635 0.2078125 17.38932451931989 12.62049805816624 2.427636264410685e-05 -3.863529633736574e-05 -7.179466846629443e-06
67348.81254363019 0.21328125 17.38887168970295 13.78042766957906 2.234834572251649e-05 -3.895019379788989e-05 -8.300924037686704e-06
69075.70517295404 0.21875 17.38845683668401 15.05575798183295 2.050827183928023e-05 -3.925780419311177e-05 -9.374766176915771e-06
70802.59780227789 0.22421875 17.38807646303001 16.45833317706201 1.875004538686009e-05 -3.955832147401943e-05 -1.040413804357967e-05
72529.49043160173 0.2296875 17.38772742602763 18.00123323262334 1.706814113154533e-05 -3.985193128026433e-05 -1.13918950743595e-05
74256.3830609256 0.23515625 17.38740689829516 19.6989040731523 1.545753774492582e-05 -4.013881205264952e-05 -1.234063715386186e-05
75983.27569024944 0.240625 17.38711233324184 21.56730150331784 1.391366046458183e-05 -4.041913592850367e-05 -1.325273773196092e-05
77710.16831957329 0.24609375 17.38684143459319 23.62405038511119 1.243233145696138e-05 -4.069306946072135e-05 -1.413036900187998e-05
79437.06094889715 0.2515625 17.38659212947655 25.88862067846867 1.100972670431931e-05 -4.096077419341934e-05 -1.497552374455001e-05
81163.953578221 0.25703125 17.38636254462679 28.38252213736689 9.642338437623602e-06 -4.122240712186539e-05 -1.579003434212089e-05
82890.84620754485 0.2625 17.38615098532846 31.12951964320768 8.326942301522104e-06 -4.147812105880499e-05 -1.657558937864145e-05
84617.7388368687 0.26796875 17.38595591676036 34.15587136851647 7.060568570282222e-06 -4.172806492555641e-05 -1.73337481776371e-05
86344.63146619254 0.2734374999999999 17.38577594745092 37.49059219769999 5.840476842859196e-06 -4.197238398305071e-05 -1.806595357009576e-05
88071.5240955164 0.27890625 17.38560981458994 41.16574508967911 4.664133735770323e-06 -4.221122001513167e-05 -1.877354313968067e-05
89798.41672484025 0.284375 17.38545637097441 45.21676335245715 3.5291931662535e-06 -4.244471147404895e-05 -1.945775915389772e-05
91525.3093541641 0.28984375 17.38531457339409 49.68280711709503 2.433478880699169e-06 -4.267299359659069e-05 -2.011975735794576e-05
93252.20198348796 0.2953125 17.38518347228682 54.60715764653258 1.374968934179124e-06 -4.289619849721766e-05 -2.076061478151927e-05
94979.09461281181 0.30078125 17.38506220251483 60.03765350440847 3.517818705041153e-07 -4.311445524396588e-05 -2.138133668673088e-05
96705.98724213566 0.30625 17.38494997513143 66.02717303481974 -6.378356123175138e-07 -4.33278899211647e-05 -2.198286276674111e-05
98432.8798714595 0.31171875 17.38484607002393 72.63416808035269 -1.595519695052997e-06 -4.353662568268642e-05 -2.256607268886971e-05
100159.7725007834 0.3171875 17.38474982933214 79.92325438656879 -2.522799327474856e-06 -4.374078279810028e-05 -2.313179106278757e-05
101886.6651301072 0.32265625 17.38466065155449 87.96586472904571 -3.421105113370963e-06 -4.394047869465504e-05 -2.3680791904013e-05
103613.5577594311 0.328125 17.38457798626406 96.84097143072627 -4.29177730764928e-06 -4.413582799592189e-05 -2.421380265178559e-05
105340.4503887549 0.33359375 17.3845013293663 106.6358856554206 -5.136073029373659e-06 -4.432694255879873e-05 -2.47315077940862e-05
107067.3430180788 0.3390625 17.38443021883841 117.4471416518132 -5.955172779617727e-06 -4.451393151019375e-05 -2.523455214490574e-05
108794.2356474026 0.34453125 17.38436423089729 129.3814749840375 -6.750186342347695e-06 -4.469690128356682e-05 -2.572354381295726e-05
110521.1282767265 0.35 17.38430297654929 142.5569047485381 -7.522158135454642e-06 -4.487595565571316e-05 -2.61990568955839e-05
112248.0209060503 0.35546875 17.38424609848061 157.1039308650316 -8.272072073215795e-06 -4.505119578545415e-05 -2.666163392933497e-05
113974.9135353742 0.3609375 17.38419326825155 173.1668586592434 -9.000855990227242e-06 -4.52227202522632e-05 -2.711178812124522e-05
115701.806164698 0.36640625 17.38414418376257 190.9052643227035 -9.709385674847823e-06 -4.539062509717937e-05 -2.75500053860136e-05
117428.6987940219 0.371875 17.38409856696333 210.4956162197272 -1.039848855114892e-05 -4.555500386434005e-05 -2.797674620774449e-05
119155.5914233457 0.37734375 17.38405616177943 232.1330686535091 -1.106894704567177e-05 -4.571594764416554e-05 -2.839244734491865e-05
120882.4840526696 0.3828125 17.38401673223433 256.0334464464325 -1.172150167056908e-05 -4.58735451176765e-05 -2.879752339412279e-05
122609.3766819934 0.38828125 17.3839800607463 282.435440657581 -1.235685385133163e-05 -4.602788260200755e-05 -2.919236822666959e-05
124336.2693113173 0.39375 17.38394594658277 311.6030378981869 -1.297566852279272e-05 -4.617904409633739e-05 -2.957735630956506e-05
126063.1619406411 0.39921875 17.38391420445611 343.8282081771536 -1.357857651741182e-05 -4.632711132971848e-05 -2.995284392356515e-05
127790.054569965 0.4046875 17.38388466324679 379.4338787304839 -1.416617676386534e-05 -4.647216380841087e-05 -3.031917028613811e-05
129516.9471992888 0.41015625 17.3838571648413 418.7772243783558 -1.473903831418847e-05 -4.661427886481249e-05 -3.067665858950048e-05
131243.8398286127 0.415625 17.38383156307354 462.2533080402171 -1.529770221518516e-05 -4.67535317058865e-05 -3.102561696053583e-05
132970.7324579365 0.42109375 17.38380772275967 510.2991087845148 -1.58426832379615e-05 -4.688999546262361e-05 -3.136633935029256e-05
134697.6250872604 0.4265625 17.38378551881752 563.3979786213139 -1.637447147878744e-05 -4.702374123902283e-05 -3.169910635890513e-05
136424.5177165842 0.43203125 17.38376483546226 622.0845737396359 -1.689353384091053e-05 -4.71548381611503e-05 -3.202418600103042e-05
138151.4103459081 0.4375 17.38374556547138 686.9503107784458 -1.740031541048303e-05 -4.72833534266314e-05 -3.234183441855721e-05
139878.3029752319 0.44296875 17.38372760951233 758.6494039474885 -1.789524073210854e-05 -4.740935235302327e-05 -3.265229654256591e-05
141605.1956045558 0.4484375 17.38371087552704 837.9055449750894 -1.837871499584608e-05 -4.753289842626281e-05 -3.295580671105444e-05
143332.0882338796 0.45390625 17.38369527816812 925.5192943483464 -1.885112514040727e-05 -4.76540533487309e-05 -3.325258924456909e-05
145058.9808632035 0.4593749999999999 17.38368073828202 1022.376259608348 -1.931284088079436e-05 -4.777287708667253e-05 -3.354285898373345e-05
146785.8734925273 0.46484375 17.38366718243486 1129.456144602989 -1.976421566672873e-05 -4.788942791723118e-05 -3.382682179197996e-05
148512.7661218512 0.4703125 17.38365454247714 1247.842762286105 -2.020558757492677e-05 -4.800376247375596e-05 -3.410467502434137e-05
150239.658751175 0.47578125 17.38364275514395 1378.735114227443 -2.063728014529512e-05 -4.8115935792364e-05 -3.437660796882956e-05
151966.5513804989 0.48125 17.38363176168735 1523.459649787484 -2.10596031590178e-05 -4.822600135551089e-05 -3.464280225726434e-05
153693.4440098227 0.48671875 17.38362150753837 1683.483831310666 -2.147285336895655e-05 -4.833401113627962e-05 -3.490343225261809e-05
155420.3366391466 0.4921874999999999 17.38361194199586 1860.431144194207 -2.187731518256786e-05 -4.844001564145284e-05 -3.515866541201035e-05
157147.2292684704 0.49765625 17.38360301793998 2056.097705585103 -2.227326130122539e-05 -4.854406395282356e-05 -3.540866262702448e-05
158874.1218977943 0.503125 17.38359469156819 2272.470642748606 -2.26609533202621e-05 -4.864620376915535e-05 -3.565357854470873e-05
160601.0145271182 0.5085937500000001 17.38358692215194 2511.748428779052 -2.304064229189744e-05 -4.874648144562008e-05 -3.589356186875876e-05
162327.907156442 0.5140625 17.38357967181209 2776.363385035627 -2.341256925365964e-05 -4.884494203334168e-05 -3.612875564350066e-05
164054.7997857658 0.51953125 17.3835729053118 3069.00658098294 -2.377696572548397e-05 -4.894162931802995e-05 -3.635929752175696e-05
165781.6924150897 0.525 17.38356658986522 3392.655386210171 -2.413405417630588e-05 -4.903658585634276e-05 -3.658532001632432e-05
167508.5850444135 0.5304687499999999 17.38356069496078 3750.603958728179 -2.448404846360352e-05 -4.912985301305723e-05 -3.680695073833037e-05
169235.4776737374 0.5359375 17.38355519219785 4146.496981685473 -2.482715424908143e-05 -4.922147099694727e-05 -3.702431262301435e-05
170962.3703030612 0.54140625 17.38355005513575 4584.366992624907 -2.516356938478689e-05 -4.931147889280393e-05 -3.723752413879541e-05
172689.2629323851 0.5468749999999999 17.38354525915411 5068.675694385111 -2.549348428554002e-05 -4.939991469847395e-05 -3.744669949200698e-05
174416.155561709 0.55234375 17.38354078132352 5604.359663355929 -2.581708227249517e-05 -4.948681535467208e-05 -3.765194881358363e-05
176143.0481910328 0.5578125 17.3835366002859 6196.880930903173 -2.613453990199973e-05 -4.957221677756743e-05 -3.785337833978358e-05
177869.9408203567 0.56328125 17.38353269614371 6852.282954856219 -2.644602727568965e-05 -4.965615389017905e-05 -3.805109058293435e-05
179596.8334496805 0.56875 17.38352905035718 7577.25255360341 -2.675170833100919e-05 -4.973866065120786e-05 -3.824518449110852e-05
181323.7260790044 0.57421875 17.38352564564921 8379.188441334409 -2.705174111959699e-05 -4.981977008425749e-05 -3.843575560192724e-05
183050.6187083282 0.5796874999999999 17.3835224659171 9266.277068436888 -2.734627806854197e-05 -4.989951430705969e-05 -3.862289618780083e-05
184777.511337652 0.5851562499999999 17.38351949615074 10247.57653955222 -2.763546622680405e-05 -4.997792455690438e-05 -3.880669539185421e-05
186504.4039669759 0.5906250000000001 17.38351672235667 11333.10948083349 -2.79194475034289e-05 -5.005503121897851e-05 -3.898723936120371e-05
188231.2965962998 0.59609375 17.3835141314876 12533.96579877039 -2.819835888459528e-05 -5.013086385067181e-05 -3.916461136763354e-05
189958.1892256236 0.6015625 17.38351171137707 13862.41639344347 -2.847233264971266e-05 -5.02054512068531e-05 -3.933889192828288e-05
191685.0818549475 0.60703125 17.38350945067863 15332.03899498478 -2.874149656925276e-05 -5.027882126561431e-05 -3.951015891743354e-05
193411.9744842713 0.6124999999999999 17.38350733880949 16957.85739464073 -2.900597409296347e-05 -5.035100124730909e-05 -3.967848767013628e-05
195138.8671135952 0.61796875 17.38350536589808 18756.49554407492 -2.926588453391111e-05 -5.042201764293073e-05 -3.984395108842091e-05
196865.759742919 0.6234375 17.38350352273534 20746.34805227914 -2.952134323846072e-05 -5.04918962325874e-05 -4.000661973552406e-05
198592.6523722429 0.62890625 17.38350180072943 22947.7688602966 -2.977246174716249e-05 -5.056066210609674e-05 -4.016656192662961e-05
200319.5450015667 0.6343749999999999 17.38350019186367 25383.2800398757 -3.00193479504181e-05 -5.062833968611699e-05 -4.032384381826754e-05
202046.4376308906 0.63984375 17.38349868865736 28077.80283498267 -3.026210624086007e-05 -5.069495274731287e-05 -4.047852949408646e-05
203773.3302602144 0.6453125 17.38349728412937 31058.91332306646 -3.050083764340563e-05 -5.076052443419833e-05 -4.063068103880198e-05
205500.2228895383 0.65078125 17.38349597176423 34357.12533870203 -3.07356399588237e-05 -5.082507728078955e-05 -4.078035861980662e-05
207227.1155188621 0.65625 17.38349474548067 38006.20356301505 -3.096660788642739e-05 -5.088863323044634e-05 -4.092762055843687e-05
208954.008148186 0.66171875 17.38349359960222 42043.50997136184 -3.119383314601707e-05 -5.095121365265549e-05 -4.107252339933628e-05
210680.9007775098 0.6671874999999999 17.38349252882987 46510.38716222361 -3.14174045894528e-05 -5.101283935468128e-05 -4.121512197206704e-05
212407.7934068337 0.67265625 17.3834915282167 51452.5826936863 -3.163740832223796e-05 -5.107353060888822e-05 -4.135546946556309e-05
214134.6860361575 0.678125 17.38349059314415 56920.71844599939 -3.185392779201134e-05 -5.113330715746905e-05 -4.149361747474019e-05
215861.5786654814 0.68359375 17.38348971929996 62970.8101976055 -3.206704390430789e-05 -5.119218823527215e-05 -4.162961606979002e-05
217588.4712948052 0.6890625 17.38348890265764 69664.8424925939 -3.227683511227344e-05 -5.125019258263166e-05 -4.176351384745255e-05
219315.3639241291 0.69453125 17.38348813945727 77071.40477662059 -3.248337750312138e-05 -5.130733845796876e-05 -4.189535798054507e-05
221042.2565534529 0.7 17.38348742618774 85266.39541047171 -3.268674489367411e-05 -5.136364365443976e-05 -4.202519427405693e-05
222769.1491827768 0.70546875 17.38348675957004 94333.80069575775 -3.288700891343133e-05 -5.141912551328532e-05 -4.215306721335832e-05
224496.0418121006 0.7109375 17.3834861365418 104366.556902575 -3.30842390785725e-05 -5.147380093499262e-05 -4.227902000678256e-05
226222.9344414245 0.7164062499999999 17.38348555424284 115467.5043056148 -3.327850287394713e-05 -5.152768639544431e-05 -4.240309463469572e-05
227949.8270707483 0.7218749999999999 17.38348501000169 127750.4425688826 -3.346986581586444e-05 -5.158079794790268e-05 -4.252533188188356e-05
229676.7197000722 0.7273437500000001 17.38348450132304 141341.2995169645 -3.365839154736511e-05 -5.163315125690844e-05 -4.264577140213677e-05
231403.612329396 0.7328125 17.38348402587602 156379.4231907045 -3.384414187293673e-05 -5.168476158503653e-05 -4.276445172898663e-05
233130.5049587199 0.73828125 17.38348358148327 173019.0127942132 -3.402717684646751e-05 -5.173564381942008e-05 -4.28814103329438e-05
234857.3975880437 0.74375 17.38348316611076 191430.7015449946 -3.420755482105033e-05 -5.178581247680013e-05 -4.299668364892522e-05
236584.2902173676 0.7492187499999999 17.3834827778583 211803.3086174015 -3.438533251093471e-05 -5.183528171791613e-05 -4.311030711442542e-05
238311.1828466914 0.7546875 17.38348241495064 234345.7774628648 -3.456056505487744e-05 -5.188406535274689e-05 -4.322231520381216e-05
240038.0754760153 0.76015625 17.38348207572921 259289.3212847624 -3.473330605689633e-05 -5.193217685610751e-05 -4.333274145650192e-05
241764.9681053392 0.765625 17.38348175864441 286889.7962975015 -3.490360764252207e-05 -5.197962936672865e-05 -4.344161850462536e-05
243491.860734663 0.77109375 17.3834814622484 317430.3296096014 -3.507152052738545e-05 -5.202643571211493e-05 -4.354897811975019e-05
245218.7533639868 0.7765625 17.38348118518839 351224.2256680496 -3.523709403315777e-05 -5.207260840733086e-05 -4.365485122024431e-05
246945.6459933107 0.78203125 17.38348092620033 388618.1828932653 -3.54003761553989e-05 -5.21181596615377e-05 -4.37592679084683e-05
248672.5386226345 0.7875 17.38348068410309 429995.8547276035 -3.556141361064406e-05 -5.216310139954564e-05 -4.386225750509485e-05
250399.4312519584 0.79296875 17.38348045779299 475781.7867760748 -3.572025185890154e-05 -5.220744524697051e-05 -4.396384855293602e-05
252126.3238812822 0.7984374999999999 17.38348024623867 526445.7783662203 -3.587693515606597e-05 -5.225120256144526e-05 -4.406406885875562e-05
253853.2165106061 0.8039062499999999 17.38348004847634 582507.7062129881 -3.603150660006285e-05 -5.229438443349421e-05 -4.416294551677853e-05
255580.1091399299 0.809375 17.38347986360536 644542.8609506496 -3.618400816148613e-05 -5.233700168139992e-05 -4.426050492144302e-05
257307.0017692538 0.81484375 17.38347969078405 713187.857859595 -3.633448071328533e-05 -5.237906488078429e-05 -4.435677279703481e-05
259033.8943985777 0.8203125 17.38347952922582 789147.1707053215 -3.648296407406474e-05 -5.242058434902636e-05 -4.445177421154555e-05
260760.7870279015 0.82578125 17.38347937819556 873200.3680727598 -3.662949704331665e-05 -5.246157016589996e-05 -4.45455336046083e-05
262487.6796572254 0.83125 17.38347923700624 966210.1190942603 -3.677411743546366e-05 -5.250203217967594e-05 -4.46380748075698e-05
264214.5722865492 0.83671875 17.38347910501578 1069131.048833567 -3.691686208298433e-05 -5.254197999932175e-05 -4.472942104115304e-05
265941.4649158731 0.8421875000000001 17.38347898162408 1183019.5486295 -3.705776691727316e-05 -5.25814230280747e-05 -4.481959497267393e-05
267668.3575451969 0.8476562499999999 17.38347886627026 1309044.617381165 -3.719686695191607e-05 -5.262037044114046e-05 -4.490861869652827e-05
269395.2501745208 0.853125 17.3834787584301 1448499.870736271 -3.733419632850593e-05 -5.265883120716405e-05 -4.499651376783498e-05
271122.1428038446 0.8585937499999999 17.38347865761365 1602816.827104785 -3.746978835014855e-05 -5.269681409457499e-05 -4.508330122236177e-05
272849.0354331685 0.8640625 17.38347856336295 1773579.59852024 -3.760367549528341e-05 -5.273432765305964e-05 -4.516900157417153e-05
274575.9280624923 0.8695312499999999 17.38347847524995 1962541.181622194 -3.773588944444313e-05 -5.277138026967468e-05 -4.525363485705891e-05
276302.8206918162 0.875 17.38347839287456 2171641.434140667 -3.786646110993553e-05 -5.280798011509195e-05 -4.533722061251373e-05
278029.71332114 0.88046875 17.38347831586281 2403027.016660893 -3.799542064953097e-05 -5.284413518987255e-05 -4.541977791970176e-05
279756.6059504639 0.8859374999999999 17.38347824386516 2659073.438585097 -3.812279751320023e-05 -5.287985332270187e-05 -4.550132541795105e-05
281483.4985797877 0.8914062500000001 17.38347817655485 2942409.428917471 -3.824862041198825e-05 -5.291514213968727e-05 -4.558188127583776e-05
283210.3912091115 0.896875 17.38347811362646 3255943.98577593 -3.837291742806905e-05 -5.295000913825354e-05 -4.56614632831613e-05
284937.2838384354 0.90234375 17.3834780547945 3602896.191873433 -3.849571591335814e-05 -5.298446161329493e-05 -4.574008876332654e-05
286664.1764677592 0.9078124999999999 17.38347799979211 3986828.321310256 -3.861704261551073e-05 -5.301850671784086e-05 -4.581777466667579e-05
288391.0690970831 0.9132812499999999 17.3834779483698 4411682.384287781 -3.873692362775764e-05 -5.305215142622317e-05 -4.589453752699041e-05
290117.9617264069 0.9187499999999998 17.38347790029442 4881820.71199413 -3.885538450802739e-05 -5.308540261802185e-05 -4.597039356302463e-05
291844.8543557308 0.92421875 17.38347785534794 5402070.588650594 -3.897245012380592e-05 -5.311826694564974e-05 -4.604535853472782e-05
293571.7469850547 0.9296875 17.38347781332662 5977773.98346755 -3.908814483901783e-05 -5.315075096056172e-05 -4.611944789978978e-05
295298.6396143785 0.9351562499999999 17.38347777403996 6614842.426357182 -3.920249245028068e-05 -5.318286110325269e-05 -4.619267677676669e-05
297025.5322437024 0.940625 17.38347773730989 7319817.502144434 -3.931551614312002e-05 -5.321460358921987e-05 -4.626505986616994e-05
298752.4248730262 0.94609375 17.38347770296994 8099938.407250722 -3.942723869495292e-05 -5.324598460525126e-05 -4.633661165010209e-05
300479.3175023501 0.9515625 17.3834776708645 8963215.823869769 -3.953768225919236e-05 -5.327701008688409e-05 -4.640734617303822e-05
302206.2101316739 0.9570312499999999 17.38347764084809 9918514.773106664 -3.964686859117063e-05 -5.330768596905947e-05 -4.647727728011506e-05
303933.1027609978 0.9625 17.38347761278472 10975645.16773396 -3.975481888902332e-05 -5.333801798207078e-05 -4.654641843554705e-05
305659.9953903217 0.96796875 17.38347758654724 12145462.71043159 -3.98615538562423e-05 -5.336801172722524e-05 -4.661478279173377e-05
307386.8880196455 0.9734375 17.38347756201681 13439980.70570825 -3.996709387710072e-05 -5.339767276092155e-05 -4.668238331901113e-05
309113.7806489693 0.97890625 17.38347753908232 14872492.86692403 -4.007145873272364e-05 -5.342700643677699e-05 -4.674923258475031e-05
310840.6732782932 0.9843749999999999 17.38347751763989 16457710.54112014 -4.017466783368483e-05 -5.345601808160253e-05 -4.681534295764368e-05
312567.565907617 0.98984375 17.38347749759241 18211913.09039737 -4.027674022301855e-05 -5.348471283248899e-05 -4.688072652775377e-05
314294.4585369409 0.9953124999999999 17.3834774788491 20153115.69544097 -4.037769443526173e-05 -5.351309576942744e-05 -4.694539510234459e-05
316021.3511662647 1.00078125 17.38347746132508 22301254.00185124 -4.047754865902154e-05 -5.354117184067787e-05 -4.700936024984971e-05
317748.2437955886 1.00625 17.38347744494101 24678389.68924037 -4.057632075837266e-05 -5.356894598046367e-05 -4.707263336941816e-05
319475.1364249124 1.01171875 17.38347742962272 27308935.23285729 -4.067402804667288e-05 -5.359642285820324e-05 -4.713522545243807e-05
321202.0290542363 1.0171875 17.38347741530085 30219906.94359984 -4.077068760232144e-05 -5.362360719270953e-05 -4.719714739751549e-05
322928.9216835601 1.02265625 17.38347740191055 33441200.65655 -4.086631611029519e-05 -5.365050352261266e-05 -4.725840981645393e-05
324655.814312884 1.028125 17.38347738939123 37005900.79412236 -4.09609300054703e-05 -5.367711641233778e-05 -4.731902320890404e-05
326382.7069422078 1.03359375 17.38347737768622 40950616.23134938 -4.105454510899323e-05 -5.370345010233145e-05 -4.737899760566234e-05
328109.5995715317 1.0390625 17.38347736674252 45315861.67609642 -4.114717718847309e-05 -5.372950897981213e-05 -4.743834308414261e-05
329836.4922008555 1.04453125 17.38347735651062 50146471.28406125 -4.123884160557526e-05 -5.375529732431933e-05 -4.749706946494729e-05
331563.3848301794 1.05 17.3834773469442 55492055.60557517 -4.132955330968956e-05 -5.378081911958414e-05 -4.755518621463685e-05
333290.2774595033 1.05546875 17.38347733799998 61407518.63607125 -4.141932702994625e-05 -5.380607852011449e-05 -4.761270277503037e-05
335017.1700888271 1.0609375 17.38347732963746 67953615.7851131 -4.150817720386158e-05 -5.383107947810949e-05 -4.766962834098553e-05
336744.062718151 1.06640625 17.38347732181883 75197581.11704558 -4.159611804142659e-05 -5.385582592315876e-05 -4.772597198229267e-05
338470.9553474748 1.071875 17.38347731450868 83213814.79777764 -4.168316327411126e-05 -5.38803216262035e-05 -4.778174245015738e-05
340197.8479767987 1.07734375 17.38347730767395 92084646.34112221 -4.176932638969272e-05 -5.390457020817265e-05 -4.783694829893269e-05
341924.7406061225 1.0828125 17.38347730128372 101901196.4382165 -4.185462087994998e-05 -5.392857564718545e-05 -4.789159826356771e-05
343651.6332354464 1.08828125 17.38347729530906 112764282.9815862 -4.193905972436201e-05 -5.395234130591221e-05 -4.794570051513711e-05
345378.5258647702 1.09375 17.38347728972295 124785477.7471388 -4.202265543890622e-05 -5.397587066609431e-05 -4.799926305250027e-05
347105.418494094 1.09921875 17.38347728450012 138088257.6599252 -4.210542086642075e-05 -5.399916736614381e-05 -4.805229411628228e-05
348832.3111234179 1.1046875 17.38347727961694 152809259.0546518 -4.218736822220909e-05 -5.402223483277307e-05 -4.810480152749108e-05
350559.2037527417 1.11015625 17.38347727505131 169099673.4762666 -4.226850942071782e-05 -5.404507620995031e-05 -4.815679281533406e-05
352286.0963820656 1.115625 17.38347727078258 187126827.2008995 -4.234885640720398e-05 -5.406769486752508e-05 -4.820827563736453e-05
354012.9890113894 1.12109375 17.38347726679145 207075880.8321245 -4.242842072776542e-05 -5.409009401491188e-05 -4.825925737133865e-05
355739.8816407133 1.1265625 17.38347726305985 229151741.529067 -4.250721360601798e-05 -5.411227686943642e-05 -4.83097452377272e-05
357466.7742700371 1.13203125 17.38347725957091 253581133.4593967 -4.258524595617957e-05 -5.413424624540198e-05 -4.835974610079077e-05
359193.666899361 1.1375 17.38347725630885 280614998.8116108 -4.266252923456307e-05 -5.415600543507703e-05 -4.840926733482006e-05
360920.5595286849 1.14296875 17.38347725325891 310531023.1308514 -4.273907411402431e-05 -5.417755750281001e-05 -4.845831580841716e-05
362647.4521580087 1.1484375 17.3834772504073 343636464.3663814 -4.281489061921863e-05 -5.419890516243108e-05 -4.850689789082486e-05
364374.3447873326 1.15390625 17.38347724774111 380271362.7804178 -4.288998942100092e-05 -5.422005130448612e-05 -4.855502036274352e-05
366101.2374166564 1.159375 17.3834772452483 420812022.7686904 -4.296438070020253e-05 -5.42409988295072e-05 -4.860268976485487e-05
367828.1300459803 1.16484375 17.38347724291758 465674788.4291243 -4.303807377188598e-05 -5.426175009251372e-05 -4.864991193219985e-05
369555.0226753041 1.1703125 17.38347724073841 515320592.4815009 -4.311107927567063e-05 -5.42823085704542e-05 -4.869669392306241e-05
371281.915304628 1.17578125 17.38347723870094 570259269.0077289 -4.318340627244868e-05 -5.430267632815498e-05 -4.874304130030183e-05
373008.8079339518 1.18125 17.38347723679596 631055197.0479875 -4.325506461275971e-05 -5.432285635405027e-05 -4.878896048340499e-05
374735.7005632757 1.18671875 17.38347723501485 698332808.4968607 -4.332606278295703e-05 -5.434285102670044e-05 -4.883445690482874e-05
376462.5931925995 1.1921875 17.38347723334955 772783103.8894418 -4.339641011649758e-05 -5.436266271123582e-05 -4.88795364138667e-05
378189.4858219234 1.19765625 17.38347723179253 855170856.7892561 -4.34661159919085e-05 -5.438229408927421e-05 -4.892420504059135e-05
379916.3784512472 1.203125 17.38347723033675 946342314.4489161 -4.353518835235687e-05 -5.440174756459457e-05 -4.896846795847572e-05
381643.2710805711 1.20859375 17.38347722897563 1047234031.518336 -4.360363650790338e-05 -5.442102571560173e-05 -4.901233111175256e-05
383370.1637098949 1.2140625 17.38347722770301 1158882187.024506 -4.367146820924432e-05 -5.44401305089327e-05 -4.905579935908851e-05
385097.0563392187 1.21953125 17.38347722651314 1282433598.591547 -4.373869221901723e-05 -5.445906431499166e-05 -4.909887826700445e-05
386823.9489685426 1.225 17.38347722540063 1419157531.74354 -4.38053160665433e-05 -5.447782977548809e-05 -4.914157292101569e-05
388550.8415978665 1.23046875 17.38347722436046 1570458107.008618 -4.38713485377649e-05 -5.449642861297218e-05 -4.918388857536854e-05
390277.7342271903 1.2359375 17.38347722338793 1737889838.730556 -4.393679725526302e-05 -5.451486367773683e-05 -4.922583046649992e-05
392004.6268565142 1.24140625 17.38347722247862 1923171874.336456 -4.400166870091333e-05 -5.4533136124472e-05 -4.926740241269266e-05
393731.519485838 1.246875 17.38347722162845 2128208005.857275 -4.406597283828478e-05 -5.455124898004212e-05 -4.930861090916345e-05
395458.4121151619 1.25234375 17.38347722083354 2355104091.118081 -4.412971479252465e-05 -5.456920399812824e-05 -4.934945939532644e-05
397185.3047444857 1.2578125 17.38347722009033 2606190977.215144 -4.419290368429412e-05 -5.458700344054932e-05 -4.938995356242172e-05
398912.1973738096 1.26328125 17.38347721939544 2884047889.623626 -4.425554556231581e-05 -5.460464935620446e-05 -4.943009745926014e-05
400639.0900031334 1.26875 17.38347721874573 3191527828.26382 -4.431764643186078e-05 -5.462214279177007e-05 -4.946989461181542e-05
402365.9826324573 1.27421875 17.38347721813826 3531789892.515212 -4.437921527835589e-05 -5.463948638811922e-05 -4.950935083323755e-05
404092.8752617812 1.2796875 17.38347721757029 3908330603.884297 -4.444025979067762e-05 -5.465668294679983e-05 -4.954847136873873e-05
405819.767891105 1.28515625 17.38347721703925 4325014785.013587 -4.45007836722852e-05 -5.467373240866463e-05 -4.958725804047492e-05
407546.6605204288 1.290625 17.38347721654273 4786125288.391437 -4.456079464869929e-05 -5.469063830808569e-05 -4.962571647839249e-05
409273.5531497527 1.29609375 17.3834772160785 5296396591.28642 -4.462030003064213e-05 -5.470740135912576e-05 -4.966385069488394e-05
411000.4457790765 1.3015625 17.38347721564445 5861069506.296303 -4.467930450523007e-05 -5.472402320843023e-05 -4.970166385683015e-05
412727.3384084004 1.30703125 17.38347721523863 6485948706.366292 -4.473781643042965e-05 -5.474050743419029e-05 -4.973916193230997e-05
414454.2310377242 1.3125 17.38347721485919 7177449968.894403 -4.479584111612616e-05 -5.475685443617032e-05 -4.977634777614824e-05
416181.1236670481 1.31796875 17.38347721450441 7942670752.767353 -4.485338368491257e-05 -5.477306424096946e-05 -4.981322396294101e-05
417908.0162963719 1.3234375 17.38347721417271 8789483518.564436 -4.491045297707444e-05 -5.478914233805154e-05 -4.984979765756299e-05
419634.9089256958 1.32890625 17.38347721386257 9726576635.964785 -4.496705021266348e-05 -5.48050873416085e-05 -4.988606877713599e-05
421361.8015550196 1.334375 17.3834772135726 10763582707.04868 -4.502318565619424e-05 -5.482090264554336e-05 -4.99220441508688e-05
423088.6941843435 1.33984375 17.38347721330148 11911149207.47432 -4.5078862243892e-05 -5.483658870005566e-05 -4.995772547197383e-05
424815.5868136673 1.3453125 17.38347721304799 13181056353.28205 -4.513408433588641e-05 -5.485214581175499e-05 -4.99931150738207e-05
426542.4794429912 1.35078125 17.38347721281097 14586360956.46511 -4.518886214634781e-05 -5.486757796911416e-05 -5.002822005773099e-05
428269.3720723151 1.35625 17.38347721258937 16141496686.13967 -4.524319773352606e-05 -5.488288623871825e-05 -5.006304198612215e-05
429996.2647016389 1.36171875 17.38347721238218 17862445869.40167 -4.529709799683781e-05 -5.48980730476179e-05 -5.009758552222786e-05
431723.1573309628 1.3671875 17.38347721218846 19766860649.86309 -4.535056415637869e-05 -5.49131364980546e-05 -5.013185032721665e-05
433450.0499602866 1.37265625 17.38347721200733 21874330558.08585 -4.540360728655564e-05 -5.492808148907643e-05 -5.016584438781603e-05
435176.9425896105 1.378125 17.38347721183798 24206482553.78775 -4.545622997780005e-05 -5.49429070531171e-05 -5.019956851545857e-05
436903.8352189343 1.38359375 17.38347721167964 26787286101.21185 -4.550843481587545e-05 -5.495761601785825e-05 -5.023302541686685e-05
438630.7278482582 1.3890625 17.38347721153159 29643220692.77836 -4.556022822865958e-05 -5.497220728266652e-05 -5.026621775566305e-05
440357.620477582 1.39453125 17.38347721139317 32803687049.85771 -4.561161675764448e-05 -5.498668725163643e-05 -5.029915200464046e-05
