0.00820396 0.00113959 0.474162 0.657327 0.224013 0.228575 0.476767 
0.0431758 0.00137101 0.459717 0.55929 0.221828 0.211842 0.411432 
0.105887 0.00190144 0.433451 0.41 0.217713 0.192349 0.324452 
0.196002 0.00301201 0.395104 0.248831 0.21126 0.180108 0.236774 
0.313018 0.00538092 0.344834 0.117213 0.201908 0.177477 0.16399 
0.456281 0.0106756 0.283867 0.0436771 0.189197 0.177832 0.105995 
0.62499 0.0230804 0.215559 0.031589 0.173557 0.169856 0.0648413 
0.818201 0.052937 0.147081 0.0594918 0.156946 0.150351 0.0477196 
1.03483 0.12308 0.0913844 0.102048 0.143208 0.128293 0.0602848 
1.27368 0.2681 0.0655586 0.158783 0.13642 0.120478 0.106222 
1.5334 0.489858 0.0748497 0.237958 0.137138 0.132988 0.179043 
1.81254 0.678582 0.0909364 0.290919 0.140057 0.152554 0.234371 
2.10954 0.683213 0.0831524 0.261176 0.140588 0.166864 0.224275 
2.42274 0.510911 0.0813068 0.199338 0.145856 0.18613 0.17471 
2.75039 0.299822 0.148755 0.177482 0.166203 0.221189 0.141547 
3.09066 0.146482 0.279761 0.202482 0.189386 0.239557 0.141058 
3.44164 0.0625523 0.362912 0.235813 0.180556 0.203648 0.141105 
3.80137 0.0242007 0.332388 0.232499 0.136535 0.143149 0.123547 
4.16784 0.00871422 0.23792 0.191328 0.0917747 0.102779 0.0994577 
4.53901 0.00298472 0.145388 0.137955 0.0685632 0.086192 0.086607 
4.91278 0.000989764 0.0805309 0.0912144 0.0655098 0.0786374 0.0865738 
5.28708 0.000322532 0.0421402 0.0573194 0.0746488 0.0607774 0.0943063 
5.65981 0.000104478 0.0213292 0.034891 0.0838393 0.0403567 0.102369 
6.02888 3.40143e-05 0.0106623 0.0210136 0.0923847 0.0195656 0.105248 
6.39224 1.12099e-05 0.00529811 0.0125445 0.0927635 0.0117004 0.0999438 
6.74784 3.77968e-06 0.00266265 0.0075812 0.0913628 0.0177676 0.0899134 
7.09371 1.30679e-06 0.00134457 0.00457073 0.0821568 0.0328282 0.0773243 
7.42791 4.70172e-07 0.00069896 0.00283515 0.0738639 0.0559791 0.0663515 
7.74856 1.74654e-07 0.000364591 0.00173983 0.0604397 0.069788 0.0535801 
8.05388 6.88702e-08 0.000199171 0.00111246 0.0503513 0.0828244 0.0445959 
8.34215 2.7914e-08 0.000107386 0.000686546 0.0376205 0.0781683 0.0346182 
8.61178 1.23375e-08 6.18378e-05 0.000447374 0.0292275 0.0742289 0.0286606 
8.86124 5.45407e-09 3.3819e-05 0.000269611 0.019779 0.057055 0.0208596 
9.08915 2.73427e-09 2.02912e-05 0.000175322 0.0143579 0.046264 0.0166829 
9.29422 1.28156e-09 1.07858e-05 9.86464e-05 0.00861598 0.0296562 0.0107154 
9.47533 7.29834e-10 6.60387e-06 6.26695e-05 0.00586574 0.0213784 0.00803848 
9.63146 3.44627e-10 3.1799e-06 3.08328e-05 0.00299346 0.0112444 0.00435564 
9.76175 2.47844e-10 1.99068e-06 1.9235e-05 0.00197289 0.00762099 0.00314456 
9.86553 1.29974e-10 7.72719e-07 7.38111e-06 0.000783983 0.00307445 0.00132486 
9.9424 2.30609e-10 6.23105e-07 5.68116e-06 0.00064734 0.00258247 0.0012148 
