        -1.000000000        0.1213020477
       -0.9800000000        0.3119402187
       -0.9600000000        0.3492336125
       -0.9400000000        0.2287873811
       -0.9200000000        0.2636798069
       -0.9000000000        0.3621570057
       -0.8800000000        0.3250153467
       -0.8600000000        0.1664964337
       -0.8400000000        0.2931615220
       -0.8200000000        0.3653200402
       -0.8000000000        0.2781077206
       -0.7800000000        0.2265225135
       -0.7600000000        0.2064545776
       -0.7400000000        0.4272793734
       -0.7200000000        0.3276146827
       -0.7000000000        0.2668252000
       -0.6800000000        0.2718088066
       -0.6600000000        0.1631929026
       -0.6400000000        0.4489206032
       -0.6200000000        0.3226239342
       -0.6000000000        0.2440972569
       -0.5800000000        0.3383984817
       -0.5600000000        0.2079898870
       -0.5400000000        0.1866744278
       -0.5200000000        0.4789348406
       -0.5000000000        0.3272126646
       -0.4800000000        0.2930516385
       -0.4600000000        0.3680226323
       -0.4400000000        0.1880635345
       -0.4200000000        0.2837376950
       -0.4000000000        0.2793954541
       -0.3800000000        0.4137660800
       -0.3600000000        0.4167527530
       -0.3400000000        0.3371762920
       -0.3200000000        0.2654117942
       -0.3000000000        0.3332255947
       -0.2800000000        0.1915670471
       -0.2600000000        0.2984853957
       -0.2400000000        0.6053286433
       -0.2200000000        0.3033313660
       -0.2000000000        0.3636743146
       -0.1800000000        0.3368479662
       -0.1600000000        0.2577363319
       -0.1400000000        0.2904638356
       -0.1200000000        0.2666242345
       -0.1000000000        0.6120839817
      -0.08000000000        0.3396972044
      -0.06000000000        0.4882897064
      -0.04000000000        0.3604437053
      -0.02000000000        0.2593849249
         0.000000000        0.3446532931
       0.02000000000        0.2404869572
       0.04000000000        0.5619332640
       0.06000000000        0.5721002729
       0.08000000000        0.4726636644
        0.1000000000        0.3855472209
        0.1200000000        0.2578128827
        0.1400000000        0.4307091323
        0.1600000000        0.2419124675
        0.1800000000        0.6920926640
        0.2000000000        0.4625399063
        0.2200000000        0.4719057904
        0.2400000000        0.5502711302
        0.2600000000        0.4065521020
        0.2800000000        0.3084863064
        0.3000000000        0.3269269017
        0.3200000000        0.7258063777
        0.3400000000        0.6093412149
        0.3600000000        0.5881760043
        0.3800000000        0.4732161347
        0.4000000000        0.4143455281
        0.4200000000        0.4677066089
        0.4400000000        0.3648608596
        0.4600000000        0.8527146490
        0.4800000000        0.5973380137
        0.5000000000        0.6249609649
        0.5200000000        0.6814179205
        0.5400000000        0.4243385572
        0.5600000000        0.3933825125
        0.5800000000        0.8377677615
        0.6000000000        0.7972807477
        0.6200000000        0.6094323640
        0.6400000000        0.8323187296
        0.6600000000        0.4713840099
        0.6800000000        0.4995052556
        0.7000000000        0.9937385890
        0.7200000000        0.8773836427
        0.7400000000         1.040115084
        0.7600000000        0.4681396317
        0.7800000000        0.5788871939
        0.8000000000         1.222359366
        0.8200000000         1.018209506
        0.8400000000        0.8308902761
        0.8600000000        0.7186345489
        0.8800000000         1.356466369
        0.9000000000         1.218094997
        0.9200000000        0.8264259581
        0.9400000000         1.435098162
        0.9600000000         1.283099699
        0.9800000000         1.840791547
         1.000000000        0.6374638462
