       -0.9937521706        0.5323721468
       -0.9672268386        0.5297578540
       -0.9200993342        0.5253007652
       -0.8533633646        0.5193958934
       -0.7684399635        0.5125615105
       -0.6671388042        0.5053884577
       -0.5516188359        0.4984862262
       -0.4243421202        0.4924308947
       -0.2880213168        0.4877193695
       -0.1455618542        0.4847327456
     6.123233996e-17        0.4837100704
        0.1455618542        0.4847327456
        0.2880213168        0.4877193695
        0.4243421202        0.4924308947
        0.5516188359        0.4984862262
        0.6671388042        0.5053884577
        0.7684399635        0.5125615105
        0.8533633646        0.5193958934
        0.9200993342        0.5253007652
        0.9672268386        0.5297578540
        0.9937521706        0.5323721468
