        -1.000000000        0.1799327631
       -0.9800000000        0.4931466327
       -0.9600000000        0.4859219558
       -0.9400000000        0.3736552918
       -0.9200000000        0.3529232429
       -0.9000000000        0.5011114321
       -0.8800000000        0.4682703194
       -0.8600000000        0.2504627378
       -0.8400000000        0.4003489634
       -0.8200000000        0.4841608133
       -0.8000000000        0.4145460073
       -0.7800000000        0.3057228396
       -0.7600000000        0.2606100836
       -0.7400000000        0.5645853898
       -0.7200000000        0.4395109219
       -0.7000000000        0.3836760415
       -0.6800000000        0.3415030218
       -0.6600000000        0.2363322332
       -0.6400000000        0.5554579480
       -0.6200000000        0.3961522544
       -0.6000000000        0.3594535200
       -0.5800000000        0.4455323534
       -0.5600000000        0.2669850445
       -0.5400000000        0.2465767478
       -0.5200000000        0.5690070177
       -0.5000000000        0.4122022353
       -0.4800000000        0.3869782683
       -0.4600000000        0.4714084611
       -0.4400000000        0.2526189466
       -0.4200000000        0.3572738869
       -0.4000000000        0.3394511384
       -0.3800000000        0.4654313026
       -0.3600000000        0.4968630429
       -0.3400000000        0.4214306004
       -0.3200000000        0.3807822517
       -0.3000000000        0.3731559112
       -0.2800000000        0.2414295730
       -0.2600000000        0.3572923596
       -0.2400000000        0.6553934496
       -0.2200000000        0.3782282994
       -0.2000000000        0.4185395985
       -0.1800000000        0.4408355244
       -0.1600000000        0.2935684216
       -0.1400000000        0.3630485811
       -0.1200000000        0.2960959251
       -0.1000000000        0.6097686356
      -0.08000000000        0.4064521305
      -0.06000000000        0.5656701716
      -0.04000000000        0.4377283622
      -0.02000000000        0.2943113963
         0.000000000        0.3795558904
       0.02000000000        0.2827434595
       0.04000000000        0.5573303416
       0.06000000000        0.6145860387
       0.08000000000        0.4860755395
        0.1000000000        0.4701473929
        0.1200000000        0.2890045902
        0.1400000000        0.4463393638
        0.1600000000        0.2834097106
        0.1800000000        0.6485721639
        0.2000000000        0.4716232751
        0.2200000000        0.4751837733
        0.2400000000        0.6161881844
        0.2600000000        0.4200103007
        0.2800000000        0.3087812160
        0.3000000000        0.3630230593
        0.3200000000        0.6488412312
        0.3400000000        0.5737480733
        0.3600000000        0.5916329166
        0.3800000000        0.4913591852
        0.4000000000        0.4138698177
        0.4200000000        0.4614567790
        0.4400000000        0.3545017660
        0.4600000000        0.7386271496
        0.4800000000        0.5561851257
        0.5000000000        0.5780732316
        0.5200000000        0.6765469952
        0.5400000000        0.3788819622
        0.5600000000        0.3690067383
        0.5800000000        0.7153931190
        0.6000000000        0.6712054138
        0.6200000000        0.5466922758
        0.6400000000        0.7615113660
        0.6600000000        0.4093325958
        0.6800000000        0.4629517708
        0.7000000000        0.7749577695
        0.7200000000        0.7367896712
        0.7400000000        0.8975279804
        0.7600000000        0.3979130370
        0.7800000000        0.4947424846
        0.8000000000        0.9190125847
        0.8200000000        0.8284241335
        0.8400000000        0.6889681467
        0.8600000000        0.5465004848
        0.8800000000         1.008381553
        0.9000000000        0.9526686595
        0.9200000000        0.6432006637
        0.9400000000         1.006952113
        0.9600000000        0.9685612047
        0.9800000000         1.288273673
         1.000000000        0.4431899776
