       -0.9982377097       0.01700760488
       -0.9907262387       0.01747599062
       -0.9772599500       0.01834105226
       -0.9579168192       0.01964233819
       -0.9328128083       0.02143890421
       -0.9020988070       0.02381184007
       -0.8659595032       0.02686740161
       -0.8246122308       0.03074084822
       -0.7783056514       0.03560094191
       -0.7273182552       0.04165500540
       -0.6719566846       0.04915436264
       -0.6125538897       0.05839988761
       -0.5494671251       0.06974726534
       -0.4830758017       0.08361142402
       -0.4137792044        0.1004694363
       -0.3419940908        0.1208610227
       -0.2681521850        0.1453856394
       -0.1926975807        0.1746950212
       -0.1160840707        0.2094800116
      -0.03877241751        0.2504505795
       0.03877241751        0.2983081375
        0.1160840707        0.3537096658
        0.1926975807        0.4172237372
        0.2681521850        0.4892793224
        0.3419940908        0.5701092105
        0.4137792044        0.6596909392
        0.4830758017        0.7576891889
        0.5494671251        0.8634045294
        0.6125538897        0.9757340496
        0.6719566846         1.093149596
        0.7273182552         1.213698960
        0.7783056514         1.335034271
        0.8246122308         1.454470124
        0.8659595032         1.569071575
        0.9020988070         1.675769378
        0.9328128083         1.771496940
        0.9579168192         1.853340732
        0.9772599500         1.918693886
        0.9907262387         1.965401887
        0.9982377097         1.991895657
