       -0.9982377097        0.3651644858
       -0.9907262387        0.3660176146
       -0.9772599500        0.3675511910
       -0.9579168192        0.3697633166
       -0.9328128083        0.3726506513
       -0.9020988070        0.3762085225
       -0.8659595032        0.3804307474
       -0.8246122308        0.3853093934
       -0.7783056514        0.3908344981
       -0.7273182552        0.3969937557
       -0.6719566846        0.4037721779
       -0.6125538897        0.4111517371
       -0.5494671251        0.4191109987
       -0.4830758017        0.4276247546
       -0.4137792044        0.4366636676
       -0.3419940908        0.4461939392
       -0.2681521850        0.4561770137
       -0.1926975807        0.4665693316
       -0.1160840707        0.4773221473
      -0.03877241751        0.4883814241
       0.03877241751        0.4996878203
        0.1160840707        0.5111767780
        0.1926975807        0.5227787267
        0.2681521850        0.5344194098
        0.3419940908        0.5460203388
        0.4137792044        0.5574993798
        0.4830758017        0.5687714701
        0.5494671251        0.5797494606
        0.6125538897        0.5903450725
        0.6719566846        0.6004699579
        0.7273182552        0.6100368429
        0.7783056514        0.6189607318
        0.8246122308        0.6271601483
        0.8659595032        0.6345583825
        0.9020988070        0.6410847147
        0.9328128083        0.6466755849
        0.9579168192        0.6512756763
        0.9772599500        0.6548388877
        0.9907262387        0.6573291957
        0.9982377097        0.6587217444
