       -0.9982377097      0.005039355562
       -0.9907262387      0.001877035176
       -0.9772599500     4.659135493e-05
       -0.9579168192     0.0005064221227
       -0.9328128083      0.001089434483
       -0.9020988070     0.0005232267727
       -0.8659595032     2.958948842e-07
       -0.8246122308     0.0004051298738
       -0.7783056514     0.0007478213687
       -0.7273182552     0.0003086449008
       -0.6719566846     8.184683614e-06
       -0.6125538897     0.0004616978676
       -0.5494671251     0.0007242996473
       -0.4830758017     0.0002385409155
       -0.4137792044     4.223747321e-05
       -0.3419940908     0.0006628148869
       -0.2681521850     0.0008919246054
       -0.1926975807     0.0002183502969
       -0.1160840707     0.0001428289015
      -0.03877241751      0.001185462039
       0.03877241751      0.001384869328
        0.1160840707     0.0002256134161
        0.1926975807     0.0004914433102
        0.2681521850      0.002748564064
        0.3419940908      0.002830894262
        0.4137792044     0.0002445283983
        0.4830758017      0.002107461465
        0.5494671251      0.009168808223
        0.6125538897      0.008551226086
        0.6719566846     0.0001822409829
        0.7273182552       0.01471937835
        0.7783056514       0.05722907060
        0.8246122308       0.05082293483
        0.8659595032      0.001929843291
        0.9020988070        0.4303756608
        0.9328128083         2.618981692
        0.9579168192         8.041773703
        0.9772599500         16.97370156
        0.9907262387         27.35490561
        0.9982377097         35.25350756
