       -0.9982377097     5.549697159e-10
       -0.9907262387     1.677407903e-10
       -0.9772599500     1.907026991e-12
       -0.9579168192     1.939331360e-10
       -0.9328128083     4.485861761e-10
       -0.9020988070     5.674631413e-10
       -0.8659595032     7.321020107e-10
       -0.8246122308     1.544428967e-09
       -0.7783056514     4.958074898e-09
       -0.7273182552     1.723895323e-08
       -0.6719566846     5.581944951e-08
       -0.6125538897     1.671935341e-07
       -0.5494671251     4.778345268e-07
       -0.4830758017     1.336546529e-06
       -0.4137792044     3.695391254e-06
       -0.3419940908     1.008450453e-05
       -0.2681521850     2.700386825e-05
       -0.1926975807     7.056671500e-05
       -0.1160840707     0.0001793162849
      -0.03877241751     0.0004421740420
       0.03877241751      0.001056662792
        0.1160840707      0.002444074267
        0.1926975807      0.005464339853
        0.2681521850       0.01179136907
        0.3419940908       0.02452119758
        0.4137792044       0.04907351978
        0.4830758017       0.09438619779
        0.5494671251        0.1742638317
        0.6125538897        0.3085128524
        0.6719566846        0.5232099024
        0.7273182552        0.8492163052
        0.7783056514         1.318057026
        0.8246122308         1.954738002
        0.8659595032         2.768085234
        0.9020988070         3.740592493
        0.9328128083         4.821055292
        0.9579168192         5.923706471
        0.9772599500         6.936524248
        0.9907262387         7.738787854
        0.9982377097         8.224662209
