       -0.9982377097     0.0004507129989
       -0.9907262387     0.0004823989429
       -0.9772599500     0.0005434865159
       -0.9579168192     0.0006415659119
       -0.9328128083     0.0007889518941
       -0.9020988070      0.001004377844
       -0.8659595032      0.001315510907
       -0.8246122308      0.001762570547
       -0.7783056514      0.002403415254
       -0.7273182552      0.003320558939
       -0.6719566846      0.004630674629
       -0.6125538897      0.006497221072
       -0.5494671251      0.009146860066
       -0.4830758017       0.01289027799
       -0.4137792044       0.01814782924
       -0.3419940908       0.02548001523
       -0.2681521850       0.03562212859
       -0.1926975807       0.04952136560
       -0.1160840707       0.06837330885
      -0.03877241751       0.09365293829
       0.03877241751        0.1271333684
        0.1160840707        0.1708835913
        0.1926975807        0.2272350343
        0.2681521850        0.2987062637
        0.3419940908        0.3878763031
        0.4137792044        0.4972003835
        0.4830758017        0.6287679000
        0.5494671251        0.7840109093
        0.6125538897        0.9633820825
        0.6719566846         1.166032331
        0.7273182552         1.389528391
        0.7783056514         1.629657051
        0.8246122308         1.880363025
        0.8659595032         2.133859847
        0.9020988070         2.380936907
        0.9328128083         2.611462053
        0.9579168192         2.815050808
        0.9772599500         2.981845056
        0.9907262387         3.103322111
        0.9982377097         3.173059377
