       -0.9982377097     2.386571635e-06
       -0.9907262387     8.820019328e-07
       -0.9772599500     2.056248438e-08
       -0.9579168192     2.405482243e-07
       -0.9328128083     5.048807893e-07
       -0.9020988070     2.349271005e-07
       -0.8659595032     1.356064751e-11
       -0.8246122308     1.854796992e-07
       -0.7783056514     3.262646787e-07
       -0.7273182552     1.261816423e-07
       -0.6719566846     4.977452371e-09
       -0.6125538897     1.953495400e-07
       -0.5494671251     2.849774120e-07
       -0.4830758017     8.543652931e-08
       -0.4137792044     1.730581322e-08
       -0.3419940908     2.182121239e-07
       -0.2681521850     2.298623891e-07
       -0.1926975807     1.010682335e-08
       -0.1160840707     3.021807836e-07
      -0.03877241751     1.654658714e-06
       0.03877241751     4.350458281e-06
        0.1160840707     1.107856556e-05
        0.1926975807     3.574540888e-05
        0.2681521850     0.0001366299676
        0.3419940908     0.0005243073162
        0.4137792044      0.001852588511
        0.4830758017      0.005921474393
        0.5494671251       0.01725720563
        0.6125538897       0.04636210460
        0.6719566846        0.1155756327
        0.7273182552        0.2677799373
        0.7783056514        0.5757196620
        0.8246122308         1.145371523
        0.8659595032         2.102831055
        0.9020988070         3.555523623
        0.9328128083         5.529761562
        0.9579168192         7.906047784
        0.9772599500         10.38963311
        0.9907262387         12.55074425
        0.9982377097         13.93976145
