       -0.9982377097     5.538329322e-08
       -0.9907262387     6.938710852e-08
       -0.9772599500     1.010526367e-07
       -0.9579168192     1.649803339e-07
       -0.9328128083     2.920464774e-07
       -0.9020988070     5.462766425e-07
       -0.8659595032     1.059948099e-06
       -0.8246122308     2.105718415e-06
       -0.7783056514     4.243327061e-06
       -0.7273182552     8.614657716e-06
       -0.6719566846     1.752945630e-05
       -0.6125538897     3.561007229e-05
       -0.5494671251     7.198848024e-05
       -0.4830758017     0.0001444358993
       -0.4137792044     0.0002869444882
       -0.3419940908     0.0005632855859
       -0.2681521850      0.001090556973
       -0.1926975807      0.002078769565
       -0.1160840707      0.003895022672
      -0.03877241751      0.007163361028
       0.03877241751       0.01291303148
        0.1160840707       0.02278683707
        0.1926975807       0.03931507561
        0.2681521850       0.06624610304
        0.3419940908        0.1088992852
        0.4137792044        0.1744695990
        0.4830758017        0.2721695613
        0.5494671251        0.4130544081
        0.6125538897        0.6093588153
        0.6719566846        0.8732009958
        0.7273182552         1.214603220
        0.7783056514         1.638943315
        0.8246122308         2.144170211
        0.8659595032         2.718336280
        0.9020988070         3.338141558
        0.9328128083         3.969166468
        0.9579168192         4.568236621
        0.9772599500         5.087926028
        0.9907262387         5.482657884
        0.9982377097         5.715412774
