       -0.9982377097       0.04512122587
       -0.9907262387       0.04596266125
       -0.9772599500       0.04750233084
       -0.9579168192       0.04978544537
       -0.9328128083       0.05287807971
       -0.9020988070       0.05686869627
       -0.8659595032       0.06186972381
       -0.8246122308       0.06801931902
       -0.7783056514       0.07548320475
       -0.7273182552       0.08445642334
       -0.6719566846       0.09516479472
       -0.6125538897        0.1078658163
       -0.5494671251        0.1228486871
       -0.4830758017        0.1404330872
       -0.4137792044        0.1609662998
       -0.3419940908        0.1848182379
       -0.2681521850        0.2123739380
       -0.1926975807        0.2440231212
       -0.1160840707        0.2801465093
      -0.03877241751        0.3210987277
       0.03877241751        0.3671878333
        0.1160840707        0.4186517798
        0.1926975807        0.4756324589
        0.2681521850        0.5381483274
        0.3419940908        0.6060670113
        0.4137792044        0.6790796432
        0.4830758017        0.7566789765
        0.5494671251        0.8381435059
        0.6125538897        0.9225298300
        0.6719566846         1.008675306
        0.7273182552         1.095212629
        0.7783056514         1.180597307
        0.8246122308         1.263148179
        0.8659595032         1.341100083
        0.9020988070         1.412666733
        0.9328128083         1.476110857
        0.9579168192         1.529817716
        0.9772599500         1.572367626
        0.9907262387         1.602603061
        0.9982377097         1.619690254
