       -0.9982377097       0.06480702911
       -0.9907262387       0.06581770434
       -0.9772599500       0.06766107244
       -0.9579168192       0.07038086038
       -0.9328128083       0.07404041841
       -0.9020988070       0.07872375259
       -0.8659595032       0.08453638871
       -0.8246122308       0.09160623787
       -0.7783056514        0.1000843655
       -0.7273182552        0.1101455178
       -0.6719566846        0.1219882255
       -0.6125538897        0.1358342701
       -0.5494671251        0.1519272704
       -0.4830758017        0.1705301212
       -0.4137792044        0.1919210047
       -0.3419940908        0.2163876992
       -0.2681521850        0.2442199371
       -0.1926975807        0.2756996183
       -0.1160840707        0.3110887760
      -0.03877241751        0.3506153167
       0.03877241751        0.3944567239
        0.1160840707        0.4427221080
        0.1926975807        0.4954332152
        0.2681521850        0.5525052398
        0.3419940908        0.6137285152
        0.4137792044        0.6787523528
        0.4830758017        0.7470724363
        0.5494671251        0.8180232231
        0.6125538897        0.8907767432
        0.6719566846        0.9643489858
        0.7273182552         1.037614728
        0.7783056514         1.109331191
        0.8246122308         1.178170334
        0.8659595032         1.242758936
        0.9020988070         1.301724969
        0.9328128083         1.353748117
        0.9579168192         1.397611833
        0.9772599500         1.432253981
        0.9907262387         1.456813272
        0.9982377097         1.470672167
