       -0.9982377097     0.0007204887271
       -0.9907262387     0.0002676456850
       -0.9772599500     6.491070796e-06
       -0.9579168192     7.261129177e-05
       -0.9328128083     0.0001548955495
       -0.9020988070     7.358422364e-05
       -0.8659595032     2.235239316e-08
       -0.8246122308     5.763718391e-05
       -0.7783056514     0.0001046175085
       -0.7273182552     4.217997020e-05
       -0.6719566846     1.331277227e-06
       -0.6125538897     6.439495553e-05
       -0.5494671251     9.824391754e-05
       -0.4830758017     3.090428533e-05
       -0.4137792044     6.388889672e-06
       -0.3419940908     8.908351783e-05
       -0.2681521850     0.0001145441042
       -0.1926975807     2.552741357e-05
       -0.1160840707     2.045425687e-05
      -0.03877241751     0.0001490723767
       0.03877241751     0.0001611021444
        0.1160840707     2.109444529e-05
        0.1926975807     6.473597995e-05
        0.2681521850     0.0003039543221
        0.3419940908     0.0002686287690
        0.4137792044     9.902654376e-06
        0.4830758017     0.0002692319621
        0.5494671251     0.0009858357187
        0.6125538897      0.001135100694
        0.6719566846     0.0007920213138
        0.7273182552      0.001653996887
        0.7783056514       0.01421139083
        0.8246122308        0.1053877527
        0.8659595032        0.5074937764
        0.9020988070         1.715782361
        0.9328128083         4.398993125
        0.9579168192         9.001358307
        0.9772599500         15.18854974
        0.9907262387         21.57528062
        0.9982377097         26.12635589
