       -0.9982377097     5.668388168e-10
       -0.9907262387     9.155318528e-10
       -0.9772599500     1.774505626e-09
       -0.9579168192     3.660322645e-09
       -0.9328128083     7.778001342e-09
       -0.9020988070     1.709677127e-08
       -0.8659595032     3.904977313e-08
       -0.8246122308     9.210444682e-08
       -0.7783056514     2.214614471e-07
       -0.7273182552     5.360890230e-07
       -0.6719566846     1.295269124e-06
       -0.6125538897     3.108568717e-06
       -0.5494671251     7.390278719e-06
       -0.4830758017     1.736968189e-05
       -0.4137792044     4.027921495e-05
       -0.3419940908     9.195843287e-05
       -0.2681521850     0.0002062412624
       -0.1926975807     0.0004534570140
       -0.1160840707     0.0009755681027
      -0.03877241751      0.002050235736
       0.03877241751      0.004202435786
        0.1160840707      0.008389202676
        0.1926975807       0.01628799138
        0.2681521850       0.03071680269
        0.3419940908       0.05619661223
        0.4137792044       0.09962428859
        0.4830758017        0.1709500548
        0.5494671251        0.2836501613
        0.6125538897        0.4546737051
        0.6719566846        0.7034679814
        0.7273182552         1.049715980
        0.7783056514         1.509620024
        0.8246122308         2.090967251
        0.8659595032         2.787764646
        0.9020988070         3.575776039
        0.9328128083         4.410590021
        0.9579168192         5.229656355
        0.9772599500         5.958937773
        0.9907262387         6.523562005
        0.9982377097         6.860576125
