       -0.9982377097     6.161087532e-05
       -0.9907262387     2.282634233e-05
       -0.9772599500     5.417695663e-07
       -0.9579168192     6.217102878e-06
       -0.9328128083     1.315216247e-05
       -0.9020988070     6.181236697e-06
       -0.8659595032     8.639518118e-10
       -0.8246122308     4.876962647e-06
       -0.7783056514     8.708766126e-06
       -0.7273182552     3.434618539e-06
       -0.6719566846     1.238212839e-07
       -0.6125538897     5.304219135e-06
       -0.5494671251     7.885787600e-06
       -0.4830758017     2.383236299e-06
       -0.4137792044     5.487056608e-07
       -0.3419940908     6.995155918e-06
       -0.2681521850     8.650096375e-06
       -0.1926975807     1.788678534e-06
       -0.1160840707     1.639536777e-06
      -0.03877241751     1.096476054e-05
       0.03877241751     1.150962330e-05
        0.1160840707     1.751259156e-06
        0.1926975807     2.531929583e-06
        0.2681521850     9.064264566e-06
        0.3419940908     3.196110727e-07
        0.4137792044     5.382668858e-05
        0.4830758017     0.0004726127538
        0.5494671251      0.002012450868
        0.6125538897      0.006882201798
        0.6719566846       0.02224742740
        0.7273182552       0.06994541256
        0.7783056514        0.2075457684
        0.8246122308        0.5604874925
        0.8659595032         1.346698365
        0.9020988070         2.852265689
        0.9328128083         5.318257043
        0.9579168192         8.750778103
        0.9772599500         12.75112701
        0.9907262387         16.50919200
        0.9982377097         19.04168154
