       -0.9982377097       0.04431172621
       -0.9907262387       0.04514497754
       -0.9772599500       0.04666992300
       -0.9579168192       0.04893177978
       -0.9328128083       0.05199665986
       -0.9020988070       0.05595311718
       -0.8659595032       0.06091376143
       -0.8246122308       0.06701706437
       -0.7783056514       0.07442925250
       -0.7273182552       0.08334612431
       -0.6719566846       0.09399458089
       -0.6125538897        0.1066336050
       -0.5494671251        0.1215543677
       -0.4830758017        0.1390790892
       -0.4137792044        0.1595582341
       -0.3419940908        0.1833655952
       -0.2681521850        0.2108908172
       -0.1926975807        0.2425289500
       -0.1160840707        0.2786667062
      -0.03877241751        0.3196652432
       0.03877241751        0.3658394972
        0.1160840707        0.4174343758
        0.1926975807        0.4745984459
        0.2681521850        0.5373561323
        0.3419940908        0.6055798343
        0.4137792044        0.6789637393
        0.4830758017        0.7570014126
        0.5494671251        0.8389694335
        0.6125538897        0.9239193628
        0.6719566846         1.010680143
        0.7273182552         1.097872603
        0.7783056514         1.183937094
        0.8246122308         1.267174399
        0.8659595032         1.345799047
        0.9020988070         1.418003075
        0.9328128083         1.482027208
        0.9579168192         1.536235569
        0.9772599500         1.579189392
        0.9907262387         1.609715288
        0.9982377097         1.626967871
