       -0.9982377097        0.4044662524
       -0.9907262387        0.4051057569
       -0.9772599500        0.4062543325
       -0.9579168192        0.4079088764
       -0.9328128083        0.4100645020
       -0.9020988070        0.4127146692
       -0.8659595032        0.4158511135
       -0.8246122308        0.4194637436
       -0.7783056514        0.4235405235
       -0.7273182552        0.4280673435
       -0.6719566846        0.4330278847
       -0.6125538897        0.4384034831
       -0.5494671251        0.4441729966
       -0.4830758017        0.4503126810
       -0.4137792044        0.4567960816
       -0.3419940908        0.4635939445
       -0.2681521850        0.4706741566
       -0.1926975807        0.4780017166
       -0.1160840707        0.4855387471
      -0.03877241751        0.4932445499
       0.03877241751        0.5010757113
        0.1160840707        0.5089862613
        0.1926975807        0.5169278888
        0.2681521850        0.5248502170
        0.3419940908        0.5327011365
        0.4137792044        0.5404271983
        0.4830758017        0.5479740618
        0.5494671251        0.5552869940
        0.6125538897        0.5623114146
        0.6719566846        0.5689934783
        0.7273182552        0.5752806846
        0.7783056514        0.5811225052
        0.8246122308        0.5864710166
        0.8659595032        0.5912815239
        0.9020988070        0.5955131649
        0.9328128083        0.5991294782
        0.9579168192        0.6020989249
        0.9772599500        0.6043953534
        0.9907262387        0.6059984141
        0.9982377097        0.6068941473
