       -0.9982377097      0.001992359581
       -0.9907262387     0.0007410926896
       -0.9772599500     1.817665773e-05
       -0.9579168192     0.0002005441346
       -0.9328128083     0.0004295751897
       -0.9020988070     0.0002051687198
       -0.8659595032     8.600442739e-08
       -0.8246122308     0.0001598703564
       -0.7783056514     0.0002925771433
       -0.7273182552     0.0001193115269
       -0.6719566846     3.474405870e-06
       -0.6125538897     0.0001805141370
       -0.5494671251     0.0002791450205
       -0.4830758017     8.976108290e-05
       -0.4137792044     1.729480090e-05
       -0.3419940908     0.0002546621587
       -0.2681521850     0.0003346129620
       -0.1926975807     7.791389669e-05
       -0.1160840707     5.711104041e-05
      -0.03877241751     0.0004412987316
       0.03877241751     0.0004942840519
        0.1160840707     7.133284210e-05
        0.1926975807     0.0001901551837
        0.2681521850     0.0009626210933
        0.3419940908     0.0009119764176
        0.4137792044     5.298993337e-05
        0.4830758017     0.0007649750688
        0.5494671251      0.002816526885
        0.6125538897      0.002225465353
        0.6719566846     1.839271984e-05
        0.7273182552      0.002572660224
        0.7783056514      0.003337048739
        0.8246122308      0.004648893488
        0.8659595032        0.1699458170
        0.9020988070         1.054589263
        0.9328128083         3.621102083
        0.9579168192         8.732474060
        0.9772599500         16.25239569
        0.9907262387         24.45403409
        0.9982377097         30.48315587
