       -0.9982377097        0.4398605994
       -0.9907262387        0.4402822263
       -0.9772599500        0.4410389430
       -0.9579168192        0.4421277882
       -0.9328128083        0.4435442456
       -0.9020988070        0.4452823607
       -0.8659595032        0.4473347331
       -0.8246122308        0.4496924979
       -0.7783056514        0.4523453025
       -0.7273182552        0.4552812856
       -0.6719566846        0.4584870566
       -0.6125538897        0.4619476806
       -0.5494671251        0.4656466692
       -0.4830758017        0.4695659797
       -0.4137792044        0.4736860255
       -0.3419940908        0.4779856985
       -0.2681521850        0.4824424074
       -0.1926975807        0.4870321322
       -0.1160840707        0.4917294975
      -0.03877241751        0.4965078660
       0.03877241751        0.5013394532
        0.1160840707        0.5061954641
        0.1926975807        0.5110462522
        0.2681521850        0.5158615006
        0.3419940908        0.5206104246
        0.4137792044        0.5252619943
        0.4830758017        0.5297851756
        0.5494671251        0.5341491864
        0.6125538897        0.5383237662
        0.6719566846        0.5422794546
        0.7273182552        0.5459878748
        0.7783056514        0.5494220185
        0.8246122308        0.5525565268
        0.8659595032        0.5553679620
        0.9020988070        0.5578350671
        0.9328128083        0.5599390058
        0.9579168192        0.5616635816
        0.9772599500        0.5629954302
        0.9907262387        0.5639241952
        0.9982377097        0.5644428153
