       -0.9982377097        0.3380570813
       -0.9907262387        0.3390390079
       -0.9772599500        0.3408052507
       -0.9579168192        0.3433555607
       -0.9328128083        0.3466888485
       -0.9020988070        0.3508032638
       -0.8659595032        0.3556959295
       -0.8246122308        0.3613625890
       -0.7783056514        0.3677971893
       -0.7273182552        0.3749914104
       -0.6719566846        0.3829341475
       -0.6125538897        0.3916109541
       -0.5494671251        0.4010034595
       -0.4830758017        0.4110887698
       -0.4137792044        0.4218388706
       -0.3419940908        0.4332200459
       -0.2681521850        0.4451923327
       -0.1926975807        0.4577090320
       -0.1160840707        0.4707162974
      -0.03877241751        0.4841528245
       0.03877241751        0.4979496624
        0.1160840707        0.5120301701
        0.1926975807        0.5263101376
        0.2681521850        0.5406980886
        0.3419940908        0.5550957794
        0.4137792044        0.5693989013
        0.4830758017        0.5834979920
        0.5494671251        0.5972795496
        0.6125538897        0.6106273415
        0.6719566846        0.6234238882
        0.7273182552        0.6355520971
        0.7783056514        0.6468970132
        0.8246122308        0.6573476470
        0.8659595032        0.6667988356
        0.9020988070        0.6751530866
        0.9328128083        0.6823223550
        0.9579168192        0.6882297023
        0.9772599500        0.6928107923
        0.9907262387        0.6960152142
        0.9982377097        0.6978080600
