       -0.9982377097      0.008856768319
       -0.9907262387      0.009158514690
       -0.9772599500      0.009719570209
       -0.9579168192       0.01057230394
       -0.9328128083       0.01176573589
       -0.9020988070       0.01336834352
       -0.8659595032       0.01547171896
       -0.8246122308       0.01819520997
       -0.7783056514       0.02169158976
       -0.7273182552       0.02615375516
       -0.6719566846       0.03182238259
       -0.6125538897       0.03899436406
       -0.5494671251       0.04803169609
       -0.4830758017       0.05937029788
       -0.4137792044       0.07352799386
       -0.3419940908       0.09111061654
       -0.2681521850        0.1128148890
       -0.1926975807        0.1394264618
       -0.1160840707        0.1718112534
      -0.03877241751        0.2108981347
       0.03877241751        0.2576510742
        0.1160840707        0.3130292001
        0.1926975807        0.3779338877
        0.2681521850        0.4531430033
        0.3419940908        0.5392338095
        0.4137792044        0.6364977173
        0.4830758017        0.7448519107
        0.5494671251        0.8637546872
        0.6125538897        0.9921328649
        0.6719566846         1.128330519
        0.7273182552         1.270088328
        0.7783056514         1.414561685
        0.8246122308         1.558383394
        0.8659595032         1.697773208
        0.9020988070         1.828692002
        0.9328128083         1.947033463
        0.9579168192         2.048841321
        0.9772599500         2.130536302
        0.9907262387         2.189134924
        0.9982377097         2.222449839
