       -0.9982377097       0.06955204642
       -0.9907262387       0.07059626790
       -0.9772599500       0.07249964017
       -0.9579168192       0.07530526284
       -0.9328128083       0.07907546400
       -0.9020988070       0.08389273607
       -0.8659595032       0.08986046129
       -0.8246122308       0.09710360709
       -0.7783056514        0.1057692969
       -0.7273182552        0.1160271159
       -0.6719566846        0.1280689787
       -0.6125538897        0.1421083576
       -0.5494671251        0.1583786434
       -0.4830758017        0.1771303926
       -0.4137792044        0.1986272056
       -0.3419940908        0.2231399918
       -0.2681521850        0.2509394045
       -0.1926975807        0.2822862869
       -0.1160840707        0.3174200568
      -0.03877241751        0.3565450814
       0.03877241751        0.3998152448
        0.1160840707        0.4473170974
        0.1926975807        0.4990521804
        0.2681521850        0.5549193321
        0.3419940908        0.6146979852
        0.4137792044        0.6780336331
        0.4830758017        0.7444267576
        0.5494671251        0.8132265388
        0.6125538897        0.8836305949
        0.6719566846        0.9546918060
        0.7273182552         1.025332959
        0.7783056514         1.094369513
        0.8246122308         1.160540258
        0.8659595032         1.222545043
        0.9020988070         1.279088155
        0.9328128083         1.328925370
        0.9579168192         1.370912258
        0.9772599500         1.404051061
        0.9907262387         1.427533583
        0.9982377097         1.440780904
