       -0.9982377097       0.09507987801
       -0.9907262387       0.09626763466
       -0.9772599500       0.09842679568
       -0.9579168192        0.1015961429
       -0.9328128083        0.1058312705
       -0.9020988070        0.1112051130
       -0.8659595032        0.1178080936
       -0.8246122308        0.1257481245
       -0.7783056514        0.1351503868
       -0.7273182552        0.1461567815
       -0.6719566846        0.1589249193
       -0.6125538897        0.1736265072
       -0.5494671251        0.1904449747
       -0.4830758017        0.2095721834
       -0.4137792044        0.2312040714
       -0.3419940908        0.2555351024
       -0.2681521850        0.2827514284
       -0.1926975807        0.3130227280
       -0.1160840707        0.3464927549
      -0.03877241751        0.3832687266
       0.03877241751        0.4234097913
        0.1160840707        0.4669149340
        0.1926975807        0.5137108113
        0.2681521850        0.5636401292
        0.3419940908        0.6164512848
        0.4137792044        0.6717900731
        0.4830758017        0.7291942924
        0.5494671251        0.7880920622
        0.6125538897        0.8478045760
        0.6719566846        0.9075538512
        0.7273182552        0.9664758044
        0.7783056514         1.023638683
        0.8246122308         1.078066543
        0.8659595032         1.128767086
        0.9020988070         1.174762822
        0.9328128083         1.215124187
        0.9579168192         1.249003014
        0.9772599500         1.275664614
        0.9907262387         1.294516894
        0.9982377097         1.305137618
