       -0.9982377097       0.02905605683
       -0.9907262387       0.02971082186
       -0.9772599500       0.03091382355
       -0.9579168192       0.03270899820
       -0.9328128083       0.03516119648
       -0.9020988070       0.03835823777
       -0.8659595032       0.04241328804
       -0.8246122308       0.04746766134
       -0.7783056514       0.05369395272
       -0.7273182552       0.06129935045
       -0.6719566846       0.07052891133
       -0.6125538897       0.08166850723
       -0.5494671251       0.09504706420
       -0.4830758017        0.1110376229
       -0.4137792044        0.1300566564
       -0.3419940908        0.1525610018
       -0.2681521850        0.1790417077
       -0.1926975807        0.2100140879
       -0.1160840707        0.2460033270
      -0.03877241751        0.2875251177
       0.03877241751        0.3350610450
        0.1160840707        0.3890287812
        0.1926975807        0.4497476118
        0.2681521850        0.5174003679
        0.3419940908        0.5919934597
        0.4137792044        0.6733173395
        0.4830758017        0.7609102990
        0.5494671251        0.8540289454
        0.6125538897        0.9516289122
        0.6719566846         1.052359263
        0.7273182552         1.154573581
        0.7783056514         1.256359870
        0.8246122308         1.355590156
        0.8659595032         1.449989126
        0.9020988070         1.537219430
        0.9328128083         1.614979536
        0.9579168192         1.681108514
        0.9772599500         1.733691019
        0.9907262387         1.771155559
        0.9982377097         1.792364317
