       -0.9982377097     7.734620814e-05
       -0.9907262387     8.484395350e-05
       -0.9772599500     9.967438039e-05
       -0.9579168192     0.0001244112246
       -0.9328128083     0.0001634253714
       -0.9020988070     0.0002237456604
       -0.8659595032     0.0003164225924
       -0.8246122308     0.0004586324439
       -0.7783056514     0.0006768651816
       -0.7273182552      0.001011680313
       -0.6719566846      0.001524692166
       -0.6125538897      0.002308656783
       -0.5494671251      0.003501761665
       -0.4830758017      0.005307432968
       -0.4137792044      0.008021110730
       -0.3419940908       0.01206540348
       -0.2681521850       0.01803468083
       -0.1926975807       0.02674932170
       -0.1160840707       0.03931831466
      -0.03877241751       0.05720654114
       0.03877241751       0.08229979113
        0.1160840707        0.1169564866
        0.1926975807        0.1640306387
        0.2681521850        0.2268465453
        0.3419940908        0.3091033569
        0.4137792044        0.4146884330
        0.4830758017        0.5473839606
        0.5494671251        0.7104628181
        0.6125538897        0.9061874127
        0.6719566846         1.135247951
        0.7273182552         1.396201217
        0.7783056514         1.684992479
        0.8246122308         1.994655614
        0.8659595032         2.315283896
        0.9020988070         2.634342226
        0.9328128083         2.937350409
        0.9579168192         3.208910833
        0.9772599500         3.433991867
        0.9907262387         3.599324309
        0.9982377097         3.694755488
