       -0.9982377097        0.1546317656
       -0.9907262387        0.1559801900
       -0.9772599500        0.1584214113
       -0.9579168192        0.1619820632
       -0.9328128083        0.1666996077
       -0.9020988070        0.1726223965
       -0.8659595032        0.1798091854
       -0.8246122308        0.1883284135
       -0.7783056514        0.1982572239
       -0.7273182552        0.2096801790
       -0.6719566846        0.2226876128
       -0.6125538897        0.2373735663
       -0.5494671251        0.2538332535
       -0.4830758017        0.2721600158
       -0.4137792044        0.2924417367
       -0.3419940908        0.3147567110
       -0.2681521850        0.3391689882
       -0.1926975807        0.3657232456
       -0.1160840707        0.3944392866
      -0.03877241751        0.4253063021
       0.03877241751        0.4582770824
        0.1160840707        0.4932624111
        0.1926975807        0.5301259159
        0.2681521850        0.5686796851
        0.3419940908        0.6086809805
        0.4137792044        0.6498303806
        0.4830758017        0.6917716730
        0.5494671251        0.7340937741
        0.6125538897        0.7763348871
        0.6719566846        0.8179890220
        0.7273182552        0.8585148857
        0.7783056514        0.8973470229
        0.8246122308        0.9339089515
        0.8659595032        0.9676278936
        0.9020988070        0.9979505821
        0.9328128083         1.024359512
        0.9579168192         1.046388936
        0.9772599500         1.063639894
        0.9907262387         1.075793671
        0.9982377097         1.082624825
