       -0.9982377097      0.003992974743
       -0.9907262387      0.004163521996
       -0.9772599500      0.004483431691
       -0.9579168192      0.004976228704
       -0.9328128083      0.005678168678
       -0.9020988070      0.006641007505
       -0.8659595032      0.007935766778
       -0.8246122308      0.009657688625
       -0.7783056514       0.01193254530
       -0.7273182552       0.01492445607
       -0.6719566846       0.01884532082
       -0.6125538897       0.02396589177
       -0.5494671251       0.03062835604
       -0.4830758017       0.03926007920
       -0.4137792044       0.05038785065
       -0.3419940908       0.06465157280
       -0.2681521850       0.08281585452
       -0.1926975807        0.1057774341
       -0.1160840707        0.1345658192
      -0.03877241751        0.1703340716
       0.03877241751        0.2143363983
        0.1160840707        0.2678892613
        0.1926975807        0.3323132460
        0.2681521850        0.4088540416
        0.3419940908        0.4985826851
        0.4137792044        0.6022776834
        0.4830758017        0.7202946435
        0.5494671251        0.8524323291
        0.6125538897        0.9978072042
        0.6719566846         1.154750988
        0.7273182552         1.320746929
        0.7783056514         1.492419883
        0.8246122308         1.665592429
        0.8659595032         1.835414182
        0.9020988070         1.996564320
        0.9328128083         2.143518975
        0.9579168192         2.270866512
        0.9772599500         2.373646215
        0.9907262387         2.447681373
        0.9982377097         2.489886092
