       -0.9982377097        0.2122798478
       -0.9907262387        0.2136257194
       -0.9772599500        0.2160559443
       -0.9579168192        0.2195861243
       -0.9328128083        0.2242376679
       -0.9020988070        0.2300377405
       -0.8659595032        0.2370186664
       -0.8246122308        0.2452171149
       -0.7783056514        0.2546730813
       -0.7273182552        0.2654286474
       -0.6719566846        0.2775265076
       -0.6125538897        0.2910082476
       -0.5494671251        0.3059123686
       -0.4830758017        0.3222720591
       -0.4137792044        0.3401127266
       -0.3419940908        0.3594493143
       -0.2681521850        0.3802834450
       -0.1926975807        0.4026004506
       -0.1160840707        0.4263663659
      -0.03877241751        0.4515249818
       0.03877241751        0.4779950752
        0.1160840707        0.5056679434
        0.1926975807        0.5344053875
        0.2681521850        0.5640382926
        0.3419940908        0.5943659510
        0.4137792044        0.6251562693
        0.4830758017        0.6561469763
        0.5494671251        0.6870479234
        0.6125538897        0.7175445297
        0.6719566846        0.7473023769
        0.7273182552        0.7759729063
        0.7783056514        0.8032001099
        0.8246122308        0.8286280540
        0.8659595032        0.8519090113
        0.9020988070        0.8727119353
        0.9328128083        0.8907309709
        0.9579168192        0.9056936732
        0.9772599500        0.9173686139
        0.9907262387        0.9255721445
        0.9982377097        0.9301752257
