       -0.9982377097       0.08733047189
       -0.9907262387       0.08848058833
       -0.9772599500       0.09057284868
       -0.9579168192       0.09364746988
       -0.9328128083       0.09776224951
       -0.9020988070        0.1029931999
       -0.8659595032        0.1094348456
       -0.8246122308        0.1172003998
       -0.7783056514        0.1264217432
       -0.7273182552        0.1372490832
       -0.6719566846        0.1498501536
       -0.6125538897        0.1644087912
       -0.5494671251        0.1811227173
       -0.4830758017        0.2002003413
       -0.4137792044        0.2218564104
       -0.3419940908        0.2463063486
       -0.2681521850        0.2737591611
       -0.1926975807        0.3044088393
       -0.1160840707        0.3384242776
      -0.03877241751        0.3759378157
       0.03877241751        0.4170326429
        0.1160840707        0.4617294363
        0.1926975807        0.5099727575
        0.2681521850        0.5616178743
        0.3419940908        0.6164188070
        0.4137792044        0.6740184964
        0.4830758017        0.7339420449
        0.5494671251        0.7955939687
        0.6125538897        0.8582603105
        0.6719566846        0.9211162914
        0.7273182552        0.9832399234
        0.7783056514         1.043631672
        0.8246122308         1.101239865
        0.8659595032         1.154991128
        0.9020988070         1.203824693
        0.9328128083         1.246729079
        0.9579168192         1.282779308
        0.9772599500         1.311172711
        0.9907262387         1.331261495
        0.9982377097         1.342583118
