       -0.9982377097     2.833365859e-07
       -0.9907262387     3.427417830e-07
       -0.9772599500     4.726740586e-07
       -0.9579168192     7.231151669e-07
       -0.9328128083     1.194325863e-06
       -0.9020988070     2.082097852e-06
       -0.8659595032     3.766151123e-06
       -0.8246122308     6.980457619e-06
       -0.7783056514     1.313790081e-05
       -0.7273182552     2.494204005e-05
       -0.6719566846     4.752457797e-05
       -0.6125538897     9.052756178e-05
       -0.5494671251     0.0001718470267
       -0.4830758017     0.0003242272738
       -0.4137792044     0.0006066110347
       -0.3419940908      0.001123175701
       -0.2681521850      0.002054347428
       -0.1926975807      0.003705711094
       -0.1160840707      0.006582356008
      -0.03877241751       0.01149722630
       0.03877241751       0.01972145575
        0.1160840707       0.03318095926
        0.1926975807       0.05469490723
        0.2681521850       0.08823646568
        0.3419940908        0.1391737494
        0.4137792044        0.2144210500
        0.4830758017        0.3224024666
        0.5494671251        0.4727118658
        0.6125538897        0.6753580141
        0.6719566846        0.9395256074
        0.7273182552         1.271870511
        0.7783056514         1.674497370
        0.8246122308         2.142918504
        0.8659595032         2.664424558
        0.9020988070         3.217357954
        0.9328128083         3.771722431
        0.9579168192         4.291363508
        0.9772599500         4.737636156
        0.9907262387         5.074108415
        0.9982377097         5.271578342
