       -0.9982377097        0.3042973722
       -0.9907262387        0.3054168877
       -0.9772599500        0.3074323828
       -0.9579168192        0.3103465743
       -0.9328128083        0.3141625035
       -0.9020988070        0.3188835701
       -0.8659595032        0.3245131502
       -0.8246122308        0.3310540940
       -0.7783056514        0.3385081250
       -0.7273182552        0.3468751509
       -0.6719566846        0.3561524908
       -0.6125538897        0.3663340298
       -0.5494671251        0.3774093110
       -0.4830758017        0.3893625801
       -0.4137792044        0.4021718028
       -0.3419940908        0.4158076757
       -0.2681521850        0.4302326595
       -0.1926975807        0.4454000629
       -0.1160840707        0.4612532134
      -0.03877241751        0.4777247507
       0.03877241751        0.4947360805
        0.1160840707        0.5121970297
        0.1926975807        0.5300057387
        0.2681521850        0.5480488273
        0.3419940908        0.5662018637
        0.4137792044        0.5843301601
        0.4830758017        0.6022899088
        0.5494671251        0.6199296625
        0.6125538897        0.6370921516
        0.6719566846        0.6536164134
        0.7273182552        0.6693402014
        0.7783056514        0.6841026216
        0.8246122308        0.6977469360
        0.8659595032        0.7101234592
        0.9020988070        0.7210924647
        0.9328128083        0.7305270166
        0.9579168192        0.7383156348
        0.9772599500        0.7443647150
        0.9907262387        0.7486006675
        0.9982377097        0.7509723220
