       -0.9982377097      0.002976442299
       -0.9907262387      0.001107766440
       -0.9772599500     2.730419422e-05
       -0.9579168192     0.0002994091994
       -0.9328128083     0.0006424894935
       -0.9020988070     0.0003075675038
       -0.8659595032     1.465552082e-07
       -0.8246122308     0.0002390581268
       -0.7783056514     0.0004390572438
       -0.7273182552     0.0001799361692
       -0.6719566846     5.046572479e-06
       -0.6125538897     0.0002710223869
       -0.5494671251     0.0004215959299
       -0.4830758017     0.0001369024706
       -0.4137792044     2.550495536e-05
       -0.3419940908     0.0003852663636
       -0.2681521850     0.0005111766071
       -0.1926975807     0.0001214651173
       -0.1160840707     8.515105639e-05
      -0.03877241751     0.0006768727535
       0.03877241751     0.0007710796631
        0.1160840707     0.0001167712280
        0.1926975807     0.0002882090487
        0.2681521850      0.001516305008
        0.3419940908      0.001484014069
        0.4137792044     0.0001006720965
        0.4830758017      0.001198796344
        0.5494671251      0.004677225728
        0.6125538897      0.003844191892
        0.6719566846     1.249470588e-05
        0.7273182552      0.007002277158
        0.7783056514       0.01801356585
        0.8246122308      0.002620059358
        0.8659595032       0.07059214391
        0.9020988070        0.7783970843
        0.9328128083         3.223510161
        0.9579168192         8.501229915
        0.9772599500         16.61688425
        0.9907262387         25.69790690
        0.9982377097         32.46806442
