       -0.9982377097     9.336111301e-10
       -0.9907262387     3.098685306e-10
       -0.9772599500     9.463098885e-14
       -0.9579168192     2.041050074e-10
       -0.9328128083     4.624018331e-10
       -0.9020988070     4.692354511e-10
       -0.8659595032     4.145726771e-10
       -0.8246122308     7.071895304e-10
       -0.7783056514     2.516635654e-09
       -0.7273182552     1.010959800e-08
       -0.6719566846     3.566494624e-08
       -0.6125538897     1.113305007e-07
       -0.5494671251     3.251971542e-07
       -0.4830758017     9.265556911e-07
       -0.4137792044     2.617583050e-06
       -0.3419940908     7.322124166e-06
       -0.2681521850     2.012153887e-05
       -0.1926975807     5.393470277e-05
       -0.1160840707     0.0001404080980
      -0.03877241751     0.0003542594050
       0.03877241751     0.0008652785075
        0.1160840707      0.002043779666
        0.1926975807      0.004662228815
        0.2681521850       0.01025610436
        0.3419940908       0.02172311869
        0.4137792044       0.04423476727
        0.4830758017       0.08647996386
        0.5494671251        0.1621239214
        0.6125538897        0.2911258549
        0.6719566846        0.5002419397
        0.7273182552        0.8217542157
        0.7783056514         1.289416402
        0.8246122308         1.931040185
        0.8659595032         2.758207561
        0.9020988070         3.755146474
        0.9328128083         4.870306934
        0.9579168192         6.014783919
        0.9772599500         7.070698429
        0.9907262387         7.909828115
        0.9982377097         8.419084319
