       -0.9982377097     5.651972235e-08
       -0.9907262387     2.084930223e-08
       -0.9772599500     4.801493969e-10
       -0.9579168192     5.689206906e-09
       -0.9328128083     1.188933131e-08
       -0.9020988070     5.533184267e-09
       -0.8659595032     1.470729535e-12
       -0.8246122308     4.090511344e-09
       -0.7783056514     6.929546078e-09
       -0.7273182552     2.190055794e-09
       -0.6719566846     5.962564118e-10
       -0.6125538897     8.839508966e-09
       -0.5494671251     1.839896598e-08
       -0.4830758017     2.417873640e-08
       -0.4137792044     4.074701573e-08
       -0.3419940908     1.302280920e-07
       -0.2681521850     5.609690876e-07
       -0.1926975807     2.309045650e-06
       -0.1160840707     8.412867135e-06
      -0.03877241751     2.779096938e-05
       0.03877241751     8.613081809e-05
        0.1160840707     0.0002555433098
        0.1926975807     0.0007297748644
        0.2681521850      0.002000221070
        0.3419940908      0.005234545201
        0.4137792044       0.01302316503
        0.4830758017       0.03071968184
        0.5494671251       0.06860073916
        0.6125538897        0.1448937366
        0.6719566846        0.2892183312
        0.7273182552        0.5450868084
        0.7783056514        0.9690153220
        0.8246122308         1.623177054
        0.8659595032         2.559403148
        0.9020988070         3.795492531
        0.9328128083         5.289819346
        0.9579168192         6.924910209
        0.9772599500         8.511594623
        0.9907262387         9.819989500
        0.9982377097         10.63290134
