       -0.9982377097        0.2625969302
       -0.9907262387        0.2638481571
       -0.9772599500        0.2661035245
       -0.9579168192        0.2693707574
       -0.9328128083        0.2736599779
       -0.9020988070        0.2789836829
       -0.8659595032        0.2853562334
       -0.8246122308        0.2927931764
       -0.7783056514        0.3013104222
       -0.7273182552        0.3109232784
       -0.6719566846        0.3216453420
       -0.6125538897        0.3334872544
       -0.5494671251        0.3464553272
       -0.4830758017        0.3605500530
       -0.4137792044        0.3757645223
       -0.3419940908        0.3920827730
       -0.2681521850        0.4094781109
       -0.1926975807        0.4279114440
       -0.1160840707        0.4473296838
      -0.03877241751        0.4676642749
       0.03877241751        0.4888299186
        0.1160840707        0.5107235619
        0.1926975807        0.5332237257
        0.2681521850        0.5561902422
        0.3419940908        0.5794644691
        0.4137792044        0.6028700373
        0.4830758017        0.6262141750
        0.5494671251        0.6492896350
        0.6125538897        0.6718772284
        0.6719566846        0.6937489454
        0.7273182552        0.7146716149
        0.7783056514        0.7344110297
        0.8246122308        0.7527364359
        0.8659595032        0.7694252623
        0.9020988070        0.7842679440
        0.9328128083        0.7970726831
        0.9579168192        0.8076699813
        0.9772599500        0.8159167888
        0.9907262387        0.8217001774
        0.9982377097        0.8249412441
