       -0.9982377097     1.335131696e-06
       -0.9907262387     1.567321469e-06
       -0.9772599500     2.059966153e-06
       -0.9579168192     2.969610585e-06
       -0.9328128083     4.595329398e-06
       -0.9020988070     7.489508092e-06
       -0.8659595032     1.266189013e-05
       -0.8246122308     2.194934483e-05
       -0.7783056514     3.867798891e-05
       -0.7273182552     6.883463065e-05
       -0.6719566846     0.0001231113797
       -0.6125538897     0.0002204189487
       -0.5494671251     0.0003938165805
       -0.4830758017     0.0007003193879
       -0.4137792044      0.001236750032
       -0.3419940908      0.002164705154
       -0.2681521850      0.003748745815
       -0.1926975807      0.006412912751
       -0.1160840707       0.01082124161
      -0.03877241751       0.01798749267
       0.03877241751       0.02941693120
        0.1160840707       0.04727763389
        0.1926975807       0.07458945832
        0.2681521850        0.1154050408
        0.3419940908        0.1749397382
        0.4137792044        0.2595890119
        0.4830758017        0.3767575353
        0.5494671251        0.5344217610
        0.6125538897        0.7403652871
        0.6719566846         1.001070944
        0.7273182552         1.320326576
        0.7783056514         1.697695416
        0.8246122308         2.127098069
        0.8659595032         2.595823203
        0.9020988070         3.084296622
        0.9328128083         3.566869119
        0.9579168192         4.013726677
        0.9772599500         4.393803737
        0.9907262387         4.678341475
        0.9982377097         4.844578786
