       -0.9982377097        0.4186896892
       -0.9907262387        0.4192444495
       -0.9772599500        0.4202405281
       -0.9579168192        0.4216747383
       -0.9328128083        0.4235421402
       -0.9020988070        0.4258361700
       -0.8659595032        0.4285485990
       -0.8246122308        0.4316694700
       -0.7783056514        0.4351870242
       -0.7273182552        0.4390876226
       -0.6719566846        0.4433556657
       -0.6125538897        0.4479735150
       -0.5494671251        0.4529214203
       -0.4830758017        0.4581774563
       -0.4137792044        0.4637174729
       -0.3419940908        0.4695150639
       -0.2681521850        0.4755415576
       -0.1926975807        0.4817660338
       -0.1160840707        0.4881553715
      -0.03877241751        0.4946743302
       0.03877241751        0.5012856678
        0.1160840707        0.5079502991
        0.1926975807        0.5146274936
        0.2681521850        0.5212751164
        0.3419940908        0.5278499100
        0.4137792044        0.5343078166
        0.4830758017        0.5406043380
        0.5494671251        0.5466949295
        0.6125538897        0.5525354233
        0.6719566846        0.5580824751
        0.7273182552        0.5632940265
        0.7783056514        0.5681297774
        0.8246122308        0.5725516563
        0.8659595032        0.5765242830
        0.9020988070        0.5800154128
        0.9328128083        0.5829963519
        0.9579168192        0.5854423381
        0.9772599500        0.5873328786
        0.9907262387        0.5886520524
        0.9982377097        0.5893889634
