       -0.9982377097        0.3869262413
       -0.9907262387        0.3876648859
       -0.9772599500        0.3889920192
       -0.9579168192        0.3909049006
       -0.9328128083        0.3933990808
       -0.9020988070        0.3964685266
       -0.8659595032        0.4001055066
       -0.8246122308        0.4043004323
       -0.7783056514        0.4090416738
       -0.7273182552        0.4143153563
       -0.6719566846        0.4201051428
       -0.6125538897        0.4263920101
       -0.5494671251        0.4331540231
       -0.4830758017        0.4403661166
       -0.4137792044        0.4479998913
       -0.3419940908        0.4560234334
       -0.2681521850        0.4644011662
       -0.1926975807        0.4730937424
       -0.1160840707        0.4820579871
      -0.03877241751        0.4912468999
       0.03877241751        0.5006097231
        0.1160840707        0.5100920848
        0.1926975807        0.5196362216
        0.2681521850        0.5291812856
        0.3419940908        0.5386637379
        0.4137792044        0.5480178288
        0.4830758017        0.5571761619
        0.5494671251        0.5660703382
        0.6125538897        0.5746316702
        0.6719566846        0.5827919591
        0.7273182552        0.5904843178
        0.7783056514        0.5976440282
        0.8246122308        0.6042094129
        0.8659595032        0.6101227034
        0.9020988070        0.6153308848
        0.9328128083        0.6197864973
        0.9579168192        0.6234483740
        0.9772599500        0.6262823014
        0.9907262387        0.6282616058
        0.9982377097        0.6293679395
