       -0.9982377097        0.4303050437
       -0.9907262387        0.4307877820
       -0.9772599500        0.4316543419
       -0.9579168192        0.4329016080
       -0.9328128083        0.4345247982
       -0.9020988070        0.4365175875
       -0.8659595032        0.4388720868
       -0.8246122308        0.4415788064
       -0.7783056514        0.4446266128
       -0.7273182552        0.4480026840
       -0.6719566846        0.4516924659
       -0.6125538897        0.4556796320
       -0.5494671251        0.4599460489
       -0.4830758017        0.4644717517
       -0.4137792044        0.4692349313
       -0.3419940908        0.4742119373
       -0.2681521850        0.4793772982
       -0.1926975807        0.4847037638
       -0.1160840707        0.4901623708
      -0.03877241751        0.4957225341
       0.03877241751        0.5013521664
        0.1160840707        0.5070178265
        0.1926975807        0.5126848986
        0.2681521850        0.5183178008
        0.3419940908        0.5238802234
        0.4137792044        0.5293353958
        0.4830758017        0.5346463791
        0.5494671251        0.5397763815
        0.6125538897        0.5446890934
        0.6719566846        0.5493490370
        0.7273182552        0.5537219248
        0.7783056514        0.5577750223
        0.8246122308        0.5614775083
        0.8659595032        0.5648008256
        0.9020988070        0.5677190156
        0.9328128083        0.5702090320
        0.9579168192        0.5722510248
        0.9772599500        0.5738285931
        0.9907262387        0.5749290123
        0.9982377097        0.5755435915
