       -0.9982377097     5.916107918e-06
       -0.9907262387     2.187687226e-06
       -0.9772599500     5.119961598e-08
       -0.9579168192     5.966506334e-07
       -0.9328128083     1.254620345e-06
       -0.9020988070     5.851486618e-07
       -0.8659595032     4.173992735e-11
       -0.8246122308     4.623077633e-07
       -0.7783056514     8.160944738e-07
       -0.7273182552     3.170957055e-07
       -0.6719566846     1.224846824e-08
       -0.6125538897     4.903436668e-07
       -0.5494671251     7.170049227e-07
       -0.4830758017     2.124660814e-07
       -0.4137792044     4.934405976e-08
       -0.3419940908     6.049763958e-07
       -0.2681521850     7.079919949e-07
       -0.1926975807     1.071691179e-07
       -0.1160840707     2.700053606e-07
      -0.03877241751     1.667701759e-06
       0.03877241751     3.008887659e-06
        0.1160840707     4.294229863e-06
        0.1926975807     1.017734094e-05
        0.2681521850     4.430156081e-05
        0.3419940908     0.0002156142939
        0.4137792044     0.0009156366543
        0.4830758017      0.003318155806
        0.5494671251       0.01060110432
        0.6125538897       0.03077318067
        0.6719566846       0.08248644078
        0.7273182552        0.2050106923
        0.7783056514        0.4712083897
        0.8246122308        0.9968052655
        0.8659595032         1.932377996
        0.9020988070         3.422948486
        0.9328128083         5.532136186
        0.9579168192         8.154165776
        0.9772599500         10.96319504
        0.9907262387         13.45108091
        0.9982377097         15.06788036
