       -0.9982377097     1.513297328e-05
       -0.9907262387     1.702728365e-05
       -0.9772599500     2.087445361e-05
       -0.9579168192     2.754469175e-05
       -0.9328128083     3.858444478e-05
       -0.9020988070     5.661892422e-05
       -0.8659595032     8.602925703e-05
       -0.8246122308     0.0001340670394
       -0.7783056514     0.0002126614950
       -0.7273182552     0.0003413101549
       -0.6719566846     0.0005516367593
       -0.6125538897     0.0008944634015
       -0.5494671251      0.001450585677
       -0.4830758017      0.002346853239
       -0.4137792044      0.003779609097
       -0.3419940908      0.006047947948
       -0.2681521850      0.009599467262
       -0.1926975807       0.01509096792
       -0.1160840707       0.02346558402
      -0.03877241751       0.03604568422
       0.03877241751       0.05463719163
        0.1160840707       0.08163545642
        0.1926975807        0.1201155689
        0.2681521850        0.1738816973
        0.3419940908        0.2474421703
        0.4137792044        0.3458720092
        0.4830758017        0.4745255935
        0.5494671251        0.6385724334
        0.6125538897        0.8423510802
        0.6719566846         1.088570354
        0.7273182552         1.377430190
        0.7783056514         1.705779246
        0.8246122308         2.066462038
        0.8659595032         2.448022051
        0.9020988070         2.834908007
        0.9328128083         3.208272874
        0.9579168192         3.547363341
        0.9772599500         3.831386068
        0.9907262387         4.041631017
        0.9982377097         4.163584602
