       -0.9982377097      0.001503772395
       -0.9907262387      0.001585489688
       -0.9772599500      0.001740572604
       -0.9579168192      0.001983735094
       -0.9328128083      0.002338165669
       -0.9020988070      0.002837895970
       -0.8659595032      0.003531158618
       -0.8246122308      0.004484989668
       -0.7783056514      0.005791363615
       -0.7273182552      0.007575187150
       -0.6719566846       0.01000449298
       -0.6125538897       0.01330314828
       -0.5494671251       0.01776629957
       -0.4830758017       0.02377858852
       -0.4137792044       0.03183485838
       -0.3419940908       0.04256259970
       -0.2681521850       0.05674473470
       -0.1926975807       0.07534051472
       -0.1160840707       0.09950133768
      -0.03877241751        0.1305772696
       0.03877241751        0.1701091186
        0.1160840707        0.2198002764
        0.1926975807        0.2814624725
        0.2681521850        0.3569303812
        0.3419940908        0.4479419455
        0.4137792044        0.5559845104
        0.4830758017        0.6821113902
        0.5494671251        0.8267390489
        0.6125538897        0.9894410849
        0.6719566846         1.168760772
        0.7273182552         1.362067907
        0.7783056514         1.565486955
        0.8246122308         1.773920977
        0.8659595032         1.981188970
        0.9020988070         2.180283251
        0.9328128083         2.363739291
        0.9579168192         2.524094836
        0.9772599500         2.654400664
        0.9907262387         2.748735293
        0.9982377097         2.802684025
