       -0.9982377097       0.01318064957
       -0.9907262387       0.01357650754
       -0.9772599500       0.01430950401
       -0.9579168192       0.01541650294
       -0.9328128083       0.01695285440
       -0.9020988070       0.01899506843
       -0.8659595032       0.02164420427
       -0.8246122308       0.02503008410
       -0.7783056514       0.02931631983
       -0.7273182552       0.03470608571
       -0.6719566846       0.04144849532
       -0.6125538897       0.04984533732
       -0.5494671251       0.06025778928
       -0.4830758017       0.07311256139
       -0.4137792044       0.08890672809
       -0.3419940908        0.1082102962
       -0.2681521850        0.1316653530
       -0.1926975807        0.1599804638
       -0.1160840707        0.1939188867
      -0.03877241751        0.2342791822
       0.03877241751        0.2818669741
        0.1160840707        0.3374570004
        0.1926975807        0.4017452286
        0.2681521850        0.4752916913
        0.3419940908        0.5584558261
        0.4137792044        0.6513273876
        0.4830758017        0.7536573501
        0.5494671251        0.8647944542
        0.6125538897        0.9836339882
        0.6719566846         1.108585815
        0.7273182552         1.237568377
        0.7783056514         1.368034293
        0.8246122308         1.497031149
        0.8659595032         1.621298300
        0.9020988070         1.737397100
        0.9328128083         1.841868357
        0.9579168192         1.931407400
        0.9772599500         2.003044432
        0.9907262387         2.054316716
        0.9982377097         2.083425931
