       -0.9982377097        0.4477795522
       -0.9907262387        0.4481492806
       -0.9772599500        0.4488127508
       -0.9579168192        0.4497671940
       -0.9328128083        0.4510084078
       -0.9020988070        0.4525308640
       -0.8659595032        0.4543277103
       -0.8246122308        0.4563907630
       -0.7783056514        0.4587104985
       -0.7273182552        0.4612760463
       -0.6719566846        0.4640751852
       -0.6125538897        0.4670943438
       -0.5494671251        0.4703186072
       -0.4830758017        0.4737317317
       -0.4137792044        0.4773161680
       -0.3419940908        0.4810530965
       -0.2681521850        0.4849224732
       -0.1926975807        0.4889030907
       -0.1160840707        0.4929726531
      -0.03877241751        0.4971078671
       0.03877241751        0.5012845493
        0.1160840707        0.5054777500
        0.1926975807        0.5096618945
        0.2681521850        0.5138109405
        0.3419940908        0.5178985508
        0.4137792044        0.5218982809
        0.4830758017        0.5257837800
        0.5494671251        0.5295290017
        0.6125538897        0.5331084245
        0.6719566846        0.5364972768
        0.7273182552        0.5396717656
        0.7783056514        0.5426093035
        0.8246122308        0.5452887327
        0.8659595032        0.5476905396
        0.9020988070        0.5497970596
        0.9328128083        0.5515926655
        0.9579168192        0.5530639389
        0.9772599500        0.5541998208
        0.9907262387        0.5549917498
        0.9982377097        0.5554338973
