       -0.9982377097      0.001889713713
       -0.9907262387      0.001987066619
       -0.9772599500      0.002171302979
       -0.9579168192      0.002458947177
       -0.9328128083      0.002875902751
       -0.9020988070      0.003459936193
       -0.8659595032      0.004264165755
       -0.8246122308      0.005361798873
       -0.7783056514      0.006852381765
       -0.7273182552      0.008869850716
       -0.6719566846       0.01159267460
       -0.6125538897       0.01525633408
       -0.5494671251       0.02016827261
       -0.4830758017       0.02672525161
       -0.4137792044       0.03543272089
       -0.3419940908       0.04692535094
       -0.2681521850       0.06198725508
       -0.1926975807       0.08156966514
       -0.1160840707        0.1068029567
      -0.03877241751        0.1389990362
       0.03877241751        0.1796393429
        0.1160840707        0.2303432773
        0.1926975807        0.2928119845
        0.2681521850        0.3687433404
        0.3419940908        0.4597159365
        0.4137792044        0.5670429463
        0.4830758017        0.6916009412
        0.5494671251        0.8336437196
        0.6125538897        0.9926164713
        0.6719566846         1.166990312
        0.7273182552         1.354140404
        0.7783056514         1.550291540
        0.8246122308         1.750552319
        0.8659595032         1.949052620
        0.9020988070         2.139188951
        0.9328128083         2.313969636
        0.9579168192         2.466438036
        0.9772599500         2.590139499
        0.9907262387         2.679589233
        0.9982377097         2.730706608
