       -0.9982377097     0.0001004921291
       -0.9907262387     0.0001098107734
       -0.9772599500     0.0001281693044
       -0.9579168192     0.0001586103555
       -0.9328128083     0.0002062650232
       -0.9020988070     0.0002793151384
       -0.8659595032     0.0003905031561
       -0.8246122308     0.0005594377899
       -0.7783056514     0.0008160490407
       -0.7273182552      0.001205684116
       -0.6719566846      0.001796505289
       -0.6125538897      0.002690046077
       -0.5494671251      0.004035985266
       -0.4830758017      0.006052372276
       -0.4137792044      0.009052619087
       -0.3419940908       0.01348046709
       -0.2681521850       0.01995371079
       -0.1926975807       0.02931655481
       -0.1160840707       0.04269892997
      -0.03877241751       0.06157876907
       0.03877241751       0.08784011537
        0.1160840707        0.1238161669
        0.1926975807        0.1723023869
        0.2681521850        0.2365214183
        0.3419940908        0.3200198636
        0.4137792044        0.4264784057
        0.4830758017        0.5594226174
        0.5494671251        0.7218330943
        0.6125538897        0.9156702995
        0.6719566846         1.141350397
        0.7273182552         1.397230393
        0.7783056514         1.679179562
        0.8246122308         1.980324041
        0.8659595032         2.291047410
        0.9020988070         2.599308879
        0.9328128083         2.891302240
        0.9579168192         3.152427373
        0.9772599500         3.368490283
        0.9907262387         3.526999740
        0.9982377097         3.618419609
