-11.2   0.924 0.378 0.0496 0.00328 0.000131 3.48e-06 6.62e-08 9.47e-10 1.05e-11 9.4e-14 
65.3   0.38 -0.903 -0.201 -0.0168 -0.000767 -2.23e-05 -4.53e-07 -6.79e-09 -7.84e-11 -7.19e-13 
179   -0.0314 0.205 -0.969 -0.134 -0.00782 -0.000264 -5.94e-06 -9.59e-08 -1.17e-09 -1.12e-11 
356   0.000869 -0.0113 0.135 -0.986 -0.101 -0.00453 -0.000122 -2.24e-06 -3.01e-08 -3.11e-10 
592   -1.26e-05 0.000272 -0.00589 0.101 -0.992 -0.0805 -0.00296 -6.63e-05 -1.03e-06 -1.18e-08 
888   1.13e-07 -3.67e-06 0.000124 -0.00363 0.0806 -0.994 -0.0671 -0.00208 -4e-05 -5.37e-07 
1.24e+03   -6.94e-10 3.14e-08 -1.51e-06 6.67e-05 -0.00247 0.0671 -0.996 -0.0575 -0.00155 -2.59e-05 
1.66e+03   3.08e-12 -1.85e-10 1.21e-08 -7.39e-07 4.01e-05 -0.00179 0.0575 -0.997 -0.0503 -0.00119 
2.13e+03   1.03e-14 -8.01e-13 6.75e-11 -5.46e-09 4.04e-07 -2.6e-05 0.00135 -0.0503 0.998 0.0447 
2.66e+03   -1.99e-17 2.62e-15 -2.78e-13 2.86e-11 -2.76e-09 2.39e-07 -1.78e-05 0.00106 -0.0447 0.999 
