       -0.9937521706         2.671060407
       -0.9672268386         2.315873107
       -0.9200993342         1.794318831
       -0.8533633646         1.245659551
       -0.7684399635        0.7780636447
       -0.6671388042        0.4398745786
       -0.5516188359        0.2270499916
       -0.4243421202        0.1085779920
       -0.2880213168       0.04973495588
       -0.1455618542       0.02429825951
     6.123233996e-17       0.01737858254
        0.1455618542       0.02429825951
        0.2880213168       0.04973495588
        0.4243421202        0.1085779920
        0.5516188359        0.2270499916
        0.6671388042        0.4398745786
        0.7684399635        0.7780636447
        0.8533633646         1.245659551
        0.9200993342         1.794318831
        0.9672268386         2.315873107
        0.9937521706         2.671060407
