         0.000000000       0.09649194129
        0.1365909849       0.09682205842
        0.2731819699       0.09781695302
        0.4097729548       0.09949015724
        0.5463639398        0.1018638719
        0.6829549247        0.1049683367
        0.8195459096        0.1088407407
        0.9561368946        0.1135234450
         1.092727880        0.1190612102
         1.229318864        0.1254970302
         1.365909849        0.1328661092
         1.502500834        0.1411875030
         1.639091819        0.1504530572
         1.775682804        0.1606135987
         1.912273789        0.1715629783
         2.048864774        0.1831215840
         2.185455759        0.1950222713
         2.322046744        0.2069029961
         2.458637729        0.2183112102
         2.595228714        0.2287245347
         2.731819699        0.2375897702
         2.868410684        0.2443779318
         3.005001669        0.2486477027
         3.141592654        0.2501053392
         3.278183639        0.2486477027
         3.414774623        0.2443779318
         3.551365608        0.2375897702
         3.687956593        0.2287245347
         3.824547578        0.2183112102
         3.961138563        0.2069029961
         4.097729548        0.1950222713
         4.234320533        0.1831215840
         4.370911518        0.1715629783
         4.507502503        0.1606135987
         4.644093488        0.1504530572
         4.780684473        0.1411875030
         4.917275458        0.1328661092
         5.053866443        0.1254970302
         5.190457428        0.1190612102
         5.327048413        0.1135234450
         5.463639398        0.1088407407
         5.600230382        0.1049683367
         5.736821367        0.1018638719
         5.873412352       0.09949015724
         6.010003337       0.09781695302
         6.146594322       0.09682205842
