        -1.000000000     0.0007459784330
       -0.9800000000      0.001637956335
       -0.9600000000      0.002307376663
       -0.9400000000      0.001263796706
       -0.9200000000      0.002019262150
       -0.9000000000      0.003363284925
       -0.8800000000      0.002768321468
       -0.8600000000     0.0007193773026
       -0.8400000000      0.002738829805
       -0.8200000000      0.004478709545
       -0.8000000000      0.002837065911
       -0.7800000000      0.001464984202
       -0.7600000000      0.003065439886
       -0.7400000000      0.007423026583
       -0.7200000000      0.005228037566
       -0.7000000000      0.002613778722
       -0.6800000000      0.004284829543
       -0.6600000000     0.0007274769362
       -0.6400000000       0.01298443659
       -0.6200000000      0.008660026755
       -0.6000000000      0.002686746490
       -0.5800000000      0.007185893627
       -0.5600000000      0.003060036599
       -0.5400000000      0.003117724205
       -0.5200000000       0.02215975463
       -0.5000000000       0.01270899756
       -0.4800000000      0.003688933547
       -0.4600000000       0.01455924901
       -0.4400000000      0.001833609927
       -0.4200000000      0.009603912401
       -0.4000000000       0.01262623049
       -0.3800000000       0.02742203449
       -0.3600000000       0.02473076155
       -0.3400000000       0.01832226827
       -0.3200000000      0.004292674801
       -0.3000000000       0.02004209753
       -0.2800000000      0.005773012862
       -0.2600000000       0.02204698632
       -0.2400000000       0.07271732284
       -0.2200000000       0.01169639624
       -0.2000000000       0.03192993095
       -0.1800000000       0.01558414026
       -0.1600000000       0.02295593571
       -0.1400000000       0.01139374929
       -0.1200000000       0.02612662663
       -0.1000000000        0.1225386017
      -0.08000000000       0.03359689897
      -0.06000000000       0.05552724072
      -0.04000000000       0.03617486462
      -0.02000000000       0.02302988946
         0.000000000       0.04678123158
       0.02000000000       0.01720606356
       0.04000000000        0.1511682397
       0.06000000000        0.1117062038
       0.08000000000       0.09931266883
        0.1000000000       0.06149581571
        0.1200000000       0.03737951732
        0.1400000000       0.08361065742
        0.1600000000       0.01546206050
        0.1800000000        0.2725111151
        0.2000000000        0.1602982315
        0.2200000000        0.1467303112
        0.2400000000        0.1259875209
        0.2600000000       0.09940683339
        0.2800000000       0.08760972550
        0.3000000000       0.07773807798
        0.3200000000        0.3900373271
        0.3400000000        0.3577421469
        0.3600000000        0.2058433487
        0.3800000000        0.1895716593
        0.4000000000        0.1650337154
        0.4200000000        0.1859798977
        0.4400000000        0.1348532043
        0.4600000000        0.7639115695
        0.4800000000        0.3947923495
        0.5000000000        0.3944319125
        0.5200000000        0.3415720176
        0.5400000000        0.3132728426
        0.5600000000        0.2343739915
        0.5800000000         1.008237833
        0.6000000000        0.7907980441
        0.6200000000        0.6297414164
        0.6400000000        0.6791348558
        0.6600000000        0.4427300302
        0.6800000000        0.3714711822
        0.7000000000         1.805534419
        0.7200000000         1.187907984
        0.7400000000         1.203158518
        0.7600000000        0.6228079436
        0.7800000000        0.7701936507
        0.8000000000         2.801377882
        0.8200000000         1.803518373
        0.8400000000         1.341915309
        0.8600000000         1.493691685
        0.8800000000         3.805232258
        0.9000000000         2.681166821
        0.9200000000         2.048534148
        0.9400000000         4.924719353
        0.9600000000         3.729891031
        0.9800000000         6.810019142
         1.000000000         2.631933346
