        -1.000000000     0.0001431088813
       -0.9800000000     0.0002875330976
       -0.9600000000     4.226010232e-05
       -0.9400000000     0.0001078415481
       -0.9200000000     1.171418020e-05
       -0.9000000000     1.079570913e-05
       -0.8800000000     1.909004091e-05
       -0.8600000000     8.116643999e-06
       -0.8400000000     9.408137276e-06
       -0.8200000000     1.054179822e-05
       -0.8000000000     7.689819975e-06
       -0.7800000000     6.647904956e-06
       -0.7600000000     6.700506828e-06
       -0.7400000000     1.294327968e-05
       -0.7200000000     1.081310358e-05
       -0.7000000000     1.505998061e-05
       -0.6800000000     3.562518252e-06
       -0.6600000000     4.968278147e-06
       -0.6400000000     1.331716580e-05
       -0.6200000000     1.045286390e-05
       -0.6000000000     1.131448076e-05
       -0.5800000000     1.322261481e-05
       -0.5600000000     4.318795516e-06
       -0.5400000000     3.660648117e-06
       -0.5200000000     1.516788408e-05
       -0.5000000000     1.001436113e-05
       -0.4800000000     8.783443951e-06
       -0.4600000000     1.297402636e-05
       -0.4400000000     4.224466004e-06
       -0.4200000000     6.602846220e-06
       -0.4000000000     1.136803985e-05
       -0.3800000000     2.012545299e-05
       -0.3600000000     1.884879312e-05
       -0.3400000000     1.637124663e-05
       -0.3200000000     1.044047019e-05
       -0.3000000000     9.022536248e-06
       -0.2800000000     3.542689724e-06
       -0.2600000000     3.548880054e-05
       -0.2400000000     9.913304452e-05
       -0.2200000000     1.178727109e-05
       -0.2000000000     4.071994706e-05
       -0.1800000000     1.228139678e-05
       -0.1600000000     3.231169462e-05
       -0.1400000000     7.123358455e-06
       -0.1200000000     2.778774062e-05
       -0.1000000000     0.0004277320247
      -0.08000000000     0.0001123872649
      -0.06000000000     0.0001629895760
      -0.04000000000     9.102187521e-05
      -0.02000000000     5.671385059e-05
         0.000000000     7.828918851e-05
       0.02000000000     4.162041457e-05
       0.04000000000      0.001357749792
       0.06000000000     0.0008596270395
       0.08000000000     0.0007157049671
        0.1000000000     0.0005554286265
        0.1200000000     8.470762474e-05
        0.1400000000     0.0004814153466
        0.1600000000     1.334526151e-05
        0.1800000000      0.005312580846
        0.2000000000      0.003304233497
        0.2200000000      0.002797451757
        0.2400000000      0.002320998941
        0.2600000000      0.001180014508
        0.2800000000      0.001112011249
        0.3000000000     0.0008859645976
        0.3200000000       0.01788944396
        0.3400000000       0.02033008797
        0.3600000000      0.003410902234
        0.3800000000      0.008371096349
        0.4000000000      0.006342421921
        0.4200000000      0.006353536751
        0.4400000000      0.001924250694
        0.4600000000       0.08677648938
        0.4800000000       0.03400142801
        0.5000000000       0.03109061971
        0.5200000000       0.02573163297
        0.5400000000       0.02392359287
        0.5600000000       0.01176972612
        0.5800000000        0.2319045838
        0.6000000000        0.1213426669
        0.6200000000        0.1352447895
        0.6400000000       0.08941993583
        0.6600000000       0.06380116915
        0.6800000000       0.02402633837
        0.7000000000        0.7792381619
        0.7200000000        0.4081335589
        0.7400000000        0.3126860372
        0.7600000000        0.1690943018
        0.7800000000        0.2295359763
        0.8000000000         2.065341907
        0.8200000000        0.9537516529
        0.8400000000        0.7488200861
        0.8600000000        0.7800516845
        0.8800000000         4.593494273
        0.9000000000         2.274421283
        0.9200000000         1.990546714
        0.9400000000         8.396999424
        0.9600000000         5.214229722
        0.9800000000         13.90345375
         1.000000000         6.213405570
