        -1.000000000       0.06359257495
       -0.9800000000        0.1488479896
       -0.9600000000        0.1899752554
       -0.9400000000        0.1041019481
       -0.9200000000        0.1500528698
       -0.9000000000        0.1990528419
       -0.8800000000        0.1729810135
       -0.8600000000       0.08076344129
       -0.8400000000        0.1595887678
       -0.8200000000        0.2114131768
       -0.8000000000        0.1416883097
       -0.7800000000        0.1219974986
       -0.7600000000        0.1269877457
       -0.7400000000        0.2467709852
       -0.7200000000        0.1864031965
       -0.7000000000        0.1404027308
       -0.6800000000        0.1629387944
       -0.6600000000       0.07781596031
       -0.6400000000        0.2850256773
       -0.6200000000        0.2064607843
       -0.6000000000        0.1190694587
       -0.5800000000        0.1977244576
       -0.5600000000        0.1209552604
       -0.5400000000        0.1072765383
       -0.5200000000        0.3207140446
       -0.5000000000        0.2057141605
       -0.4800000000        0.1622902768
       -0.4600000000        0.2327007459
       -0.4400000000       0.09972898577
       -0.4200000000        0.1728992466
       -0.4000000000        0.1805928433
       -0.3800000000        0.3002729484
       -0.3600000000        0.2810213475
       -0.3400000000        0.2154105691
       -0.3200000000        0.1348658890
       -0.3000000000        0.2378090150
       -0.2800000000        0.1162785917
       -0.2600000000        0.2022128412
       -0.2400000000        0.4702569125
       -0.2200000000        0.1888972452
       -0.2000000000        0.2615444722
       -0.1800000000        0.2036565038
       -0.1600000000        0.1821527505
       -0.1400000000        0.1798771389
       -0.1200000000        0.1989775560
       -0.1000000000        0.5357678881
      -0.08000000000        0.2353359804
      -0.06000000000        0.3496331725
      -0.04000000000        0.2478308149
      -0.02000000000        0.1851013428
         0.000000000        0.2679044408
       0.02000000000        0.1626848786
       0.04000000000        0.5073454367
       0.06000000000        0.4618205264
       0.08000000000        0.4027820541
        0.1000000000        0.2718572362
        0.1200000000        0.1971801139
        0.1400000000        0.3598127884
        0.1600000000        0.1652186379
        0.1800000000        0.6788810788
        0.2000000000        0.4188496458
        0.2200000000        0.4224297257
        0.2400000000        0.4343577135
        0.2600000000        0.3490321850
        0.2800000000        0.2771989453
        0.3000000000        0.2625928134
        0.3200000000        0.7589144203
        0.3400000000        0.6184261839
        0.3600000000        0.5392317065
        0.3800000000        0.4275245898
        0.4000000000        0.3848201868
        0.4200000000        0.4369560621
        0.4400000000        0.3432912111
        0.4600000000        0.9771285647
        0.4800000000        0.6179832778
        0.5000000000        0.6514068066
        0.5200000000        0.6515040206
        0.5400000000        0.4635850055
        0.5600000000        0.4038243203
        0.5800000000        0.9987753909
        0.6000000000        0.9329070309
        0.6200000000        0.6902725602
        0.6400000000        0.9027984630
        0.6600000000        0.5342114081
        0.6800000000        0.5326611197
        0.7000000000         1.326686425
        0.7200000000         1.070898688
        0.7400000000         1.221251253
        0.7600000000        0.5711470496
        0.7800000000        0.6960612587
        0.8000000000         1.715703936
        0.8200000000         1.318614301
        0.8400000000         1.040785678
        0.8600000000        0.9924132780
        0.8800000000         1.967028455
        0.9000000000         1.658827878
        0.9200000000         1.150519846
        0.9400000000         2.206629010
        0.9600000000         1.853815147
        0.9800000000         2.865134859
         1.000000000         1.014881828
