       -0.9937521706        0.8657783571
       -0.9672268386        0.8316928875
       -0.9200993342        0.7751363470
       -0.8533633646        0.7031930946
       -0.7684399635        0.6241045634
       -0.6671388042        0.5458302875
       -0.5516188359        0.4749960982
       -0.4243421202        0.4164034160
       -0.2880213168        0.3730679804
       -0.1455618542        0.3466049268
     6.123233996e-17        0.3377214545
        0.1455618542        0.3466049268
        0.2880213168        0.3730679804
        0.4243421202        0.4164034160
        0.5516188359        0.4749960982
        0.6671388042        0.5458302875
        0.7684399635        0.6241045634
        0.8533633646        0.7031930946
        0.9200993342        0.7751363470
        0.9672268386        0.8316928875
        0.9937521706        0.8657783571
