         0.000000000       0.08259360487
        0.1365909849       0.08298827751
        0.2731819699       0.08418012886
        0.4097729548       0.08619240067
        0.5463639398       0.08906290067
        0.6829549247       0.09284238001
        0.8195459096       0.09759181425
        0.9561368946        0.1033781779
         1.092727880        0.1102682585
         1.229318864        0.1183200991
         1.365909849        0.1275718243
         1.502500834        0.1380279449
         1.639091819        0.1496437533
         1.775682804        0.1623091070
         1.912273789        0.1758336508
         2.048864774        0.1899362042
         2.185455759        0.2042413977
         2.322046744        0.2182864669
         2.458637729        0.2315402024
         2.595228714        0.2434344037
         2.731819699        0.2534059605
         2.868410684        0.2609453185
         3.005001669        0.2656451517
         3.141592654        0.2672421304
         3.278183639        0.2656451517
         3.414774623        0.2609453185
         3.551365608        0.2534059605
         3.687956593        0.2434344037
         3.824547578        0.2315402024
         3.961138563        0.2182864669
         4.097729548        0.2042413977
         4.234320533        0.1899362042
         4.370911518        0.1758336508
         4.507502503        0.1623091070
         4.644093488        0.1496437533
         4.780684473        0.1380279449
         4.917275458        0.1275718243
         5.053866443        0.1183200991
         5.190457428        0.1102682585
         5.327048413        0.1033781779
         5.463639398       0.09759181425
         5.600230382       0.09284238001
         5.736821367       0.08906290067
         5.873412352       0.08619240067
         6.010003337       0.08418012886
         6.146594322       0.08298827751
