       -0.9937521706        0.5600319560
       -0.9672268386        0.5551202189
       -0.9200993342        0.5467670158
       -0.8533633646        0.5357410402
       -0.7684399635        0.5230375938
       -0.6671388042        0.5097723769
       -0.5516188359        0.4970741050
       -0.4243421202        0.4859877896
       -0.2880213168        0.4773968849
       -0.1455618542        0.4719671521
     6.123233996e-17        0.4701107800
        0.1455618542        0.4719671521
        0.2880213168        0.4773968849
        0.4243421202        0.4859877896
        0.5516188359        0.4970741050
        0.6671388042        0.5097723769
        0.7684399635        0.5230375938
        0.8533633646        0.5357410402
        0.9200993342        0.5467670158
        0.9672268386        0.5551202189
        0.9937521706        0.5600319560
