         0.000000000        0.1120122306
        0.1365909849        0.1123499474
        0.2731819699        0.1133631093
        0.4097729548        0.1150514612
        0.5463639398        0.1174136168
        0.6829549247        0.1204456314
        0.8195459096        0.1241390410
        0.9561368946        0.1284784248
         1.092727880        0.1334385856
         1.229318864        0.1389814977
         1.365909849        0.1450532327
         1.502500834        0.1515811415
         1.639091819        0.1584716292
         1.775682804        0.1656088988
         1.912273789        0.1728550432
         2.048864774        0.1800518201
         2.185455759        0.1870243364
         2.322046744        0.1935867091
         2.458637729        0.1995495524
         2.595228714        0.2047289034
         2.731819699        0.2089559681
         2.868410684        0.2120868865
         3.005001669        0.2140116156
         3.141592654        0.2146610477
         3.278183639        0.2140116156
         3.414774623        0.2120868865
         3.551365608        0.2089559681
         3.687956593        0.2047289034
         3.824547578        0.1995495524
         3.961138563        0.1935867091
         4.097729548        0.1870243364
         4.234320533        0.1800518201
         4.370911518        0.1728550432
         4.507502503        0.1656088988
         4.644093488        0.1584716292
         4.780684473        0.1515811415
         4.917275458        0.1450532327
         5.053866443        0.1389814977
         5.190457428        0.1334385856
         5.327048413        0.1284784248
         5.463639398        0.1241390410
         5.600230382        0.1204456314
         5.736821367        0.1174136168
         5.873412352        0.1150514612
         6.010003337        0.1133631093
         6.146594322        0.1123499474
