       -0.9937521706        0.5437721061
       -0.9672268386        0.5402180081
       -0.9200993342        0.5341648906
       -0.8533633646        0.5261577479
       -0.7684399635        0.5169076683
       -0.6671388042        0.5072196183
       -0.5516188359        0.4979172927
       -0.4243421202        0.4897726408
       -0.2880213168        0.4834460873
       -0.1455618542        0.4794405533
     6.123233996e-17        0.4780698540
        0.1455618542        0.4794405533
        0.2880213168        0.4834460873
        0.4243421202        0.4897726408
        0.5516188359        0.4979172927
        0.6671388042        0.5072196183
        0.7684399635        0.5169076683
        0.8533633646        0.5261577479
        0.9200993342        0.5341648906
        0.9672268386        0.5402180081
        0.9937521706        0.5437721061
