         0.000000000        0.1176327164
        0.1365909849        0.1179419545
        0.2731819699        0.1188688574
        0.4097729548        0.1204107586
        0.5463639398        0.1225624451
        0.6829549247        0.1253150273
        0.8195459096        0.1286544116
        0.9561368946        0.1325594389
         1.092727880        0.1369997866
         1.229318864        0.1419337705
         1.365909849        0.1473062236
         1.502500834        0.1530466739
         1.639091819        0.1590680699
         1.775682804        0.1652663212
         1.912273789        0.1715209075
         2.048864774        0.1776967605
         2.185455759        0.1836475400
         2.322046744        0.1892203026
         2.458637729        0.1942614104
         2.595228714        0.1986233693
         2.731819699        0.2021721372
         2.868410684        0.2047943296
         3.005001669        0.2064036980
         3.141592654        0.2069462773
         3.278183639        0.2064036980
         3.414774623        0.2047943296
         3.551365608        0.2021721372
         3.687956593        0.1986233693
         3.824547578        0.1942614104
         3.961138563        0.1892203026
         4.097729548        0.1836475400
         4.234320533        0.1776967605
         4.370911518        0.1715209075
         4.507502503        0.1652663212
         4.644093488        0.1590680699
         4.780684473        0.1530466739
         4.917275458        0.1473062236
         5.053866443        0.1419337705
         5.190457428        0.1369997866
         5.327048413        0.1325594389
         5.463639398        0.1286544116
         5.600230382        0.1253150273
         5.736821367        0.1225624451
         5.873412352        0.1204107586
         6.010003337        0.1188688574
         6.146594322        0.1179419545
