       -0.9955569698         15.64692688
       -0.9766639215         8.154269795
       -0.9429745712         2.263091079
       -0.8949919979        0.2446353100
       -0.8334426288      0.003945022362
       -0.7592592630      0.001437552510
       -0.6735663685      0.001116198734
       -0.5776629302     0.0009203420287
       -0.4730027314     0.0003248160489
       -0.3611723058     0.0004879862628
       -0.2438668837     0.0001424802027
       -0.1228646926     0.0003529576634
     6.123233996e-17     0.0001057349468
        0.1228646926     0.0003529576634
        0.2438668837     0.0001424802027
        0.3611723058     0.0004879862629
        0.4730027314     0.0003248160489
        0.5776629302     0.0009203420289
        0.6735663685      0.001116198734
        0.7592592630      0.001437552511
        0.8334426288      0.003945022363
        0.8949919979        0.2446353100
        0.9429745712         2.263091079
        0.9766639215         8.154269797
        0.9955569698         15.64692688
