       -0.9955569698         11.63071736
       -0.9766639215         7.228587781
       -0.9429745712         2.999760368
       -0.8949919979        0.7989822999
       -0.8334426288        0.1315580691
       -0.7592592630       0.01436165939
       -0.6735663685      0.001687023775
       -0.5776629302     0.0002670095305
       -0.4730027314     3.294808315e-05
       -0.3611723058     3.916561618e-05
       -0.2438668837     1.580907634e-05
       -0.1228646926     3.233917909e-05
     6.123233996e-17     1.300651702e-05
        0.1228646926     3.233917917e-05
        0.2438668837     1.580907639e-05
        0.3611723058     3.916561643e-05
        0.4730027314     3.294808338e-05
        0.5776629302     0.0002670095333
        0.6735663685      0.001687023794
        0.7592592630       0.01436165955
        0.8334426288        0.1315580705
        0.8949919979        0.7989823087
        0.9429745712         2.999760401
        0.9766639215         7.228587861
        0.9955569698         11.63071749
