-1  0.0101555
-0.98  0.0402174
-0.96  0.0415011
-0.94  0.00562251
-0.92  0.0167319
-0.9  0.0381841
-0.88  0.0729351
-0.86  0.000757346
-0.84  0.00961488
-0.82  0.0499261
-0.8  0.0171621
-0.78  0.0165017
-0.76  0.0546198
-0.74  0.0693576
-0.72  0.0377485
-0.7  0.0582277
-0.68  0.012897
-0.66  0.0224762
-0.64  0.0100268
-0.62  0.0195084
-0.6  0.101641
-0.58  0.121591
-0.56  0.00707323
-0.54  0.0694723
-0.52  0.0599537
-0.5  0.00517567
-0.48  0.0595645
-0.46  0.0392447
-0.44  0.03746
-0.42  0.00810854
-0.4  0.107072
-0.38  0.183811
-0.36  0.0575286
-0.34  0.183092
-0.32  0.0193045
-0.3  0.0216964
-0.28  0.0556305
-0.26  0.0928276
-0.24  0.0191527
-0.22  0.0288898
-0.2  0.0728061
-0.18  0.222773
-0.16  0.269151
-0.14  0.0620342
-0.12  0.209548
-0.1  0.0886622
-0.08  0.141998
-0.06  0.144027
-0.04  0.0652109
-0.02  0.0134254
0  0.117409
0.02  0.113548
0.04  0.0106108
0.06  0.633006
0.08  0.230437
0.1  0.328217
0.12  0.245717
0.14  0.240219
0.16  0.0115761
0.18  0.181972
0.2  0.289509
0.22  0.0462709
0.24  0.188195
0.26  0.0295575
0.28  0.585556
0.3  0.692113
0.32  0.56173
0.34  0.396382
0.36  0.364735
0.38  0.488231
0.4  0.303436
0.42  0.136689
0.44  0.286741
0.46  0.345096
0.48  0.0605927
0.5  1.62856
0.52  0.898338
0.54  0.881788
0.56  0.605151
0.58  0.56368
0.6  0.479917
0.62  0.805738
0.64  0.280449
0.66  0.467496
0.68  1.67793
0.7  1.54562
0.72  1.3511
0.74  1.2208
0.76  1.67237
0.78  0.433614
0.8  1.17213
0.82  0.836214
0.84  3.17155
0.86  2.49564
0.88  1.74924
0.9  1.83447
0.92  1.85724
0.94  3.12836
0.96  4.13307
0.98  3.10403

