       -0.9841830547         1.604176730
       -0.9175983992         1.287021300
       -0.8015780907        0.8730593082
       -0.6423493394        0.5112659143
       -0.4484927510        0.2723338265
       -0.2304583160        0.1508979196
     6.123233996e-17        0.1154874253
        0.2304583160        0.1508979196
        0.4484927510        0.2723338265
        0.6423493394        0.5112659143
        0.8015780907        0.8730593082
        0.9175983992         1.287021300
        0.9841830547         1.604176730
