       -0.9955569698         1.312807584
       -0.9766639215         1.249271535
       -0.9429745712         1.143665773
       -0.8949919979         1.008887267
       -0.8334426288        0.8598383253
       -0.7592592630        0.7106864380
       -0.6735663685        0.5728115102
       -0.5776629302        0.4538003731
       -0.4730027314        0.3574824262
       -0.3611723058        0.2847200609
       -0.2438668837        0.2345581748
       -0.1228646926        0.2053786697
     6.123233996e-17        0.1958246004
        0.1228646926        0.2053786697
        0.2438668837        0.2345581748
        0.3611723058        0.2847200609
        0.4730027314        0.3574824262
        0.5776629302        0.4538003731
        0.6735663685        0.5728115102
        0.7592592630        0.7106864380
        0.8334426288        0.8598383253
        0.8949919979         1.008887267
        0.9429745712         1.143665773
        0.9766639215         1.249271535
        0.9955569698         1.312807584
