-5.68e-13   -2.99e-23 0.159 -0.0217 0.0126 -0.0637 0.0241 0.0252 0.124 -0.331 0.316 -2.3e-15 -0.0498 -0.472 0.0498 8.02e-17 -0.137 0.472 0.137 -3.05e-17 -0.0252 0.331 -0.124 -0.316 0.0217 0.0637 -0.0126 -0.0241 -0.159 0 
-2.78e-13   -1.12e-20 0.000171 0.0852 -0.132 0.173 0.606 0.00215 -0.0257 -0.0896 -0.14 4.27e-16 0.09 0.013 -0.09 9.05e-17 -0.204 -0.013 0.204 -7.74e-17 -0.00215 0.0896 0.0257 0.14 -0.0852 -0.173 0.132 -0.606 -0.000171 0 
-1.93e-13   3.39e-23 0.502 -0.0198 -0.00447 0.0664 0.0223 -0.00413 0.44 0.0376 -0.074 -5.4e-15 -0.0427 0.18 0.0427 -8.82e-17 0.0885 -0.18 -0.0885 -3.79e-17 0.00413 -0.0376 -0.44 0.074 0.0198 -0.0664 0.00447 -0.0223 -0.502 0 
-1.53e-13   -1.95e-22 -0.00485 -0.238 -0.0707 0.262 -0.0413 0.165 0.0306 0.14 -0.271 3.64e-16 0.211 -0.383 -0.211 2.21e-17 0.235 0.383 -0.235 -3.44e-17 -0.165 -0.14 -0.0306 0.271 0.238 -0.262 0.0707 0.0413 0.00485 0 
-1.16e-13   -5.32e-23 0.0561 0.279 0.0448 -0.126 -0.119 -0.108 0.0466 -0.0493 -0.0307 6.6e-16 0.604 -0.0046 -0.604 1.05e-16 -0.0702 0.0046 0.0702 1.84e-17 0.108 0.0493 -0.0466 0.0307 -0.279 0.126 -0.0448 0.119 -0.0561 0 
-2.44e-14   3.34e-22 0.00725 -0.124 -0.0445 0.429 -0.0546 -0.0411 -0.0269 0.19 0.447 -2.15e-15 0.157 0.124 -0.157 3.83e-18 -0.131 -0.124 0.131 1.97e-17 0.0411 -0.19 0.0269 -0.447 0.124 -0.429 0.0445 0.0546 -0.00725 0 
0   -0.707 4.51e-51 2.69e-20 -5.18e-21 -5.18e-21 9.97e-22 1.16e-52 1e-52 -8.15e-52 1.95e-51 4.34e-20 -2.78e-20 6.21e-21 -2.78e-20 1.77e-20 -3.96e-21 6.21e-21 -3.96e-21 8.87e-22 1.16e-52 -8.15e-52 1e-52 1.95e-51 2.69e-20 -5.18e-21 -5.18e-21 9.97e-22 0 0.707 
1.27e-13   -1.27e-22 -0.0116 -0.254 -0.0424 0.0593 -0.000726 -0.605 -0.0354 -0.204 -0.0781 1.02e-15 0.0218 0.0106 -0.0218 -6.82e-17 0.12 -0.0106 -0.12 -1.06e-17 0.605 0.204 0.0354 0.0781 0.254 -0.0593 0.0424 0.000726 0.0116 0 
2.06e-13   3.52e-21 0.00368 -0.318 -0.256 -0.0436 -0.215 0.172 0.00751 -0.22 -0.171 2.01e-16 0.0743 0.159 -0.0743 -1.08e-16 -0.384 -0.159 0.384 6.96e-17 -0.172 0.22 -0.00751 0.171 0.318 0.0436 0.256 0.215 -0.00368 0 
2.4e-13   -1.17e-21 0.0217 -0.147 -0.0636 -0.292 0.0769 -0.188 0.0951 0.477 0.000982 -1.54e-16 -0.0108 -0.182 0.0108 3.58e-17 -0.279 0.182 0.279 -8.99e-17 0.188 -0.477 -0.0951 -0.000982 0.147 0.292 0.0636 -0.0769 -0.0217 0 
2.77e-13   -4.81e-21 0.0192 -0.39 0.384 -0.211 0.219 0.15 -0.046 -0.0507 0.118 3.13e-15 0.194 0.134 -0.194 1.52e-16 0.104 -0.134 -0.104 -2.07e-17 -0.15 0.0507 0.046 -0.118 0.39 0.211 -0.384 -0.219 -0.0192 0 
2.89e-13   1.83e-22 0.467 0.0132 -0.0206 -0.0165 -0.0277 -0.00205 -0.523 0.0531 -0.0373 6.52e-15 -0.0168 -0.0362 0.0168 5.04e-17 -0.0186 0.0362 0.0186 -2.2e-17 0.00205 -0.0531 0.523 0.0373 -0.0132 0.0165 0.0206 0.0277 -0.467 0 
7.25e-13   -1.58e-21 -0.0036 -0.0495 -0.504 -0.24 0.109 0.0725 -0.0183 0.00208 0.225 4.72e-16 0.0961 0.07 -0.0961 1.16e-17 0.322 -0.07 -0.322 -8.06e-18 -0.0725 -0.00208 0.0183 -0.225 0.0495 0.24 0.504 -0.109 0.0036 0 
2   -6.14e-20 1.13e-30 -9.5e-16 6.58e-16 -1.77e-15 6.38e-16 -6.52e-28 -6.08e-15 6.64e-27 -1.36e-15 -1 1.02e-15 -1.31e-17 -1.03e-15 -3.99e-18 5.47e-16 -1.31e-17 -5.16e-16 -2.07e-17 6.49e-28 -6.64e-27 6.06e-15 1.34e-15 9.55e-16 1.87e-15 -8.96e-16 -6.23e-16 -1.12e-30 0 
357   -5.55e-20 4.5e-35 -2.82e-17 2.28e-16 -2.64e-17 4.19e-16 2.17e-31 1.2e-18 -8.95e-31 -8.54e-17 -2.15e-17 0.707 -2.78e-17 0.707 2.77e-16 3.92e-17 8.33e-17 5.62e-17 7.24e-17 1.77e-33 4.84e-31 -6.41e-19 5.98e-17 2.38e-16 6.78e-17 -1.92e-16 -2.6e-16 -1.82e-34 0 
713   8.89e-21 3.4e-18 -0.246 -8.68e-17 2.3e-16 -1.44e-16 0.0615 -5.46e-19 1.01e-17 -4.34e-19 3.23e-18 -2.39e-16 -5.35e-19 -1.03e-16 0.934 -3.43e-17 -9.32e-17 6.13e-17 -3.16e-17 0.0615 -1.35e-17 1.93e-19 -4.34e-18 -0.246 6.51e-18 1.1e-16 1.51e-17 3.4e-18 0 
713   8.56e-22 -3.9e-17 -0.0205 1.8e-16 -7.49e-17 -1.13e-16 -0.704 1.16e-18 -1.06e-16 -2.01e-17 -6.81e-19 2.61e-17 -3.43e-19 -5.1e-17 0.082 -8.54e-17 -1.06e-17 1.12e-16 1.2e-17 -0.704 3.1e-17 -3.8e-18 -7.86e-19 -0.0205 -8.35e-18 -8.51e-17 7.98e-17 -3.91e-17 0 
713   5.89e-20 4.74e-20 0.663 5.36e-16 -1.25e-17 -2.24e-16 0.000945 6.45e-19 7.45e-20 -8.33e-17 -1.62e-17 1.17e-16 -1.73e-16 -4.67e-17 0.348 8.28e-17 -1.73e-16 8.56e-17 -4.16e-17 0.000945 8.2e-19 -3e-20 2.78e-17 0.663 1.5e-16 2.43e-16 1.82e-16 4.07e-20 0 
1.19e+03   1.24e-20 -8.22e-35 7.86e-17 3.87e-16 3.64e-16 -1.55e-16 4.29e-31 -2.06e-18 3.56e-30 2.51e-16 -9.87e-18 3.33e-16 0.707 3.61e-16 1.06e-16 3.16e-16 0.707 3.61e-16 1.96e-17 1.01e-30 1.89e-30 -1.11e-18 -3.24e-21 1.74e-17 3.77e-16 3.55e-16 2.5e-17 2.18e-34 0 
1.54e+03   -7.8e-21 2.71e-20 -3.46e-16 0.683 -0.101 3.7e-16 5.44e-17 0.000455 0.15 -1.37e-16 -9.07e-17 2.65e-16 -1.48e-16 2.17e-16 -1.7e-16 -0.0345 -1.69e-16 -0.0345 -1.26e-16 1.76e-16 0.15 0.000455 -8.32e-17 -5.4e-16 -0.101 0.683 1.75e-16 3e-19 -0 
1.54e+03   5.58e-21 -1.21e-17 4.14e-17 -0.0509 -0.139 -1.34e-16 -1.24e-17 -0.642 0.0837 -7.32e-17 -6.48e-17 -9.08e-17 2.42e-16 -6.73e-17 7.5e-17 -0.244 7.93e-17 -0.244 -2.19e-18 1.47e-18 0.0837 -0.642 -3.87e-17 -6.24e-18 -0.139 -0.0509 -5.96e-18 1.78e-16 -0 
1.54e+03   -1.1e-20 -6.06e-18 -8.51e-17 0.0999 0.203 2.33e-16 -3.64e-18 -0.294 -0.184 1.59e-16 2.4e-18 2.04e-16 -4.47e-16 1.16e-16 -1.34e-16 0.573 -2.6e-16 0.573 2.06e-18 -1.13e-17 -0.184 -0.294 1.52e-16 -2.71e-17 0.203 0.0999 5.94e-17 8.78e-17 0 
1.54e+03   2.79e-21 1.53e-20 -1.14e-17 0.112 -0.163 1.73e-16 1.95e-17 0.00525 -0.657 3.44e-16 -2.52e-17 -3.32e-17 -9.95e-17 1.17e-17 -6.41e-17 -0.17 3.27e-16 -0.17 -4.24e-16 8.14e-17 -0.657 0.00525 1.89e-16 -1.3e-16 -0.163 0.112 1.35e-16 1.62e-19 0 
1.54e+03   -7.54e-21 -9.39e-20 -3.69e-17 0.0948 0.634 1.74e-16 -5.62e-17 -0.0446 -0.0676 1.88e-16 -5.57e-18 1.34e-16 -8.08e-17 1.08e-16 -1.7e-16 -0.286 -1.51e-16 -0.286 -7.47e-17 -1.45e-16 -0.0676 -0.0446 3.19e-17 7.42e-17 0.634 0.0948 -4.68e-18 3.11e-18 0 
2.37e+03   1.01e-39 -0.707 -3.95e-20 -5.71e-19 7.75e-19 2.24e-05 3.99e-17 -2.62e-17 -2.15e-18 0.000233 -2.16e-21 -3.05e-19 2.34e-18 4.81e-19 -2.47e-20 5.45e-18 -2.32e-18 8.99e-19 -5.03e-05 3.85e-17 8.23e-19 -1.16e-16 0.000233 3.77e-20 -6.05e-18 5.2e-19 2.24e-05 -0.707 0 
2.37e+03   -7.53e-23 0.000237 -5.97e-18 -1.42e-16 -9.17e-17 0.058 5.56e-18 1.7e-17 3.53e-16 0.691 3.11e-18 2.76e-17 -2.63e-16 1.61e-17 -1.62e-17 -2.07e-16 -6.17e-17 -1.13e-16 -0.193 1.46e-18 4.14e-16 3.77e-17 0.691 1.5e-17 9.61e-18 -9.3e-17 0.058 0.000237 0 
2.37e+03   -1.39e-21 -1.05e-05 -9.98e-17 -2.65e-16 6.81e-18 -0.0851 1.04e-17 -6.6e-19 1.21e-16 -0.129 2.72e-17 3.15e-17 3.71e-17 2.61e-17 -3.83e-17 1.1e-16 1.86e-17 1.14e-16 -0.976 6.05e-17 2.62e-16 -2.68e-18 -0.129 -2.51e-16 -5.35e-17 -4.09e-16 -0.0851 -1.05e-05 -0 
2.37e+03   0.707 -4.51e-51 -2.69e-20 5.18e-21 5.18e-21 -9.97e-22 -1.16e-52 -1e-52 8.15e-52 -1.95e-51 -4.34e-20 2.78e-20 -6.21e-21 2.78e-20 -1.77e-20 3.96e-21 -6.21e-21 3.96e-21 -8.87e-22 -1.16e-52 8.15e-52 -1e-52 -1.95e-51 -2.69e-20 5.18e-21 5.18e-21 -9.97e-22 0 0.707 
2.37e+03   -1.9e-21 -1.65e-06 -2.19e-16 3.83e-16 -5e-17 -0.7 -8.46e-18 -2.32e-19 -1.11e-16 0.0731 -1.38e-17 1.07e-16 -1.44e-16 1.78e-16 -8.49e-17 8.03e-17 -1.34e-16 1.07e-16 0.103 -4.81e-17 -2.25e-16 4.55e-19 0.0731 -2.34e-16 -8.14e-17 3.62e-16 -0.7 -1.65e-06 0 
