       -0.9955569698         2.697081394
       -0.9766639215         2.436667551
       -0.9429745712         2.031426614
       -0.8949919979         1.564890859
       -0.8334426288         1.116159202
       -0.7592592630        0.7391670808
       -0.6735663685        0.4562149386
       -0.5776629302        0.2637946111
       -0.4730027314        0.1440298887
       -0.3611723058       0.07533610048
       -0.2438668837       0.03908524963
       -0.1228646926       0.02222063477
     6.123233996e-17       0.01737882932
        0.1228646926       0.02222063477
        0.2438668837       0.03908524963
        0.3611723058       0.07533610048
        0.4730027314        0.1440298887
        0.5776629302        0.2637946111
        0.6735663685        0.4562149386
        0.7592592630        0.7391670808
        0.8334426288         1.116159202
        0.8949919979         1.564890859
        0.9429745712         2.031426614
        0.9766639215         2.436667551
        0.9955569698         2.697081394
