         0.000000000        0.1226007131
        0.1365909849        0.1228817778
        0.2731819699        0.1237236129
        0.4097729548        0.1251219597
        0.5463639398        0.1270691209
        0.6829549247        0.1295530893
        0.8195459096        0.1325563843
        0.9561368946        0.1360546618
         1.092727880        0.1400151850
         1.229318864        0.1443952750
         1.365909849        0.1491408864
         1.502500834        0.1541854784
         1.639091819        0.1594493686
         1.775682804        0.1648397558
         1.912273789        0.1702515825
         2.048864774        0.1755693608
         2.185455759        0.1806700217
         2.322046744        0.1854267540
         2.458637729        0.1897136957
         2.595228714        0.1934112296
         2.731819699        0.1964115415
         2.868410684        0.1986240247
         3.005001669        0.1999800897
         3.141592654        0.2004369575
         3.278183639        0.1999800897
         3.414774623        0.1986240247
         3.551365608        0.1964115415
         3.687956593        0.1934112296
         3.824547578        0.1897136957
         3.961138563        0.1854267540
         4.097729548        0.1806700217
         4.234320533        0.1755693608
         4.370911518        0.1702515825
         4.507502503        0.1648397558
         4.644093488        0.1594493686
         4.780684473        0.1541854784
         4.917275458        0.1491408864
         5.053866443        0.1443952750
         5.190457428        0.1400151850
         5.327048413        0.1360546618
         5.463639398        0.1325563843
         5.600230382        0.1295530893
         5.736821367        0.1270691209
         5.873412352        0.1251219597
         6.010003337        0.1237236129
         6.146594322        0.1228817778
