        -1.000000000      0.002866088602
       -0.9800000000      0.005509579386
       -0.9600000000     0.0007372897024
       -0.9400000000      0.001787069858
       -0.9200000000     0.0002140228120
       -0.9000000000     0.0002237160926
       -0.8800000000     0.0002835934806
       -0.8600000000     0.0001389734533
       -0.8400000000     0.0001810707840
       -0.8200000000     0.0002171590010
       -0.8000000000     0.0001478599414
       -0.7800000000     0.0001082630250
       -0.7600000000     0.0001046799569
       -0.7400000000     0.0002216227292
       -0.7200000000     0.0001680422904
       -0.7000000000     0.0001910653118
       -0.6800000000     6.053919422e-05
       -0.6600000000     8.205101987e-05
       -0.6400000000     0.0002156845015
       -0.6200000000     0.0001592061487
       -0.6000000000     0.0001704957242
       -0.5800000000     0.0001692894380
       -0.5600000000     7.335737741e-05
       -0.5400000000     5.350578866e-05
       -0.5200000000     0.0002328894693
       -0.5000000000     0.0001539736617
       -0.4800000000     0.0001326887057
       -0.4600000000     0.0001804896198
       -0.4400000000     6.922173758e-05
       -0.4200000000     0.0001064025548
       -0.4000000000     0.0001217314736
       -0.3800000000     0.0002274744434
       -0.3600000000     0.0001870308197
       -0.3400000000     0.0001701077816
       -0.3200000000     0.0001898697126
       -0.3000000000     5.629199747e-05
       -0.2800000000     5.943071024e-05
       -0.2600000000     0.0002586342381
       -0.2400000000     0.0002829778364
       -0.2200000000     0.0001715595065
       -0.2000000000     0.0001996675010
       -0.1800000000     0.0001417127373
       -0.1600000000     0.0001736117416
       -0.1400000000     9.636236655e-05
       -0.1200000000     0.0001550006327
       -0.1000000000     0.0003475726422
      -0.08000000000     0.0002817023161
      -0.06000000000     0.0003073976228
      -0.04000000000     0.0003083103576
      -0.02000000000     4.247176364e-05
         0.000000000     0.0001345275145
       0.02000000000     7.100837470e-05
       0.04000000000     0.0007044850281
       0.06000000000     0.0005723419535
       0.08000000000     0.0003397394615
        0.1000000000     0.0003240136596
        0.1200000000     0.0002543783359
        0.1400000000     0.0001935635823
        0.1600000000     0.0002804804194
        0.1800000000     0.0008447092255
        0.2000000000     0.0005639230617
        0.2200000000     0.0004998222124
        0.2400000000     0.0005426613149
        0.2600000000     0.0005311309209
        0.2800000000     0.0002757682813
        0.3000000000     0.0002483966529
        0.3200000000      0.001901832890
        0.3400000000      0.001713363178
        0.3600000000      0.001117791563
        0.3800000000      0.001040242055
        0.4000000000     0.0005236187547
        0.4200000000     0.0008284122403
        0.4400000000     0.0004970567594
        0.4600000000      0.007037666962
        0.4800000000      0.003418739434
        0.5000000000      0.002542380838
        0.5200000000      0.002568551931
        0.5400000000      0.001440537438
        0.5600000000     0.0009482297326
        0.5800000000       0.03473218439
        0.6000000000       0.01431647900
        0.6200000000       0.01973187707
        0.6400000000      0.009466883573
        0.6600000000      0.006749743018
        0.6800000000      0.001219705275
        0.7000000000        0.2123571854
        0.7200000000        0.1029352070
        0.7400000000       0.05902333088
        0.7600000000       0.03609403425
        0.7800000000       0.04192458001
        0.8000000000        0.9773343246
        0.8200000000        0.3878625281
        0.8400000000        0.3163493177
        0.8600000000        0.2696091698
        0.8800000000         3.567505933
        0.9000000000         1.509437997
        0.9200000000         1.318197884
        0.9400000000         9.174246839
        0.9600000000         5.128473482
        0.9800000000         17.99630236
         1.000000000         8.765430769
