       -0.9955569698        0.5603717107
       -0.9766639215        0.5568502157
       -0.9429745712        0.5507622910
       -0.8949919979        0.5425094358
       -0.8334426288        0.5326290909
       -0.7592592630        0.5217516352
       -0.6735663685        0.5105542054
       -0.5776629302        0.4997150867
       -0.4730027314        0.4898724218
       -0.3611723058        0.4815897230
       -0.2438668837        0.4753292441
       -0.1228646926        0.4714330431
     6.123233996e-17        0.4701107800
        0.1228646926        0.4714330431
        0.2438668837        0.4753292441
        0.3611723058        0.4815897230
        0.4730027314        0.4898724218
        0.5776629302        0.4997150867
        0.6735663685        0.5105542054
        0.7592592630        0.5217516352
        0.8334426288        0.5326290909
        0.8949919979        0.5425094358
        0.9429745712        0.5507622910
        0.9766639215        0.5568502157
        0.9955569698        0.5603717107
