         0.000000000       0.09256243834
        0.1365909849       0.09296389440
        0.2731819699       0.09417277104
        0.4097729548       0.09620218847
        0.5463639398       0.09907263400
        0.6829549247        0.1028097964
        0.8195459096        0.1074413626
        0.9561368946        0.1129926570
         1.092727880        0.1194810409
         1.229318864        0.1269090904
         1.365909849        0.1352567302
         1.502500834        0.1444727279
         1.639091819        0.1544662299
         1.775682804        0.1650993001
         1.912273789        0.1761816655
         2.048864774        0.1874689901
         2.185455759        0.1986659210
         2.322046744        0.2094348251
         2.458637729        0.2194105301
         2.595228714        0.2282205669
         2.731819699        0.2355094726
         2.868410684        0.2409648499
         3.005001669        0.2443422686
         3.141592654        0.2454859180
         3.278183639        0.2443422686
         3.414774623        0.2409648499
         3.551365608        0.2355094726
         3.687956593        0.2282205669
         3.824547578        0.2194105301
         3.961138563        0.2094348251
         4.097729548        0.1986659210
         4.234320533        0.1874689901
         4.370911518        0.1761816655
         4.507502503        0.1650993001
         4.644093488        0.1544662299
         4.780684473        0.1444727279
         4.917275458        0.1352567302
         5.053866443        0.1269090904
         5.190457428        0.1194810409
         5.327048413        0.1129926570
         5.463639398        0.1074413626
         5.600230382        0.1028097964
         5.736821367       0.09907263400
         5.873412352       0.09620218847
         6.010003337       0.09417277104
         6.146594322       0.09296389440
