       -0.9937521706        0.6697397014
       -0.9672268386        0.6551467322
       -0.9200993342        0.6305610644
       -0.8533633646        0.5985592845
       -0.7684399635        0.5623303594
       -0.6671388042        0.5252404596
       -0.5516188359        0.4904533291
       -0.4243421202        0.4606626175
       -0.2880213168        0.4379533537
       -0.1455618542        0.4237709776
     6.123233996e-17        0.4189526314
        0.1455618542        0.4237709776
        0.2880213168        0.4379533537
        0.4243421202        0.4606626175
        0.5516188359        0.4904533291
        0.6671388042        0.5252404596
        0.7684399635        0.5623303594
        0.8533633646        0.5985592845
        0.9200993342        0.6305610644
        0.9672268386        0.6551467322
        0.9937521706        0.6697397014
