        -1.000000000        0.1031682207
       -0.9800000000        0.2581071241
       -0.9600000000        0.3018469029
       -0.9400000000        0.1866410101
       -0.9200000000        0.2310578135
       -0.9000000000        0.3135240218
       -0.8800000000        0.2780943161
       -0.8600000000        0.1392898319
       -0.8400000000        0.2537929363
       -0.8200000000        0.3211439510
       -0.8000000000        0.2346626844
       -0.7800000000        0.1962192771
       -0.7600000000        0.1847717042
       -0.7400000000        0.3751724001
       -0.7200000000        0.2863120758
       -0.7000000000        0.2277442115
       -0.6800000000        0.2421870403
       -0.6600000000        0.1368950235
       -0.6400000000        0.4044733520
       -0.6200000000        0.2915611436
       -0.6000000000        0.2046693709
       -0.5800000000        0.2978714065
       -0.5600000000        0.1836787152
       -0.5400000000        0.1637295671
       -0.5200000000        0.4377003507
       -0.5000000000        0.2931867193
       -0.4800000000        0.2555227532
       -0.4600000000        0.3293461170
       -0.4400000000        0.1623274857
       -0.4200000000        0.2528719105
       -0.4000000000        0.2528766418
       -0.3800000000        0.3864800576
       -0.3600000000        0.3808504383
       -0.3400000000        0.3030794896
       -0.3200000000        0.2247480051
       -0.3000000000        0.3105305570
       -0.2800000000        0.1705985290
       -0.2600000000        0.2725664075
       -0.2400000000        0.5745859728
       -0.2200000000        0.2716014574
       -0.2000000000        0.3376956181
       -0.1800000000        0.2976240037
       -0.1600000000        0.2388053686
       -0.1400000000        0.2596456028
       -0.1200000000        0.2503866073
       -0.1000000000        0.6002716574
      -0.08000000000        0.3111733489
      -0.06000000000        0.4520437813
      -0.04000000000        0.3289914077
      -0.02000000000        0.2408542062
         0.000000000        0.3261500542
       0.02000000000        0.2201199356
       0.04000000000        0.5540527885
       0.06000000000        0.5465211814
       0.08000000000        0.4589529284
        0.1000000000        0.3527016680
        0.1200000000        0.2424776474
        0.1400000000        0.4162139877
        0.1600000000        0.2218858428
        0.1800000000        0.6978130965
        0.2000000000        0.4540457864
        0.2200000000        0.4631608967
        0.2400000000        0.5199892707
        0.2600000000        0.3947868028
        0.2800000000        0.3033107601
        0.3000000000        0.3101416425
        0.3200000000        0.7447787357
        0.3400000000        0.6170856070
        0.3600000000        0.5797168981
        0.3800000000        0.4628266800
        0.4000000000        0.4096205121
        0.4200000000        0.4636855584
        0.4400000000        0.3629972698
        0.4600000000        0.8932419543
        0.4800000000        0.6076735828
        0.5000000000        0.6375840288
        0.5200000000        0.6774295956
        0.5400000000        0.4387298071
        0.5600000000        0.3993319728
        0.5800000000        0.8849701852
        0.6000000000        0.8411219778
        0.6200000000        0.6334607874
        0.6400000000        0.8561855839
        0.6600000000        0.4921396746
        0.6800000000        0.5112568427
        0.7000000000         1.084937089
        0.7200000000        0.9327632078
        0.7400000000         1.093894952
        0.7600000000        0.4969762733
        0.7800000000        0.6120676982
        0.8000000000         1.353150882
        0.8200000000         1.098894204
        0.8400000000        0.8887090860
        0.8600000000        0.7919618879
        0.8800000000         1.512664560
        0.9000000000         1.333641776
        0.9200000000        0.9091316151
        0.9400000000         1.629787653
        0.9600000000         1.426760286
        0.9800000000         2.095911374
         1.000000000        0.7296073172
