       -0.9955569698         17.63493504
       -0.9766639215         8.323854983
       -0.9429745712         1.763154621
       -0.8949919979       0.07593120774
       -0.8334426288       0.02588122300
       -0.7592592630      0.007675399836
       -0.6735663685      0.003572791185
       -0.5776629302      0.002482582125
       -0.4730027314     0.0008484825048
       -0.3611723058      0.001243751408
       -0.2438668837     0.0003209519787
       -0.1228646926     0.0008758539998
     6.123233996e-17     0.0002239811598
        0.1228646926     0.0008758539998
        0.2438668837     0.0003209519787
        0.3611723058      0.001243751408
        0.4730027314     0.0008484825048
        0.5776629302      0.002482582125
        0.6735663685      0.003572791185
        0.7592592630      0.007675399836
        0.8334426288       0.02588122300
        0.8949919979       0.07593120774
        0.9429745712         1.763154621
        0.9766639215         8.323854983
        0.9955569698         17.63493504
