-0.0115   -1 -4.47e-17 -8.19e-17 -5.12e-17 5.64e-17 -2.89e-19 6.63e-17 0.00399 -3.88e-17 3.78e-17 -0.00799 1.25e-17 9.64e-17 0.00399 -3.4e-17 0 
59.3   -1.25e-16 -1.27e-15 0.707 4.78e-15 1.11e-15 1.23e-20 -2.28e-17 6.31e-19 0.707 6.32e-16 2.75e-17 -6.48e-17 -7.88e-15 -6.92e-17 1.96e-17 0 
59.8   3.87e-17 -0.703 2.06e-15 0.0737 0.703 3.05e-17 2.82e-16 -1.16e-16 -5.82e-15 2.03e-17 -1.54e-16 -1.76e-16 -0.0737 3.94e-17 4.93e-18 0 
59.8   1.38e-16 -0.0737 4.99e-15 -0.703 0.0737 -1.24e-17 7.8e-17 5.71e-17 7.42e-15 1.11e-17 5.51e-17 -5.15e-17 0.703 3.61e-16 -4.33e-17 -0 
60.8   -8.27e-17 -0.0172 2.47e-14 -0.707 -0.0172 -2.35e-17 8.16e-17 2.22e-16 -2.8e-14 1.97e-16 -3.02e-18 1.13e-16 -0.707 -3.6e-16 5.67e-17 0 
60.8   -7.97e-17 0.707 1.86e-15 -0.0172 0.707 -1.68e-18 -3.35e-17 1.12e-17 -1.79e-15 4.23e-18 2.49e-17 -3.35e-17 -0.0172 -3.69e-16 3.57e-16 0 
61.3   -3.3e-18 2.65e-15 0.707 2.5e-14 -4.92e-15 3.68e-16 5.72e-17 1.98e-16 -0.707 -8.8e-17 7.48e-17 6.88e-17 2.81e-14 -1.41e-17 -1.12e-16 -0 
121   5.15e-15 3.24e-16 3.84e-16 -5.06e-16 -4.34e-16 0.0737 0.142 -0.681 2.21e-16 -0.518 -0.363 -0.327 -3.34e-16 -0.0458 0.0372 0 
121   5.27e-16 -1.89e-16 2.78e-16 -1e-16 1.09e-16 0.352 0.267 0.286 7.78e-16 -0.664 0.163 0.483 7.74e-18 0.0397 0.144 -0 
121   3.02e-14 -6.37e-16 1.01e-16 -1.39e-16 -2.21e-16 -0.0434 -0.722 0.258 2.36e-16 -0.315 -0.107 -0.149 8.32e-17 -0.473 0.232 0 
121   -2.8e-15 -9.71e-17 -2e-16 -1.46e-16 4.16e-16 0.476 -0.399 -0.383 -3.88e-17 0.239 -0.21 0.566 2.32e-16 -0.0367 -0.211 0 
121   -6.62e-15 2.69e-17 4.36e-16 -2.01e-16 4.27e-16 -0.739 -0.174 -0.128 7.58e-17 -0.288 0.00779 0.41 -1.18e-16 0.143 -0.369 0 
121   0 0 0 0 0 0 0 0 0 0 0 0 0 0 0 1 
121   9.12e-15 -2.25e-16 9.46e-17 4.44e-19 -4.03e-16 -0.31 0.24 -0.157 -3.68e-16 0.222 -0.228 0.385 5.15e-16 -0.299 0.695 0 
121   -3.02e-14 -7.21e-17 5.74e-17 -1.35e-16 1.83e-16 -0.000814 -0.374 -0.185 8.74e-17 -0.0425 0.259 -0.0387 -7.37e-16 0.704 0.51 0 
121   -0.00978 -3.55e-16 -5.89e-17 -9.24e-17 -1.93e-16 -1.51e-16 -5.46e-13 -0.408 -1.64e-16 -8.22e-13 0.816 -5.73e-13 1.74e-16 -0.408 1.16e-13 0 
