0   1   -1.35949e-18 5.30011e-18
0   2   -6.01571e-17 -4.01048e-17
0   3   -1.35949e-18 5.30011e-18
0   5   -5.02074e-17 -5.32316e-17
0   6   -1.73188e-18 -1.73188e-18
0   7   0.481642 0.481642
0   9   -2.91177e-19 3.08933e-18
0   10   -0.963284 -0.963284
0   11   -2.91177e-19 3.08933e-18
0   13   0.481642 0.481642
0   14   -1.73188e-18 -1.73188e-18
0   15   -5.02074e-17 -5.32316e-17
1   0   5.30011e-18 -1.35949e-18
1   2   2.6848e-18 -1.00589e-18
1   4   0.481642 0.481642
1   5   9.44357e-18 1.03902e-17
1   6   4.16956e-17 8.76844e-18
1   7   2.37749e-17 2.37749e-17
1   8   3.08933e-18 -2.91177e-19
1   10   -1.96912e-17 -2.36247e-17
1   11   7.27077e-20 7.27077e-20
1   12   -5.32316e-17 -5.02074e-17
1   13   1.03902e-17 9.44357e-18
1   14   -7.35907e-19 -4.86734e-19
2   0   -4.01048e-17 -6.01571e-17
2   1   -1.00589e-18 2.6848e-18
2   3   -1.00589e-18 2.6848e-18
2   4   -1.73188e-18 -1.73188e-18
2   5   -4.86734e-19 -7.35907e-19
2   6   5.58785e-19 5.58785e-19
2   7   8.76844e-18 4.16956e-17
2   8   -0.963284 -0.963284
2   9   -2.36247e-17 -1.96912e-17
2   11   -2.36247e-17 -1.96912e-17
2   12   -1.73188e-18 -1.73188e-18
2   13   8.76844e-18 4.16956e-17
2   14   5.58785e-19 5.58785e-19
2   15   -4.86734e-19 -7.35907e-19
3   0   5.30011e-18 -1.35949e-18
3   2   2.6848e-18 -1.00589e-18
3   4   -5.32316e-17 -5.02074e-17
3   6   -7.35907e-19 -4.86734e-19
3   7   1.03902e-17 9.44357e-18
3   8   3.08933e-18 -2.91177e-19
3   9   7.27077e-20 7.27077e-20
3   10   -1.96912e-17 -2.36247e-17
3   12   0.481642 0.481642
3   13   2.37749e-17 2.37749e-17
3   14   4.16956e-17 8.76844e-18
3   15   9.44357e-18 1.03902e-17
4   1   0.481642 0.481642
4   2   -1.73188e-18 -1.73188e-18
4   3   -5.02074e-17 -5.32316e-17
4   5   -6.15846e-18 -4.90528e-18
4   7   -6.15846e-18 -4.90528e-18
4   8   -1.50743e-18 -1.50743e-18
4   9   3.50917e-17 4.63711e-17
4   11   -4.86734e-19 -7.35907e-19
4   13   2.32227e-17 2.70068e-17
4   15   3.78762e-17 4.24014e-17
5   0   -5.32316e-17 -5.02074e-17
5   1   1.03902e-17 9.44357e-18
5   2   -7.35907e-19 -4.86734e-19
5   4   -4.90528e-18 -6.15846e-18
5   6   4.36468e-18 -7.40689e-19
5   8   -7.35907e-19 -4.86734e-19
5   9   4.19444e-19 6.60937e-19
5   10   -2.01346e-18 -2.06082e-18
5   11   1.22715e-18 1.22715e-18
5   12   4.24014e-17 3.78762e-17
5   13   1.81832e-19 3.3148e-19
5   14   9.52178e-19 2.32155e-18
6   0   -1.73188e-18 -1.73188e-18
6   1   8.76844e-18 4.16956e-17
6   2   5.58785e-19 5.58785e-19
6   3   -4.86734e-19 -7.35907e-19
6   5   -7.40689e-19 4.36468e-18
6   7   -7.40689e-19 4.36468e-18
6   9   3.99125e-18 -1.44525e-19
6   10   2.72874e-18 2.72874e-18
6   11   -2.06082e-18 -2.01346e-18
6   13   -2.31313e-18 1.47242e-19
6   15   2.32155e-18 9.52178e-19
7   0   0.481642 0.481642
7   1   2.37749e-17 2.37749e-17
7   2   4.16956e-17 8.76844e-18
7   3   9.44357e-18 1.03902e-17
7   4   -4.90528e-18 -6.15846e-18
7   6   4.36468e-18 -7.40689e-19
7   8   4.51179e-17 3.63449e-17
7   10   -1.44525e-19 3.99125e-18
7   11   6.60937e-19 4.19444e-19
7   12   2.70068e-17 2.32227e-17
7   14   1.47242e-19 -2.31313e-18
7   15   3.3148e-19 1.81832e-19
8   1   -2.91177e-19 3.08933e-18
8   2   -0.963284 -0.963284
8   3   -2.91177e-19 3.08933e-18
8   4   -1.50743e-18 -1.50743e-18
8   5   -4.86734e-19 -7.35907e-19
8   7   3.63449e-17 4.51179e-17
8   9   3.02842e-18 8.06312e-18
8   10   -1.60419e-16 -1.20314e-16
8   11   3.02842e-18 8.06312e-18
8   12   -1.50743e-18 -1.50743e-18
8   13   3.63449e-17 4.51179e-17
8   15   -4.86734e-19 -7.35907e-19
9   0   3.08933e-18 -2.91177e-19
9   2   -1.96912e-17 -2.36247e-17
9   3   7.27077e-20 7.27077e-20
9   4   4.63711e-17 3.50917e-17
9   5   6.60937e-19 4.19444e-19
9   6   -1.44525e-19 3.99125e-18
9   8   8.06312e-18 3.02842e-18
9   10   1.43659e-18 -1.67923e-18
9   12   -7.35907e-19 -4.86734e-19
9   13   4.19444e-19 6.60937e-19
9   14   -2.01346e-18 -2.06082e-18
9   15   1.22715e-18 1.22715e-18
10   0   -0.963284 -0.963284
10   1   -2.36247e-17 -1.96912e-17
10   3   -2.36247e-17 -1.96912e-17
10   5   -2.06082e-18 -2.01346e-18
10   6   2.72874e-18 2.72874e-18
10   7   3.99125e-18 -1.44525e-19
10   8   -1.20314e-16 -1.60419e-16
10   9   -1.67923e-18 1.43659e-18
10   11   -1.67923e-18 1.43659e-18
10   13   3.99125e-18 -1.44525e-19
10   14   2.72874e-18 2.72874e-18
10   15   -2.06082e-18 -2.01346e-18
11   0   3.08933e-18 -2.91177e-19
11   1   7.27077e-20 7.27077e-20
11   2   -1.96912e-17 -2.36247e-17
11   4   -7.35907e-19 -4.86734e-19
11   5   1.22715e-18 1.22715e-18
11   6   -2.01346e-18 -2.06082e-18
11   7   4.19444e-19 6.60937e-19
11   8   8.06312e-18 3.02842e-18
11   10   1.43659e-18 -1.67923e-18
11   12   4.63711e-17 3.50917e-17
11   14   -1.44525e-19 3.99125e-18
11   15   6.60937e-19 4.19444e-19
12   1   -5.02074e-17 -5.32316e-17
12   2   -1.73188e-18 -1.73188e-18
12   3   0.481642 0.481642
12   5   3.78762e-17 4.24014e-17
12   7   2.32227e-17 2.70068e-17
12   8   -1.50743e-18 -1.50743e-18
12   9   -4.86734e-19 -7.35907e-19
12   11   3.50917e-17 4.63711e-17
12   13   -6.15846e-18 -4.90528e-18
12   15   -6.15846e-18 -4.90528e-18
13   0   0.481642 0.481642
13   1   9.44357e-18 1.03902e-17
13   2   4.16956e-17 8.76844e-18
13   3   2.37749e-17 2.37749e-17
13   4   2.70068e-17 2.32227e-17
13   5   3.3148e-19 1.81832e-19
13   6   1.47242e-19 -2.31313e-18
13   8   4.51179e-17 3.63449e-17
13   9   6.60937e-19 4.19444e-19
13   10   -1.44525e-19 3.99125e-18
13   12   -4.90528e-18 -6.15846e-18
13   14   4.36468e-18 -7.40689e-19
14   0   -1.73188e-18 -1.73188e-18
14   1   -4.86734e-19 -7.35907e-19
14   2   5.58785e-19 5.58785e-19
14   3   8.76844e-18 4.16956e-17
14   5   2.32155e-18 9.52178e-19
14   7   -2.31313e-18 1.47242e-19
14   9   -2.06082e-18 -2.01346e-18
14   10   2.72874e-18 2.72874e-18
14   11   3.99125e-18 -1.44525e-19
14   13   -7.40689e-19 4.36468e-18
14   15   -7.40689e-19 4.36468e-18
15   0   -5.32316e-17 -5.02074e-17
15   2   -7.35907e-19 -4.86734e-19
15   3   1.03902e-17 9.44357e-18
15   4   4.24014e-17 3.78762e-17
15   6   9.52178e-19 2.32155e-18
15   7   1.81832e-19 3.3148e-19
15   8   -7.35907e-19 -4.86734e-19
15   9   1.22715e-18 1.22715e-18
15   10   -2.01346e-18 -2.06082e-18
15   11   4.19444e-19 6.60937e-19
15   12   -4.90528e-18 -6.15846e-18
15   14   4.36468e-18 -7.40689e-19
