         0.000000000       0.08669225169
        0.1365909849       0.08709668705
        0.2731819699       0.08831636629
        0.4097729548       0.09037004443
        0.5463639398       0.09328771623
        0.6829549247       0.09710855553
        0.8195459096        0.1018777202
        0.9561368946        0.1076417655
         1.092727880        0.1144424207
         1.229318864        0.1223085702
         1.365909849        0.1312464676
         1.502500834        0.1412285088
         1.639091819        0.1521812879
         1.775682804        0.1639741266
         1.912273789        0.1764097201
         2.048864774        0.1892188670
         2.185455759        0.2020613096
         2.322046744        0.2145343907
         2.458637729        0.2261904479
         2.595228714        0.2365626635
         2.731819699        0.2451976214
         2.868410684        0.2516913646
         3.005001669        0.2557246417
         3.141592654        0.2570926032
         3.278183639        0.2557246417
         3.414774623        0.2516913646
         3.551365608        0.2451976214
         3.687956593        0.2365626635
         3.824547578        0.2261904479
         3.961138563        0.2145343907
         4.097729548        0.2020613096
         4.234320533        0.1892188670
         4.370911518        0.1764097201
         4.507502503        0.1639741266
         4.644093488        0.1521812879
         4.780684473        0.1412285088
         4.917275458        0.1312464676
         5.053866443        0.1223085702
         5.190457428        0.1144424207
         5.327048413        0.1076417655
         5.463639398        0.1018777202
         5.600230382       0.09710855553
         5.736821367       0.09328771623
         5.873412352       0.09037004443
         6.010003337       0.08831636629
         6.146594322       0.08709668705
