       -0.9937521706        0.7475516863
       -0.9672268386        0.7255529761
       -0.9200993342        0.6887217741
       -0.8533633646        0.6412291248
       -0.7684399635        0.5881010492
       -0.6671388042        0.5344473992
       -0.5516188359        0.4848393667
       -0.4243421202        0.4429357669
       -0.2880213168        0.4113693339
       -0.1455618542        0.3918270148
     6.123233996e-17        0.3852184251
        0.1455618542        0.3918270148
        0.2880213168        0.4113693339
        0.4243421202        0.4429357669
        0.5516188359        0.4848393667
        0.6671388042        0.5344473992
        0.7684399635        0.5881010492
        0.8533633646        0.6412291248
        0.9200993342        0.6887217741
        0.9672268386        0.7255529761
        0.9937521706        0.7475516863
