        -1.000000000       0.08384214423
       -0.9800000000        0.2031229856
       -0.9600000000        0.2484912783
       -0.9400000000        0.1444861138
       -0.9200000000        0.1931215777
       -0.9000000000        0.2588234291
       -0.8800000000        0.2270589407
       -0.8600000000        0.1103332100
       -0.8400000000        0.2088799252
       -0.8200000000        0.2697032798
       -0.8000000000        0.1886775799
       -0.7800000000        0.1610521836
       -0.7600000000        0.1583735297
       -0.7400000000        0.3146395224
       -0.7200000000        0.2389296804
       -0.7000000000        0.1851881038
       -0.6800000000        0.2058242887
       -0.6600000000        0.1079054855
       -0.6400000000        0.3499422825
       -0.6200000000        0.2529993723
       -0.6000000000        0.1622451113
       -0.5800000000        0.2507341439
       -0.5600000000        0.1544934726
       -0.5400000000        0.1370747225
       -0.5200000000        0.3852074117
       -0.5000000000        0.2525925443
       -0.4800000000        0.2114744161
       -0.4600000000        0.2842279544
       -0.4400000000        0.1324554328
       -0.4200000000        0.2156969752
       -0.4000000000        0.2199271596
       -0.3800000000        0.3492623131
       -0.3600000000        0.3357372928
       -0.3400000000        0.2623528544
       -0.3200000000        0.1804533799
       -0.3000000000        0.2791489174
       -0.2800000000        0.1453451136
       -0.2600000000        0.2404762848
       -0.2400000000        0.5305725104
       -0.2200000000        0.2332488547
       -0.2000000000        0.3039812201
       -0.1800000000        0.2528125699
       -0.1600000000        0.2137276798
       -0.1400000000        0.2225283912
       -0.1200000000        0.2281654366
       -0.1000000000        0.5765458521
      -0.08000000000        0.2763646558
      -0.06000000000        0.4059699624
      -0.04000000000        0.2913920802
      -0.02000000000        0.2162381195
         0.000000000        0.3010164476
       0.02000000000        0.1941732156
       0.04000000000        0.5372606644
       0.06000000000        0.5104913206
       0.08000000000        0.4366455956
        0.1000000000        0.3145981417
        0.1200000000        0.2224714538
        0.1400000000        0.3933847906
        0.1600000000        0.1963354510
        0.1800000000        0.6953561756
        0.2000000000        0.4402582792
        0.2200000000        0.4475494549
        0.2400000000        0.4816360571
        0.2600000000        0.3763354046
        0.2800000000        0.2935257087
        0.3000000000        0.2888634956
        0.3200000000        0.7578889113
        0.3400000000        0.6212589167
        0.3600000000        0.5644430458
        0.3800000000        0.4481438377
        0.4000000000        0.4004679676
        0.4200000000        0.4542792604
        0.4400000000        0.3565551025
        0.4600000000        0.9364032513
        0.4800000000        0.6155214763
        0.5000000000        0.6476304415
        0.5200000000        0.6683879537
        0.5400000000        0.4526686680
        0.5600000000        0.4035062742
        0.5800000000        0.9394507893
        0.6000000000        0.8878067669
        0.6200000000        0.6609749089
        0.6400000000        0.8808371884
        0.6600000000        0.5138021407
        0.6800000000        0.5229806082
        0.7000000000         1.195989533
        0.7200000000        0.9978502798
        0.7400000000         1.155253194
        0.7600000000        0.5315817252
        0.7800000000        0.6513628228
        0.8000000000         1.516470644
        0.8200000000         1.198712193
        0.8400000000        0.9586679372
        0.8600000000        0.8828026840
        0.8800000000         1.713240525
        0.9000000000         1.479197502
        0.9200000000         1.015642630
        0.9400000000         1.882312602
        0.9600000000         1.613607905
        0.9800000000         2.430237741
         1.000000000        0.8523131699
