        -1.000000000        0.1381146048
       -0.9800000000        0.3631760150
       -0.9600000000        0.3908259140
       -0.9400000000        0.2694289532
       -0.9200000000        0.2915329503
       -0.9000000000        0.4047462750
       -0.8800000000        0.3674471811
       -0.8600000000        0.1913513333
       -0.8400000000        0.3269550379
       -0.8200000000        0.4028399897
       -0.8000000000        0.3181028712
       -0.7800000000        0.2520493364
       -0.7600000000        0.2241744117
       -0.7400000000        0.4713008895
       -0.7200000000        0.3629592086
       -0.7000000000        0.3019229686
       -0.6800000000        0.2955081292
       -0.6600000000        0.1861728965
       -0.6400000000        0.4847114545
       -0.6200000000        0.3474266455
       -0.6000000000        0.2793936202
       -0.5800000000        0.3726537195
       -0.5600000000        0.2277860049
       -0.5400000000        0.2060072367
       -0.5200000000        0.5108012341
       -0.5000000000        0.3552477534
       -0.4800000000        0.3241399783
       -0.4600000000        0.4008270410
       -0.4400000000        0.2094821932
       -0.4200000000        0.3087159181
       -0.4000000000        0.3002980092
       -0.3800000000        0.4334626166
       -0.3600000000        0.4448202072
       -0.3400000000        0.3651655391
       -0.3200000000        0.3013342487
       -0.3000000000        0.3491860336
       -0.2800000000        0.2085289493
       -0.2600000000        0.3189693224
       -0.2400000000        0.6262151477
       -0.2200000000        0.3289120790
       -0.2000000000        0.3834210307
       -0.1800000000        0.3702684562
       -0.1600000000        0.2715742656
       -0.1400000000        0.3153294695
       -0.1200000000        0.2782052283
       -0.1000000000        0.6163331088
      -0.08000000000        0.3625778080
      -0.06000000000        0.5161584944
      -0.04000000000        0.3862372208
      -0.02000000000        0.2729029617
         0.000000000        0.3580454109
       0.02000000000        0.2560007824
       0.04000000000        0.5642530545
       0.06000000000        0.5897215582
       0.08000000000        0.4804620530
        0.1000000000        0.4131694931
        0.1200000000        0.2693387270
        0.1400000000        0.4392691064
        0.1600000000        0.2571570695
        0.1800000000        0.6822789145
        0.2000000000        0.4674921743
        0.2200000000        0.4760337618
        0.2400000000        0.5737542477
        0.2600000000        0.4136097288
        0.2800000000        0.3106383111
        0.3000000000        0.3399039672
        0.3200000000        0.7049831791
        0.3400000000        0.6001711300
        0.3600000000        0.5921846729
        0.3800000000        0.4805005971
        0.4000000000        0.4162007987
        0.4200000000        0.4683126878
        0.4400000000        0.3639011942
        0.4600000000        0.8168922331
        0.4800000000        0.5862591739
        0.5000000000        0.6118818900
        0.5200000000        0.6822551392
        0.5400000000        0.4107989154
        0.5600000000        0.3868671303
        0.5800000000        0.7980572545
        0.6000000000        0.7582089390
        0.6200000000        0.5891485367
        0.6400000000        0.8107039382
        0.6600000000        0.4525448205
        0.6800000000        0.4886074734
        0.7000000000        0.9200718482
        0.7200000000        0.8313436577
        0.7400000000        0.9943765106
        0.7600000000        0.4446513057
        0.7800000000        0.5513835896
        0.8000000000         1.118646640
        0.8200000000        0.9537898615
        0.8400000000        0.7837538398
        0.8600000000        0.6601228989
        0.8800000000         1.235272417
        0.9000000000         1.127028289
        0.9200000000        0.7624611733
        0.9400000000         1.285123490
        0.9600000000         1.172737104
        0.9800000000         1.645884549
         1.000000000        0.5680427988
