       -0.9937521706        0.5835730652
       -0.9672268386        0.5766600988
       -0.9200993342        0.5649278682
       -0.8533633646        0.5494892680
       -0.7684399635        0.5317700841
       -0.6671388042        0.5133467465
       -0.5516188359        0.4957883459
       -0.4243421202        0.4805220897
       -0.2880213168        0.4687333448
       -0.1455618542        0.4613012988
     6.123233996e-17        0.4587637295
        0.1455618542        0.4613012988
        0.2880213168        0.4687333448
        0.4243421202        0.4805220897
        0.5516188359        0.4957883459
        0.6671388042        0.5133467465
        0.7684399635        0.5317700841
        0.8533633646        0.5494892680
        0.9200993342        0.5649278682
        0.9672268386        0.5766600988
        0.9937521706        0.5835730652
