       -0.9955569698        0.6188573277
       -0.9766639215        0.6117324494
       -0.9429745712        0.5994599782
       -0.8949919979        0.5829148756
       -0.8334426288        0.5632470553
       -0.7592592630        0.5417729970
       -0.6735663685        0.5198654338
       -0.5776629302        0.4988531249
       -0.4730027314        0.4799403452
       -0.3611723058        0.4641504347
       -0.2438668837        0.4522925040
       -0.1228646926        0.4449464295
     6.123233996e-17        0.4424592807
        0.1228646926        0.4449464295
        0.2438668837        0.4522925040
        0.3611723058        0.4641504347
        0.4730027314        0.4799403452
        0.5776629302        0.4988531249
        0.6735663685        0.5198654338
        0.7592592630        0.5417729970
        0.8334426288        0.5632470553
        0.8949919979        0.5829148756
        0.9429745712        0.5994599782
        0.9766639215        0.6117324494
        0.9955569698        0.6188573277
