        -1.000000000        0.1988004681
       -0.9800000000        0.4747123126
       -0.9600000000        0.6126416939
       -0.9400000000        0.2787496519
       -0.9200000000        0.2777057959
       -0.9000000000        0.4250336666
       -0.8800000000        0.6834989820
       -0.8600000000        0.2152530841
       -0.8400000000        0.3810996507
       -0.8200000000        0.4157232816
       -0.8000000000        0.3518854929
       -0.7800000000        0.1351835260
       -0.7600000000        0.6244037645
       -0.7400000000        0.5717254486
       -0.7200000000        0.4235051899
       -0.7000000000        0.4232159232
       -0.6800000000        0.3182564123
       -0.6600000000        0.2800152378
       -0.6400000000        0.2446873475
       -0.6200000000        0.2779708349
       -0.6000000000        0.5682723530
       -0.5800000000        0.5972902866
       -0.5600000000        0.2584006999
       -0.5400000000        0.4262601520
       -0.5200000000        0.5719016833
       -0.5000000000        0.3328775826
       -0.4800000000        0.4385647126
       -0.4600000000        0.2203700724
       -0.4400000000        0.2686093334
       -0.4200000000        0.1506398594
       -0.4000000000        0.4738265943
       -0.3800000000        0.7387800709
       -0.3600000000        0.4666819441
       -0.3400000000        0.6212666960
       -0.3200000000        0.2516458777
       -0.3000000000        0.3895025350
       -0.2800000000        0.4177913060
       -0.2600000000        0.2572707866
       -0.2400000000        0.3182817684
       -0.2200000000        0.2157412192
       -0.2000000000        0.4476348137
       -0.1800000000        0.6144201875
       -0.1600000000        0.4843823340
       -0.1400000000        0.2761658463
       -0.1200000000        0.5501222419
       -0.1000000000        0.5062357104
      -0.08000000000        0.5712402651
      -0.06000000000        0.5814453609
      -0.04000000000        0.2562976269
      -0.02000000000        0.2154236300
         0.000000000        0.3067718601
       0.02000000000        0.3068148898
       0.04000000000        0.1870302622
       0.06000000000        0.8203230243
       0.08000000000        0.6359464234
        0.1000000000        0.5925122472
        0.1200000000        0.5972121270
        0.1400000000        0.3406883471
        0.1600000000        0.2783677320
        0.1800000000        0.5641026220
        0.2000000000        0.5387182724
        0.2200000000        0.2279600339
        0.2400000000        0.4300120595
        0.2600000000        0.1957630231
        0.2800000000        0.6318613683
        0.3000000000        0.6622802004
        0.3200000000        0.4599234130
        0.3400000000        0.6112190196
        0.3600000000        0.5947712834
        0.3800000000        0.7906251704
        0.4000000000        0.5164274671
        0.4200000000        0.2292738037
        0.4400000000        0.3468660894
        0.4600000000        0.3323005007
        0.4800000000        0.3726032464
        0.5000000000        0.8616714758
        0.5200000000        0.8204770841
        0.5400000000        0.6047198194
        0.5600000000        0.5290228501
        0.5800000000        0.6338879255
        0.6000000000        0.6226816877
        0.6200000000        0.5216031954
        0.6400000000        0.3614930892
        0.6600000000        0.3789720254
        0.6800000000        0.7152185147
        0.7000000000        0.7189051672
        0.7200000000        0.7002247709
        0.7400000000        0.8454253877
        0.7600000000         1.042636370
        0.7800000000        0.1902076708
        0.8000000000        0.6465032974
        0.8200000000        0.5286486204
        0.8400000000        0.9718892964
        0.8600000000        0.7465375780
        0.8800000000        0.9815076174
        0.9000000000        0.7615350099
        0.9200000000        0.6039135905
        0.9400000000        0.8026845296
        0.9600000000         1.317243661
        0.9800000000        0.9080980827
         1.000000000        0.5125058814
