       -0.9841830547        0.5314200766
       -0.9175983992        0.5250708877
       -0.8015780907        0.5151385734
       -0.6423493394        0.5037934036
       -0.4484927510        0.4934562109
       -0.2304583160        0.4862752766
     6.123233996e-17        0.4837100523
        0.2304583160        0.4862752766
        0.4484927510        0.4934562109
        0.6423493394        0.5037934036
        0.8015780907        0.5151385734
        0.9175983992        0.5250708877
        0.9841830547        0.5314200766
