         0.000000000        0.1225875940
        0.2094395102        0.1232483368
        0.4188790205        0.1252228150
        0.6283185307        0.1284854458
        0.8377580410        0.1329860584
         1.047197551        0.1386394970
         1.256637061        0.1453130413
         1.466076572        0.1528139132
         1.675516082        0.1608799418
         1.884955592        0.1691769778
         2.094395102        0.1773065022
         2.303834613        0.1848257467
         2.513274123        0.1912804189
         2.722713633        0.1962471213
         2.932153143        0.1993794985
         3.141592654        0.2004500692
         3.351032164        0.1993794985
         3.560471674        0.1962471213
         3.769911184        0.1912804189
         3.979350695        0.1848257467
         4.188790205        0.1773065022
         4.398229715        0.1691769778
         4.607669225        0.1608799418
         4.817108736        0.1528139132
         5.026548246        0.1453130413
         5.235987756        0.1386394970
         5.445427266        0.1329860584
         5.654866776        0.1284854458
         5.864306287        0.1252228150
         6.073745797        0.1232483368
