        -1.000000000     0.0009924746622
       -0.9800000000      0.001948340081
       -0.9600000000     0.0002712608482
       -0.9400000000     0.0006766704068
       -0.9200000000     7.576205723e-05
       -0.9000000000     7.526276268e-05
       -0.8800000000     0.0001088070810
       -0.8600000000     5.118019250e-05
       -0.8400000000     6.348558263e-05
       -0.8200000000     7.349470820e-05
       -0.8000000000     4.819313238e-05
       -0.7800000000     4.078092074e-05
       -0.7600000000     4.075738820e-05
       -0.7400000000     8.182572589e-05
       -0.7200000000     6.454900209e-05
       -0.7000000000     8.029779244e-05
       -0.6800000000     2.232532945e-05
       -0.6600000000     3.094612388e-05
       -0.6400000000     8.049452360e-05
       -0.6200000000     6.157753380e-05
       -0.6000000000     6.631525719e-05
       -0.5800000000     7.044627035e-05
       -0.5600000000     2.750893359e-05
       -0.5400000000     2.105425026e-05
       -0.5200000000     8.331437299e-05
       -0.5000000000     5.541538933e-05
       -0.4800000000     5.226323711e-05
       -0.4600000000     6.927472908e-05
       -0.4400000000     2.661718626e-05
       -0.4200000000     3.778306952e-05
       -0.4000000000     4.470181816e-05
       -0.3800000000     7.936582395e-05
       -0.3600000000     6.830823581e-05
       -0.3400000000     6.299853002e-05
       -0.3200000000     6.908266194e-05
       -0.3000000000     2.229093880e-05
       -0.2800000000     2.200255633e-05
       -0.2600000000     8.828847210e-05
       -0.2400000000     9.521317955e-05
       -0.2200000000     6.299049871e-05
       -0.2000000000     6.772842501e-05
       -0.1800000000     5.275965902e-05
       -0.1600000000     5.858384897e-05
       -0.1400000000     3.499961383e-05
       -0.1200000000     5.348792060e-05
       -0.1000000000     0.0001182170471
      -0.08000000000     9.833982336e-05
      -0.06000000000     0.0001038584698
      -0.04000000000     0.0001064125699
      -0.02000000000     1.658288948e-05
         0.000000000     4.930008236e-05
       0.02000000000     2.409321165e-05
       0.04000000000     0.0002480933640
       0.06000000000     0.0001920379005
       0.08000000000     0.0001245544419
        0.1000000000     0.0001088154194
        0.1200000000     8.421142181e-05
        0.1400000000     6.907945723e-05
        0.1600000000     9.084387592e-05
        0.1800000000     0.0004956079553
        0.2000000000     0.0003091485872
        0.2200000000     0.0002722109876
        0.2400000000     0.0002535574387
        0.2600000000     0.0001636589147
        0.2800000000     0.0001496573365
        0.3000000000     6.971327406e-05
        0.3200000000      0.002429828239
        0.3400000000      0.002549715084
        0.3600000000     0.0002977756234
        0.3800000000      0.001089469168
        0.4000000000     0.0008253338438
        0.4200000000     0.0006723026672
        0.4400000000     0.0001012532855
        0.4600000000       0.01904495871
        0.4800000000      0.006563291897
        0.5000000000      0.006017925867
        0.5200000000      0.004962968667
        0.5400000000      0.003942416724
        0.5600000000      0.001145834945
        0.5800000000       0.08192520722
        0.6000000000       0.03400856884
        0.6200000000       0.04788041428
        0.6400000000       0.02327534771
        0.6600000000       0.01715569036
        0.6800000000      0.002078782545
        0.7000000000        0.3923030186
        0.7200000000        0.1964413082
        0.7400000000        0.1264492375
        0.7600000000       0.07042032167
        0.7800000000       0.09452927957
        0.8000000000         1.422160623
        0.8200000000        0.5923167760
        0.8400000000        0.4770757237
        0.8600000000        0.4528451602
        0.8800000000         4.115661760
        0.9000000000         1.838408154
        0.9200000000         1.631462371
        0.9400000000         9.017878924
        0.9600000000         5.250667604
        0.9800000000         16.36871532
         1.000000000         7.687268058
