       -0.9955569698        0.8681588980
       -0.9766639215        0.8436281314
       -0.9429745712        0.8019655229
       -0.8949919979        0.7469915201
       -0.8334426288        0.6834436011
       -0.7592592630        0.6163242021
       -0.6735663685        0.5503220847
       -0.5776629302        0.4893998696
       -0.4730027314        0.4365909278
       -0.3611723058        0.3939931947
       -0.2438668837        0.3629064736
       -0.1228646926        0.3440404541
     6.123233996e-17        0.3377214546
        0.1228646926        0.3440404541
        0.2438668837        0.3629064736
        0.3611723058        0.3939931947
        0.4730027314        0.4365909278
        0.5776629302        0.4893998696
        0.6735663685        0.5503220847
        0.7592592630        0.6163242021
        0.8334426288        0.6834436011
        0.8949919979        0.7469915201
        0.9429745712        0.8019655229
        0.9766639215        0.8436281314
        0.9955569698        0.8681588980
