         0.000000000        0.1061045715
        0.1365909849        0.1064163210
        0.2731819699        0.1073543744
        0.4097729548        0.1089269762
        0.5463639398        0.1111472812
        0.6829549247        0.1140324170
        0.8195459096        0.1176020460
        0.9561368946        0.1218762911
         1.092727880        0.1268728509
         1.229318864        0.1326031103
         1.365909849        0.1390670667
         1.502500834        0.1462469699
         1.639091819        0.1540997286
         1.775682804        0.1625484171
         1.912273789        0.1714736165
         2.048864774        0.1807058419
         2.185455759        0.1900208407
         2.322046744        0.1991399425
         2.458637729        0.2077376470
         2.595228714        0.2154579997
         2.731819699        0.2219398859
         2.868410684        0.2268492814
         3.005001669        0.2299142220
         3.141592654        0.2309565552
         3.278183639        0.2299142220
         3.414774623        0.2268492814
         3.551365608        0.2219398859
         3.687956593        0.2154579997
         3.824547578        0.2077376470
         3.961138563        0.1991399425
         4.097729548        0.1900208407
         4.234320533        0.1807058419
         4.370911518        0.1714736165
         4.507502503        0.1625484171
         4.644093488        0.1540997286
         4.780684473        0.1462469699
         4.917275458        0.1390670667
         5.053866443        0.1326031103
         5.190457428        0.1268728509
         5.327048413        0.1218762911
         5.463639398        0.1176020460
         5.600230382        0.1140324170
         5.736821367        0.1111472812
         5.873412352        0.1089269762
         6.010003337        0.1073543744
         6.146594322        0.1064163210
