       -0.9937521706         11.52977075
       -0.9672268386         5.880376793
       -0.9200993342         1.519307356
       -0.8533633646        0.1241176444
       -0.7684399635      0.006444375438
       -0.6671388042      0.004642371613
       -0.5516188359      0.001494027138
       -0.4243421202      0.001801552230
       -0.2880213168     0.0004620381661
       -0.1455618542      0.001096684836
     6.123233996e-17     0.0003011264569
        0.1455618542      0.001096684836
        0.2880213168     0.0004620381661
        0.4243421202      0.001801552230
        0.5516188359      0.001494027138
        0.6671388042      0.004642371613
        0.7684399635      0.006444375438
        0.8533633646        0.1241176444
        0.9200993342         1.519307356
        0.9672268386         5.880376793
        0.9937521706         11.52977075
