       -0.9955569698         8.062933118
       -0.9766639215         5.833708128
       -0.9429745712         3.254973531
       -0.8949919979         1.400078630
       -0.8334426288        0.4661584213
       -0.7592592630        0.1216094596
       -0.6735663685       0.02531947371
       -0.5776629302      0.004229557842
       -0.4730027314     0.0005434494280
       -0.3611723058     5.053278699e-05
       -0.2438668837     4.651845274e-06
       -0.1228646926     1.419466246e-06
     6.123233996e-17     5.374483214e-07
        0.1228646926     1.419467774e-06
        0.2438668837     4.651852935e-06
        0.3611723058     5.053287539e-05
        0.4730027314     0.0005434503860
        0.5776629302      0.004229565301
        0.6735663685       0.02531951837
        0.7592592630        0.1216096741
        0.8334426288        0.4661592435
        0.8949919979         1.400081099
        0.9429745712         3.254979272
        0.9766639215         5.833718418
        0.9955569698         8.062947339
