       -0.9998877523     4.793631542e-22
       -0.9994086206     5.263880669e-22
       -0.9985468188     6.197113512e-22
       -0.9973024853     7.761002845e-22
       -0.9956760735     1.024533392e-21
       -0.9936682009     1.412605350e-21
       -0.9912796349     2.017259607e-21
       -0.9885112898     2.962377668e-21
       -0.9853642259     4.447849809e-21
       -0.9818396487     6.796371198e-21
       -0.9779389084     1.053144348e-20
       -0.9736634995     1.650326453e-20
       -0.9690150599     2.609706475e-20
       -0.9639953704     4.157503289e-20
       -0.9586063542     6.663765643e-20
       -0.9528500760     1.073500585e-19
       -0.9467287411     1.736641038e-19
       -0.9402446946     2.819330342e-19
       -0.9334004208     4.590494540e-19
       -0.9261985419     7.492761924e-19
       -0.9186418169     1.225503942e-18
       -0.9107331411     2.007812268e-18
       -0.9024755445     3.294068353e-18
       -0.8938721907     5.410334123e-18
       -0.8849263757     8.893885002e-18
       -0.8756415271     1.462983769e-17
       -0.8660212018     2.407584441e-17
       -0.8560690858     3.963132042e-17
       -0.8457889919     6.524359607e-17
       -0.8351848586     1.074019886e-16
       -0.8242607485     1.767661851e-16
       -0.8130208469     2.908305219e-16
       -0.8014694601     4.782772219e-16
       -0.7896110136     7.860793859e-16
       -0.7774500506     1.291073336e-15
       -0.7649912304     2.118782786e-15
       -0.7522393260     3.473988203e-15
       -0.7391992230     5.690283420e-15
       -0.7258759174     9.310266403e-15
       -0.7122745136     1.521505464e-14
       -0.6984002225     2.483305014e-14
       -0.6842583598     4.047575587e-14
       -0.6698543434     6.587681505e-14
       -0.6551936918     1.070553493e-13
       -0.6402820218     1.736955537e-13
       -0.6251250465     2.813460817e-13
       -0.6097285727     4.549178705e-13
       -0.5940984992     7.342331031e-13
       -0.5782408141     1.182805543e-12
       -0.5621615929     1.901697431e-12
       -0.5458669959     3.051329011e-12
       -0.5293632658     4.885709686e-12
       -0.5126567256     7.806013063e-12
       -0.4957537759     1.244418329e-11
       -0.4786608927     1.979301858e-11
       -0.4613846244     3.140795303e-11
       -0.4439315901     4.971908174e-11
       -0.4263084763     7.851212793e-11
       -0.4085220348     1.236674190e-10
       -0.3905790800     1.942915195e-10
       -0.3724864863     3.044443078e-10
       -0.3542511851     4.757657329e-10
       -0.3358801630     7.414568942e-10
       -0.3173804582     1.152292133e-09
       -0.2987591583     1.785665211e-09
       -0.2800233975     2.759150248e-09
       -0.2611803539     4.250753860e-09
       -0.2422372467     6.529043704e-09
       -0.2232013333     9.997794508e-09
       -0.2040799068     1.526188341e-08
       -0.1848802931     2.322415427e-08
       -0.1656098479     3.522721906e-08
       -0.1462759540     5.326017353e-08
       -0.1268860188     8.025866047e-08
       -0.1074474710     1.205385473e-07
      -0.08796775773     1.804199554e-07
      -0.06845434221     2.691211712e-07
      -0.04891470040     4.000333338e-07
      -0.02935631835     5.925296880e-07
     -0.009786689278     8.745215112e-07
      0.009786689278     1.286051607e-06
       0.02935631835     1.884322007e-06
       0.04891470040     2.750693551e-06
       0.06845434221     4.000381739e-06
       0.08796775773     5.795818884e-06
        0.1074474710     8.364973164e-06
        0.1268860188     1.202633062e-05
        0.1462759540     1.722278016e-05
        0.1656098479     2.456732256e-05
        0.1848802931     3.490438527e-05
        0.2040799068     4.939160354e-05
        0.2232013333     6.960826700e-05
        0.2422372467     9.769827619e-05
        0.2611803539     0.0001365574537
        0.2800233975     0.0001900774596
        0.2987591583     0.0002634614158
        0.3173804582     0.0003636296897
        0.3358801630     0.0004997381476
        0.3542511851     0.0006838355731
        0.3724864863     0.0009316918235
        0.3905790800      0.001263833613
        0.4085220348      0.001706830439
        0.4263084763      0.002294878933
        0.4439315901      0.003071739538
        0.4613846244      0.004093084558
        0.4786608927      0.005429320785
        0.4957537759      0.007168952550
        0.5126567256      0.009422551400
        0.5293632658       0.01232739589
        0.5458669959       0.01605283827
        0.5621615929       0.02080644304
        0.5782408141       0.02684092458
        0.5940984992       0.03446188595
        0.6097285727       0.04403632802
        0.6251250465       0.05600185602
        0.6402820218       0.07087645942
        0.6551936918       0.08926868041
        0.6698543434        0.1118879165
        0.6842583598        0.1395545257
        0.6984002225        0.1732093195
        0.7122745136        0.2139219430
        0.7258759174        0.2628975568
        0.7391992230        0.3214811569
        0.7522393260        0.3911587992
        0.7649912304        0.4735549497
        0.7774500506        0.5704251555
        0.7896110136        0.6836432402
        0.8014694601        0.8151822790
        0.8130208469        0.9670887010
        0.8242607485         1.141449014
        0.8351848586         1.340348849
        0.8457889919         1.565824278
        0.8560690858         1.819805657
        0.8660212018         2.104054626
        0.8756415271         2.420095256
        0.8849263757         2.769140773
        0.8938721907         3.152017681
        0.9024755445         3.569089537
        0.9107331411         4.020182959
        0.9186418169         4.504518743
        0.9261985419         5.020651199
        0.9334004208         5.566418843
        0.9402446946         6.138909595
        0.9467287411         6.734443377
        0.9528500760         7.348574680
        0.9586063542         7.976117151
        0.9639953704         8.611191555
        0.9690150599         9.247297700
        0.9736634995         9.877410012
        0.9779389084         10.49409544
        0.9818396487         11.08965146
        0.9853642259         11.65626087
        0.9885112898         12.18615935
        0.9912796349         12.67181080
        0.9936682009         13.10608510
        0.9956760735         13.48243243
        0.9973024853         13.79504825
        0.9985468188         14.03902350
        0.9994086206         14.21047643
        0.9998877523         14.30668654
