       -0.9998877523      0.003956249311
       -0.9994086206      0.003966886325
       -0.9985468188      0.003986074747
       -0.9973024853      0.004013907544
       -0.9956760735      0.004050513975
       -0.9936682009      0.004096063556
       -0.9912796349      0.004150767216
       -0.9885112898      0.004214878392
       -0.9853642259      0.004288694297
       -0.9818396487      0.004372557381
       -0.9779389084      0.004466857010
       -0.9736634995      0.004572031363
       -0.9690150599      0.004688569556
       -0.9639953704      0.004817013997
       -0.9586063542      0.004957962990
       -0.9528500760      0.005112073578
       -0.9467287411      0.005280064656
       -0.9402446946      0.005462720336
       -0.9334004208      0.005660893603
       -0.9261985419      0.005875510245
       -0.9186418169      0.006107573087
       -0.9107331411      0.006358166526
       -0.9024755445      0.006628461388
       -0.8938721907      0.006919720109
       -0.8849263757      0.007233302258
       -0.8756415271      0.007570670408
       -0.8660212018      0.007933396368
       -0.8560690858      0.008323167791
       -0.8457889919      0.008741795156
       -0.8351848586      0.009191219148
       -0.8242607485      0.009673518437
       -0.8130208469       0.01019091786
       -0.8014694601       0.01074579705
       -0.7896110136       0.01134069941
       -0.7774500506       0.01197834164
       -0.7649912304       0.01266162355
       -0.7522393260       0.01339363844
       -0.7391992230       0.01417768382
       -0.7258759174       0.01501727259
       -0.7122745136       0.01591614463
       -0.6984002225       0.01687827885
       -0.6842583598       0.01790790558
       -0.6698543434       0.01900951939
       -0.6551936918       0.02018789223
       -0.6402820218       0.02144808699
       -0.6251250465       0.02279547129
       -0.6097285727       0.02423573160
       -0.5940984992       0.02577488760
       -0.5782408141       0.02741930670
       -0.5621615929       0.02917571875
       -0.5458669959       0.03105123079
       -0.5293632658       0.03305334188
       -0.5126567256       0.03518995779
       -0.4957537759       0.03746940567
       -0.4786608927       0.03990044837
       -0.4613846244       0.04249229857
       -0.4439315901       0.04525463241
       -0.4263084763       0.04819760257
       -0.4085220348       0.05133185074
       -0.3905790800       0.05466851927
       -0.3724864863       0.05821926188
       -0.3542511851       0.06199625329
       -0.3358801630       0.06601219756
       -0.3173804582       0.07028033510
       -0.2987591583       0.07481444798
       -0.2800233975       0.07962886354
       -0.2611803539       0.08473845594
       -0.2422372467       0.09015864559
       -0.2232013333       0.09590539618
       -0.2040799068        0.1019952090
       -0.1848802931        0.1084451148
       -0.1656098479        0.1152726619
       -0.1462759540        0.1224959017
       -0.1268860188        0.1301333705
       -0.1074474710        0.1382040674
      -0.08796775773        0.1467274285
      -0.06845434221        0.1557232967
      -0.04891470040        0.1652118871
      -0.02935631835        0.1752137485
     -0.009786689278        0.1857497189
      0.009786689278        0.1968408773
       0.02935631835        0.2085084896
       0.04891470040        0.2207739493
       0.06845434221        0.2336587133
       0.08796775773        0.2471842318
        0.1074474710        0.2613718727
        0.1268860188        0.2762428408
        0.1462759540        0.2918180910
        0.1656098479        0.3081182361
        0.1848802931        0.3251634492
        0.2040799068        0.3429733607
        0.2232013333        0.3615669503
        0.2422372467        0.3809624337
        0.2611803539        0.4011771450
        0.2800233975        0.4222274142
        0.2987591583        0.4441284412
        0.3173804582        0.4668941659
        0.3358801630        0.4905371353
        0.3542511851        0.5150683678
        0.3724864863        0.5404972157
        0.3905790800        0.5668312265
        0.4085220348        0.5940760032
        0.4263084763        0.6222350647
        0.4439315901        0.6513097079
        0.4613846244        0.6812988702
        0.4786608927        0.7121989958
        0.4957537759        0.7440039054
        0.5126567256        0.7767046700
        0.5293632658        0.8102894908
        0.5458669959        0.8447435858
        0.5621615929        0.8800490832
        0.5782408141        0.9161849249
        0.5940984992        0.9531267785
        0.6097285727        0.9908469611
        0.6251250465         1.029314374
        0.6402820218         1.068494453
        0.6551936918         1.108349126
        0.6698543434         1.148836795
        0.6842583598         1.189912326
        0.6984002225         1.231527058
        0.7122745136         1.273628832
        0.7258759174         1.316162030
        0.7391992230         1.359067644
        0.7522393260         1.402283354
        0.7649912304         1.445743631
        0.7774500506         1.489379854
        0.7896110136         1.533120455
        0.8014694601         1.576891078
        0.8130208469         1.620614753
        0.8242607485         1.664212103
        0.8351848586         1.707601554
        0.8457889919         1.750699573
        0.8560690858         1.793420922
        0.8660212018         1.835678924
        0.8756415271         1.877385749
        0.8849263757         1.918452712
        0.8938721907         1.958790584
        0.9024755445         1.998309917
        0.9107331411         2.036921371
        0.9186418169         2.074536061
        0.9261985419         2.111065900
        0.9334004208         2.146423950
        0.9402446946         2.180524778
        0.9467287411         2.213284807
        0.9528500760         2.244622669
        0.9586063542         2.274459557
        0.9639953704         2.302719560
        0.9690150599         2.329330003
        0.9736634995         2.354221769
        0.9779389084         2.377329610
        0.9818396487         2.398592444
        0.9853642259         2.417953638
        0.9885112898         2.435361265
        0.9912796349         2.450768355
        0.9936682009         2.464133108
        0.9956760735         2.475419099
        0.9973024853         2.484595452
        0.9985468188         2.491637003
        0.9994086206         2.496524501
        0.9998877523         2.499245556
