       -0.9998877523      0.001486266487
       -0.9994086206      0.001491333461
       -0.9985468188      0.001500480881
       -0.9973024853      0.001513765039
       -0.9956760735      0.001531265052
       -0.9936682009      0.001553084964
       -0.9912796349      0.001579354588
       -0.9885112898      0.001610230382
       -0.9853642259      0.001645896492
       -0.9818396487      0.001686565956
       -0.9779389084      0.001732482105
       -0.9736634995      0.001783920145
       -0.9690150599      0.001841188949
       -0.9639953704      0.001904633048
       -0.9586063542      0.001974634856
       -0.9528500760      0.002051617115
       -0.9467287411      0.002136045589
       -0.9402446946      0.002228432013
       -0.9334004208      0.002329337310
       -0.9261985419      0.002439375099
       -0.9186418169      0.002559215497
       -0.9107331411      0.002689589240
       -0.9024755445      0.002831292144
       -0.8938721907      0.002985189911
       -0.8849263757      0.003152223313
       -0.8756415271      0.003333413770
       -0.8660212018      0.003529869335
       -0.8560690858      0.003742791117
       -0.8457889919      0.003973480162
       -0.8351848586      0.004223344811
       -0.8242607485      0.004493908559
       -0.8130208469      0.004786818440
       -0.8014694601      0.005103853957
       -0.7896110136      0.005446936584
       -0.7774500506      0.005818139863
       -0.7649912304      0.006219700111
       -0.7522393260      0.006654027765
       -0.7391992230      0.007123719384
       -0.7258759174      0.007631570328
       -0.7122745136      0.008180588117
       -0.6984002225      0.008774006517
       -0.6842583598      0.009415300322
       -0.6698543434       0.01010820088
       -0.6551936918       0.01085671235
       -0.6402820218       0.01166512870
       -0.6251250465       0.01253805139
       -0.6097285727       0.01348040790
       -0.5940984992       0.01449747082
       -0.5782408141       0.01559487774
       -0.5621615929       0.01677865178
       -0.5458669959       0.01805522270
       -0.5293632658       0.01943144870
       -0.5126567256       0.02091463866
       -0.4957537759       0.02251257490
       -0.4786608927       0.02423353635
       -0.4613846244       0.02608632196
       -0.4439315901       0.02808027448
       -0.4263084763       0.03022530417
       -0.4085220348       0.03253191263
       -0.3905790800       0.03501121639
       -0.3724864863       0.03767497025
       -0.3542511851       0.04053559011
       -0.3358801630       0.04360617512
       -0.3173804582       0.04690052900
       -0.2987591583       0.05043318025
       -0.2800233975       0.05421940101
       -0.2611803539       0.05827522436
       -0.2422372467       0.06261745978
       -0.2232013333       0.06726370640
       -0.2040799068       0.07223236386
       -0.1848802931       0.07754264034
       -0.1656098479       0.08321455751
       -0.1462759540       0.08926895197
       -0.1268860188       0.09572747288
       -0.1074474710        0.1026125753
      -0.08796775773        0.1099475093
      -0.06845434221        0.1177563031
      -0.04891470040        0.1260637422
      -0.02935631835        0.1348953416
     -0.009786689278        0.1442773123
      0.009786689278        0.1542365213
       0.02935631835        0.1648004442
       0.04891470040        0.1759971109
       0.06845434221        0.1878550438
       0.08796775773        0.2004031868
        0.1074474710        0.2136708279
        0.1268860188        0.2276875115
        0.1462759540        0.2424829426
        0.1656098479        0.2580868825
        0.1848802931        0.2745290343
        0.2040799068        0.2918389201
        0.2232013333        0.3100457485
        0.2422372467        0.3291782736
        0.2611803539        0.3492646437
        0.2800233975        0.3703322429
        0.2987591583        0.3924075226
        0.3173804582        0.4155158259
        0.3358801630        0.4396812037
        0.3542511851        0.4649262243
        0.3724864863        0.4912717760
        0.3905790800        0.5187368641
        0.4085220348        0.5473384038
        0.4263084763        0.5770910083
        0.4439315901        0.6080067747
        0.4613846244        0.6400950685
        0.4786608927        0.6733623076
        0.4957537759        0.7078117470
        0.5126567256        0.7434432672
        0.5293632658        0.7802531655
        0.5458669959        0.8182339538
        0.5621615929        0.8573741634
        0.5782408141        0.8976581595
        0.5940984992        0.9390659658
        0.6097285727        0.9815731029
        0.6251250465         1.025150440
        0.6402820218         1.069764066
        0.6551936918         1.115375173
        0.6698543434         1.161939965
        0.6842583598         1.209409588
        0.6984002225         1.257730083
        0.7122745136         1.306842358
        0.7258759174         1.356682196
        0.7391992230         1.407180285
        0.7522393260         1.458262279
        0.7649912304         1.509848886
        0.7774500506         1.561855988
        0.7896110136         1.614194797
        0.8014694601         1.666772035
        0.8130208469         1.719490149
        0.8242607485         1.772247561
        0.8351848586         1.824938946
        0.8457889919         1.877455540
        0.8560690858         1.929685480
        0.8660212018         1.981514176
        0.8756415271         2.032824703
        0.8849263757         2.083498225
        0.8938721907         2.133414440
        0.9024755445         2.182452050
        0.9107331411         2.230489245
        0.9186418169         2.277404210
        0.9261985419         2.323075640
        0.9334004208         2.367383272
        0.9402446946         2.410208416
        0.9467287411         2.451434502
        0.9528500760         2.490947615
        0.9586063542         2.528637037
        0.9639953704         2.564395777
        0.9690150599         2.598121096
        0.9736634995         2.629715010
        0.9779389084         2.659084785
        0.9818396487         2.686143402
        0.9853642259         2.710810010
        0.9885112898         2.733010335
        0.9912796349         2.752677073
        0.9936682009         2.769750243
        0.9956760735         2.784177504
        0.9973024853         2.795914438
        0.9985468188         2.804924810
        0.9994086206         2.811180861
        0.9998877523         2.814664550
