       -0.9998877523     1.840296160e-12
       -0.9994086206     1.901994122e-12
       -0.9985468188     2.016886162e-12
       -0.9973024853     2.191960410e-12
       -0.9956760735     2.437953113e-12
       -0.9936682009     2.770165321e-12
       -0.9912796349     3.209609126e-12
       -0.9885112898     3.784591176e-12
       -0.9853642259     4.532862217e-12
       -0.9818396487     5.504506490e-12
       -0.9779389084     6.765805072e-12
       -0.9736634995     8.404386749e-12
       -0.9690150599     1.053608539e-11
       -0.9639953704     1.331406236e-11
       -0.9586063542     1.694093780e-11
       -0.9528500760     2.168492050e-11
       -0.9467287411     2.790125228e-11
       -0.9402446946     3.606071572e-11
       -0.9334004208     4.678752768e-11
       -0.9261985419     6.090970148e-11
       -0.9186418169     7.952596680e-11
       -0.9107331411     1.040946677e-10
       -0.9024755445     1.365518187e-10
       -0.8938721907     1.794678211e-10
       -0.8849263757     2.362554067e-10
       -0.8756415271     3.114454112e-10
       -0.8660212018     4.110522917e-10
       -0.8560690858     5.430582858e-10
       -0.8457889919     7.180542728e-10
       -0.8351848586     9.500874132e-10
       -0.8242607485     1.257781372e-09
       -0.8130208469     1.665815496e-09
       -0.8014694601     2.206876138e-09
       -0.7896110136     2.924228335e-09
       -0.7774500506     3.875101497e-09
       -0.7649912304     5.135141938e-09
       -0.7522393260     6.804261683e-09
       -0.7391992230     9.014312206e-09
       -0.7258759174     1.193913992e-08
       -0.7122745136     1.580774553e-08
       -0.6984002225     2.092148186e-08
       -0.6842583598     2.767649825e-08
       -0.6698543434     3.659298903e-08
       -0.6551936918     4.835325165e-08
       -0.6402820218     6.385113081e-08
       -0.6251250465     8.425615140e-08
       -0.6097285727     1.110965667e-07
       -0.5940984992     1.463667165e-07
       -0.5782408141     1.926655681e-07
       -0.5621615929     2.533751729e-07
       -0.5458669959     3.328901147e-07
       -0.5293632658     4.369119544e-07
       -0.5126567256     5.728263456e-07
       -0.4957537759     7.501850619e-07
       -0.4786608927     9.813208557e-07
       -0.4613846244     1.282130097e-06
       -0.4439315901     1.673066824e-06
       -0.4263084763     2.180402526e-06
       -0.4085220348     2.837819079e-06
       -0.3905790800     3.688418266e-06
       -0.3724864863     4.787250842e-06
       -0.3542511851     6.204491736e-06
       -0.3358801630     8.029416613e-06
       -0.3173804582     1.037536942e-05
       -0.2987591583     1.338595182e-05
       -0.2800233975     1.724271468e-05
       -0.2611803539     2.217469025e-05
       -0.2422372467     2.847017296e-05
       -0.2232013333     3.649123806e-05
       -0.2040799068     4.669158283e-05
       -0.1848802931     5.963838591e-05
       -0.1656098479     7.603900906e-05
       -0.1462759540     9.677351315e-05
       -0.1268860188     0.0001229341298
       -0.1074474710     0.0001558730214
      -0.08796775773     0.0001972598799
      -0.06845434221     0.0002491511544
      -0.04891470040     0.0003140729690
      -0.02935631835     0.0003951200833
     -0.009786689278     0.0004960735710
      0.009786689278     0.0006215402313
       0.02935631835     0.0007771171142
       0.04891470040     0.0009695849160
       0.06845434221      0.001207134385
       0.08796775773      0.001499630266
        0.1074474710      0.001858917668
        0.1268860188      0.002299176101
        0.1462759540      0.002837326684
        0.1656098479      0.003493498292
        0.1848802931      0.004291558484
        0.2040799068      0.005259715101
        0.2232013333      0.006431194217
        0.2422372467      0.007844999816
        0.2611803539      0.009546759925
        0.2800233975       0.01158966311
        0.2987591583       0.01403548804
        0.3173804582       0.01695572718
        0.3358801630       0.02043280394
        0.3542511851       0.02456137992
        0.3724864863       0.02944974618
        0.3905790800       0.03522128910
        0.4085220348       0.04201601748
        0.4263084763       0.04999213304
        0.4439315901       0.05932762175
        0.4613846244       0.07022183823
        0.4786608927       0.08289704935
        0.4957537759       0.09759989778
        0.5126567256        0.1146027398
        0.5293632658        0.1342048056
        0.5458669959        0.1567331252
        0.5621615929        0.1825431557
        0.5782408141        0.2120190444
        0.5940984992        0.2455734539
        0.6097285727        0.2836468779
        0.6251250465        0.3267063707
        0.6402820218        0.3752436178
        0.6551936918        0.4297722772
        0.6698543434        0.4908245257
        0.6842583598        0.5589467539
        0.6984002225        0.6346943645
        0.7122745136        0.7186256440
        0.7258759174        0.8112946923
        0.7391992230        0.9132434194
        0.7522393260         1.024992638
        0.7649912304         1.147032307
        0.7774500506         1.279811017
        0.7896110136         1.423724816
        0.8014694601         1.579105540
        0.8130208469         1.746208804
        0.8242607485         1.925201868
        0.8351848586         2.116151608
        0.8457889919         2.319012840
        0.8560690858         2.533617282
        0.8660212018         2.759663447
        0.8756415271         2.996707747
        0.8849263757         3.244157136
        0.8938721907         3.501263567
        0.9024755445         3.767120546
        0.9107331411         4.040662049
        0.9186418169         4.320664004
        0.9261985419         4.605748531
        0.9334004208         4.894391066
        0.9402446946         5.184930438
        0.9467287411         5.475581898
        0.9528500760         5.764453053
        0.9586063542         6.049562546
        0.9639953704         6.328861300
        0.9690150599         6.600256015
        0.9736634995         6.861634600
        0.9779389084         7.110893097
        0.9818396487         7.345963651
        0.9853642259         7.564843004
        0.9885112898         7.765620970
        0.9912796349         7.946508322
        0.9936682009         8.105863529
        0.9956760735         8.242217778
        0.9973024853         8.354297781
        0.9985468188         8.441045956
        0.9994086206         8.501638230
        0.9998877523         8.535507913
