       -0.9998877523       0.01690604888
       -0.9994086206       0.01693548905
       -0.9985468188       0.01698854362
       -0.9973024853       0.01706537795
       -0.9956760735       0.01716621584
       -0.9936682009       0.01729134947
       -0.9912796349       0.01744114099
       -0.9885112898       0.01761602367
       -0.9853642259       0.01781650318
       -0.9818396487       0.01804315888
       -0.9779389084       0.01829664545
       -0.9736634995       0.01857769461
       -0.9690150599       0.01888711705
       -0.9639953704       0.01922580454
       -0.9586063542       0.01959473230
       -0.9528500760       0.01999496147
       -0.9467287411       0.02042764179
       -0.9402446946       0.02089401455
       -0.9334004208       0.02139541563
       -0.9261985419       0.02193327876
       -0.9186418169       0.02250913903
       -0.9107331411       0.02312463650
       -0.9024755445       0.02378152004
       -0.8938721907       0.02448165134
       -0.8849263757       0.02522700911
       -0.8756415271       0.02601969346
       -0.8660212018       0.02686193042
       -0.8560690858       0.02775607663
       -0.8457889919       0.02870462424
       -0.8351848586       0.02971020588
       -0.8242607485       0.03077559980
       -0.8130208469       0.03190373519
       -0.8014694601       0.03309769752
       -0.7896110136       0.03436073409
       -0.7774500506       0.03569625957
       -0.7649912304       0.03710786169
       -0.7522393260       0.03859930695
       -0.7391992230       0.04017454633
       -0.7258759174       0.04183772112
       -0.7122745136       0.04359316860
       -0.6984002225       0.04544542778
       -0.6842583598       0.04739924503
       -0.6698543434       0.04945957961
       -0.6551936918       0.05163160910
       -0.6402820218       0.05392073459
       -0.6251250465       0.05633258574
       -0.6097285727       0.05887302551
       -0.5940984992       0.06154815470
       -0.5782408141       0.06436431600
       -0.5621615929       0.06732809779
       -0.5458669959       0.07044633738
       -0.5293632658       0.07372612382
       -0.5126567256       0.07717480012
       -0.4957537759       0.08079996484
       -0.4786608927       0.08460947301
       -0.4613846244       0.08861143628
       -0.4439315901       0.09281422226
       -0.4263084763       0.09722645295
       -0.4085220348        0.1018570022
       -0.3905790800        0.1067149923
       -0.3724864863        0.1118097889
       -0.3542511851        0.1171509957
       -0.3358801630        0.1227484467
       -0.3173804582        0.1286121984
       -0.2987591583        0.1347525191
       -0.2800233975        0.1411798781
       -0.2611803539        0.1479049324
       -0.2422372467        0.1549385119
       -0.2232013333        0.1622916035
       -0.2040799068        0.1699753325
       -0.1848802931        0.1780009425
       -0.1656098479        0.1863797738
       -0.1462759540        0.1951232390
       -0.1268860188        0.2042427976
       -0.1074474710        0.2137499272
      -0.08796775773        0.2236560939
      -0.06845434221        0.2339727198
      -0.04891470040        0.2447111485
      -0.02935631835        0.2558826083
     -0.009786689278        0.2674981740
      0.009786689278        0.2795687250
       0.02935631835        0.2921049032
       0.04891470040        0.3051170670
       0.06845434221        0.3186152449
       0.08796775773        0.3326090854
        0.1074474710        0.3471078069
        0.1268860188        0.3621201442
        0.1462759540        0.3776542946
        0.1656098479        0.3937178612
        0.1848802931        0.4103177964
        0.2040799068        0.4274603424
        0.2232013333        0.4451509726
        0.2422372467        0.4633943304
        0.2611803539        0.4821941689
        0.2800233975        0.5015532891
        0.2987591583        0.5214734790
        0.3173804582        0.5419554523
        0.3358801630        0.5629987878
        0.3542511851        0.5846018693
        0.3724864863        0.6067618277
        0.3905790800        0.6294744831
        0.4085220348        0.6527342898
        0.4263084763        0.6765342830
        0.4439315901        0.7008660286
        0.4613846244        0.7257195748
        0.4786608927        0.7510834089
        0.4957537759        0.7769444156
        0.5126567256        0.8032878412
        0.5293632658        0.8300972611
        0.5458669959        0.8573545532
        0.5621615929        0.8850398753
        0.5782408141        0.9131316489
        0.5940984992        0.9416065489
        0.6097285727        0.9704394991
        0.6251250465        0.9996036746
        0.6402820218         1.029070511
        0.6551936918         1.058809721
        0.6698543434         1.088789316
        0.6842583598         1.118975640
        0.6984002225         1.149333407
        0.7122745136         1.179825747
        0.7258759174         1.210414261
        0.7391992230         1.241059083
        0.7522393260         1.271718951
        0.7649912304         1.302351285
        0.7774500506         1.332912272
        0.7896110136         1.363356962
        0.8014694601         1.393639365
        0.8130208469         1.423712565
        0.8242607485         1.453528830
        0.8351848586         1.483039737
        0.8457889919         1.512196300
        0.8560690858         1.540949103
        0.8660212018         1.569248437
        0.8756415271         1.597044451
        0.8849263757         1.624287293
        0.8938721907         1.650927265
        0.9024755445         1.676914978
        0.9107331411         1.702201508
        0.9186418169         1.726738556
        0.9261985419         1.750478605
        0.9334004208         1.773375084
        0.9402446946         1.795382522
        0.9467287411         1.816456709
        0.9528500760         1.836554848
        0.9586063542         1.855635712
        0.9639953704         1.873659786
        0.9690150599         1.890589417
        0.9736634995         1.906388946
        0.9779389084         1.921024847
        0.9818396487         1.934465846
        0.9853642259         1.946683044
        0.9885112898         1.957650023
        0.9912796349         1.967342948
        0.9936682009         1.975740660
        0.9956760735         1.982824759
        0.9973024853         1.988579675
        0.9985468188         1.992992739
        0.9994086206         1.996054285
        0.9998877523         1.997758219
