       -0.9998877523     3.130409777e-16
       -0.9994086206     3.302106658e-16
       -0.9985468188     3.628728916e-16
       -0.9973024853     4.142909482e-16
       -0.9956760735     4.896849462e-16
       -0.9936682009     5.968774405e-16
       -0.9912796349     7.472636984e-16
       -0.9885112898     9.572403390e-16
       -0.9853642259     1.250284662e-15
       -0.9818396487     1.659965048e-15
       -0.9779389084     2.234290814e-15
       -0.9736634995     3.041994056e-15
       -0.9690150599     4.181601656e-15
       -0.9639953704     5.794542760e-15
       -0.9586063542     8.084092718e-15
       -0.9528500760     1.134276424e-14
       -0.9467287411     1.599192336e-14
       -0.9402446946     2.263910055e-14
       -0.9334004208     3.216090757e-14
       -0.9261985419     4.582300665e-14
       -0.9186418169     6.545367152e-14
       -0.9107331411     9.369484063e-14
       -0.9024755445     1.343651608e-13
       -0.8938721907     1.929847951e-13
       -0.8849263757     2.775337300e-13
       -0.8756415271     3.995468987e-13
       -0.8660212018     5.756947479e-13
       -0.8560690858     8.300628670e-13
       -0.8457889919     1.197437331e-12
       -0.8351848586     1.728035458e-12
       -0.8242607485     2.494311640e-12
       -0.8130208469     3.600738779e-12
       -0.8014694601     5.197851355e-12
       -0.7896110136     7.502384103e-12
       -0.7774500506     1.082611761e-11
       -0.7649912304     1.561714302e-11
       -0.7522393260     2.251881422e-11
       -0.7391992230     3.245385156e-11
       -0.7258759174     4.674415308e-11
       -0.7122745136     6.728121359e-11
       -0.6984002225     9.676814514e-11
       -0.6842583598     1.390628167e-10
       -0.6698543434     1.996635334e-10
       -0.6551936918     2.863952538e-10
       -0.6402820218     4.103773783e-10
       -0.6251250465     5.873860779e-10
       -0.6097285727     8.397682814e-10
       -0.5940984992     1.199125336e-09
       -0.5782408141     1.710068110e-09
       -0.5621615929     2.435460199e-09
       -0.5458669959     3.463723062e-09
       -0.5293632658     4.918991256e-09
       -0.5126567256     6.975197493e-09
       -0.4957537759     9.875562489e-09
       -0.4786608927     1.395949885e-08
       -0.4613846244     1.969965816e-08
       -0.4439315901     2.775281713e-08
       -0.4263084763     3.902959300e-08
       -0.4085220348     5.478970444e-08
       -0.3905790800     7.677178929e-08
       -0.3724864863     1.073698299e-07
       -0.3542511851     1.498722480e-07
       -0.3358801630     2.087850055e-07
       -0.3173804582     2.902669522e-07
       -0.2987591583     4.027146721e-07
       -0.2800233975     5.575457829e-07
       -0.2611803539     7.702447808e-07
       -0.2422372467     1.061755029e-06
       -0.2232013333     1.460325490e-06
       -0.2040799068     2.003952735e-06
       -0.1848802931     2.743599320e-06
       -0.1656098479     3.747420896e-06
       -0.1462759540     5.106298971e-06
       -0.1268860188     6.941056970e-06
       -0.1074474710     9.411837788e-06
      -0.08796775773     1.273024550e-05
      -0.06845434221     1.717500708e-05
      -0.04891470040     2.311209746e-05
      -0.02935631835     3.102049908e-05
     -0.009786689278     4.152504251e-05
      0.009786689278     5.543810479e-05
       0.02935631835     7.381233546e-05
       0.04891470040     9.800704513e-05
       0.06845434221     0.0001297714358
       0.08796775773     0.0001713484852
        0.1074474710     0.0002256040264
        0.1268860188     0.0002961863911
        0.1462759540     0.0003877229233
        0.1656098479     0.0005060607039
        0.1848802931     0.0006585599707
        0.2040799068     0.0008544499415
        0.2232013333      0.001105258050
        0.2422372467      0.001425324942
        0.2611803539      0.001832418932
        0.2800233975      0.002348464900
        0.2987591583      0.003000403809
        0.3173804582      0.003821199971
        0.3358801630      0.004851013893
        0.3542511851      0.006138558758
        0.3724864863      0.007742658285
        0.3905790800      0.009734022663
        0.4085220348       0.01219725732
        0.4263084763       0.01523311630
        0.4439315901       0.01896100758
        0.4613846244       0.02352175219
        0.4786608927       0.02908059136
        0.4957537759       0.03583042673
        0.5126567256       0.04399526796
        0.5293632658       0.05383384858
        0.5458669959       0.06564335624
        0.5621615929       0.07976320682
        0.5782408141       0.09657877302
        0.5940984992        0.1165249590
        0.6097285727        0.1400894915
        0.6251250465        0.1678157779
        0.6402820218        0.2003051607
        0.6551936918        0.2382183807
        0.6698543434        0.2822760447
        0.6842583598        0.3332578808
        0.6984002225        0.3920005594
        0.7122745136        0.4593938564
        0.7258759174        0.5363749431
        0.7391992230        0.6239206036
        0.7522393260        0.7230372083
        0.7649912304        0.8347483086
        0.7774500506        0.9600797685
        0.7896110136         1.100042408
        0.8014694601         1.255612211
        0.8130208469         1.427708219
        0.8242607485         1.617168346
        0.8351848586         1.824723424
        0.8457889919         2.050969903
        0.8560690858         2.296341730
        0.8660212018         2.561082025
        0.8756415271         2.845215263
        0.8849263757         3.148520746
        0.8938721907         3.470508218
        0.9024755445         3.810396482
        0.9107331411         4.167095943
        0.9186418169         4.539195912
        0.9261985419         4.924957521
        0.9334004208         5.322312963
        0.9402446946         5.728871676
        0.9467287411         6.141933947
        0.9528500760         6.558512185
        0.9586063542         6.975359974
        0.9639953704         7.389008715
        0.9690150599         7.795811496
        0.9736634995         8.191993526
        0.9779389084         8.573708283
        0.9818396487         8.937098269
        0.9853642259         9.278359075
        0.9885112898         9.593805308
        0.9912796349         9.879936793
        0.9936682009         10.13350339
        0.9956760735         10.35156678
        0.9973024853         10.53155755
        0.9985468188         10.67132628
        0.9994086206         10.76918825
        0.9998877523         10.82397484
