       -0.9998877523     5.287550104e-08
       -0.9994086206     5.366341635e-08
       -0.9985468188     5.510297107e-08
       -0.9973024853     5.723296718e-08
       -0.9956760735     6.011068107e-08
       -0.9936682009     6.381396440e-08
       -0.9912796349     6.844379656e-08
       -0.9885112898     7.412757880e-08
       -0.9853642259     8.102329779e-08
       -0.9818396487     8.932470348e-08
       -0.9779389084     9.926767848e-08
       -0.9736634995     1.111380162e-07
       -0.9690150599     1.252808726e-07
       -0.9639953704     1.421122126e-07
       -0.9586063542     1.621326385e-07
       -0.9528500760     1.859440684e-07
       -0.9467287411     2.142698252e-07
       -0.9402446946     2.479788110e-07
       -0.9334004208     2.881145739e-07
       -0.9261985419     3.359302339e-07
       -0.9186418169     3.929304250e-07
       -0.9107331411     4.609216310e-07
       -0.9024755445     5.420725652e-07
       -0.8938721907     6.389865541e-07
       -0.8849263757     7.547882634e-07
       -0.8756415271     8.932275454e-07
       -0.8660212018     1.058803709e-06
       -0.8560690858     1.256914135e-06
       -0.8457889919     1.494031872e-06
       -0.8351848586     1.777917725e-06
       -0.8242607485     2.117873333e-06
       -0.8130208469     2.525042910e-06
       -0.8014694601     3.012772720e-06
       -0.7896110136     3.597038939e-06
       -0.7774500506     4.296956455e-06
       -0.7649912304     5.135383342e-06
       -0.7522393260     6.139638270e-06
       -0.7391992230     7.342351079e-06
       -0.7258759174     8.782470149e-06
       -0.7122745136     1.050645414e-05
       -0.6984002225     1.256968018e-05
       -0.6842583598     1.503810594e-05
       -0.6698543434     1.799022873e-05
       -0.6551936918     2.151939199e-05
       -0.6402820218     2.573649704e-05
       -0.6251250465     3.077318695e-05
       -0.6097285727     3.678557958e-05
       -0.5940984992     4.395863814e-05
       -0.5782408141     5.251128046e-05
       -0.5621615929     6.270234278e-05
       -0.5458669959     7.483752991e-05
       -0.5293632658     8.927750178e-05
       -0.5126567256     0.0001064472666
       -0.4957537759     0.0001268470725
       -0.4786608927     0.0001510650158
       -0.4613846244     0.0001797916073
       -0.4439315901     0.0002138365732
       -0.4263084763     0.0002541481917
       -0.4085220348     0.0003018355088
       -0.3905790800     0.0003581938060
       -0.3724864863     0.0004247337389
       -0.3542511851     0.0005032146005
       -0.3358801630     0.0005956822133
       -0.3173804582     0.0007045119935
       -0.2987591583     0.0008324577795
       -0.2800233975     0.0009827070637
       -0.2611803539      0.001158943313
       -0.2422372467      0.001365416103
       -0.2232013333      0.001607019846
       -0.2040799068      0.001889381917
       -0.1848802931      0.002218961018
       -0.1656098479      0.002603156666
       -0.1462759540      0.003050430669
       -0.1268860188      0.003570441500
       -0.1074474710      0.004174192439
      -0.08796775773      0.004874194344
      -0.06845434221      0.005684643851
      -0.04891470040      0.006621617751
      -0.02935631835      0.007703284173
     -0.009786689278      0.008950131090
      0.009786689278       0.01038521250
       0.02935631835       0.01203441240
       0.04891470040       0.01392672652
       0.06845434221       0.01609456139
       0.08796775773       0.01857404998
        0.1074474710       0.02140538295
        0.1268860188       0.02463315380
        0.1462759540       0.02830671603
        0.1656098479       0.03248054966
        0.1848802931       0.03721463395
        0.2040799068       0.04257482252
        0.2232013333       0.04863321636
        0.2422372467       0.05546852952
        0.2611803539       0.06316644137
        0.2800233975       0.07181992882
        0.2987591583       0.08152957078
        0.3173804582       0.09240381662
        0.3358801630        0.1045592093
        0.3542511851        0.1181205538
        0.3724864863        0.1332210193
        0.3905790800        0.1500021659
        0.4085220348        0.1686138817
        0.4263084763        0.1892142213
        0.4439315901        0.2119691313
        0.4613846244        0.2370520518
        0.4786608927        0.2646433830
        0.4957537759        0.2949298036
        0.5126567256        0.3281034330
        0.5293632658        0.3643608257
        0.5458669959        0.4039017921
        0.5621615929        0.4469280375
        0.5782408141        0.4936416167
        0.5940984992        0.5442432012
        0.6097285727        0.5989301615
        0.6251250465        0.6578944668
        0.6402820218        0.7213204107
        0.6551936918        0.7893821742
        0.6698543434        0.8622412387
        0.6842583598        0.9400436714
        0.6984002225         1.022917302
        0.7122745136         1.110968822
        0.7258759174         1.204280833
        0.7391992230         1.302908884
        0.7522393260         1.406878529
        0.7649912304         1.516182463
        0.7774500506         1.630777754
        0.7896110136         1.750583249
        0.8014694601         1.875477177
        0.8130208469         2.005295021
        0.8242607485         2.139827684
        0.8351848586         2.278820029
        0.8457889919         2.421969802
        0.8560690858         2.568927028
        0.8660212018         2.719293873
        0.8756415271         2.872625047
        0.8849263757         3.028428757
        0.8938721907         3.186168235
        0.9024755445         3.345263866
        0.9107331411         3.505095910
        0.9186418169         3.665007829
        0.9261985419         3.824310197
        0.9334004208         3.982285175
        0.9402446946         4.138191521
        0.9467287411         4.291270095
        0.9528500760         4.440749796
        0.9586063542         4.585853884
        0.9639953704         4.725806612
        0.9690150599         4.859840091
        0.9736634995         4.987201298
        0.9779389084         5.107159154
        0.9818396487         5.219011557
        0.9853642259         5.322092300
        0.9885112898         5.415777754
        0.9912796349         5.499493237
        0.9936682009         5.572718975
        0.9956760735         5.634995567
        0.9973024853         5.685928882
        0.9985468188         5.725194370
        0.9994086206         5.752541018
        0.9998877523         5.767798875
