       -0.9998877523     0.0004439726183
       -0.9994086206     0.0004459218209
       -0.9985468188     0.0004494443544
       -0.9973024853     0.0004545681616
       -0.9956760735     0.0004613328950
       -0.9936682009     0.0004697908763
       -0.9912796349     0.0004800076153
       -0.9885112898     0.0004920623982
       -0.9853642259     0.0005060489894
       -0.9818396487     0.0005220764565
       -0.9779389084     0.0005402701274
       -0.9736634995     0.0005607726882
       -0.9690150599     0.0005837454281
       -0.9639953704     0.0006093696437
       -0.9586063542     0.0006378482108
       -0.9528500760     0.0006694073381
       -0.9467287411     0.0007042985135
       -0.9402446946     0.0007428006582
       -0.9334004208     0.0007852225048
       -0.9261985419     0.0008319052149
       -0.9186418169     0.0008832252555
       -0.9107331411     0.0009395975533
       -0.9024755445      0.001001478948
       -0.8938721907      0.001069371969
       -0.8849263757      0.001143828955
       -0.8756415271      0.001225456550
       -0.8660212018      0.001314920596
       -0.8560690858      0.001412951455
       -0.8457889919      0.001520349790
       -0.8351848586      0.001637992843
       -0.8242607485      0.001766841231
       -0.8130208469      0.001907946313
       -0.8014694601      0.002062458147
       -0.7896110136      0.002231634099
       -0.7774500506      0.002416848117
       -0.7649912304      0.002619600733
       -0.7522393260      0.002841529831
       -0.7391992230      0.003084422212
       -0.7258759174      0.003350226025
       -0.7122745136      0.003641064079
       -0.6984002225      0.003959248110
       -0.6842583598      0.004307294025
       -0.6698543434      0.004687938182
       -0.6551936918      0.005104154741
       -0.6402820218      0.005559174132
       -0.6251250465      0.006056502671
       -0.6097285727      0.006599943377
       -0.5940984992      0.007193617999
       -0.5782408141      0.007841990301
       -0.5621615929      0.008549890619
       -0.5458669959      0.009322541700
       -0.5293632658       0.01016558585
       -0.5126567256       0.01108511335
       -0.4957537759       0.01208769221
       -0.4786608927       0.01318039914
       -0.4613846244       0.01437085176
       -0.4439315901       0.01566724201
       -0.4263084763       0.01707837067
       -0.4085220348       0.01861368293
       -0.3905790800       0.02028330486
       -0.3724864863       0.02209808077
       -0.3542511851       0.02406961117
       -0.3358801630       0.02621029131
       -0.3173804582       0.02853334999
       -0.2987591583       0.03105288851
       -0.2800233975       0.03378391949
       -0.2611803539       0.03674240520
       -0.2422372467       0.03994529527
       -0.2232013333       0.04341056329
       -0.2040799068       0.04715724194
       -0.1848802931       0.05120545637
       -0.1656098479       0.05557645521
       -0.1462759540       0.06029263893
       -0.1268860188       0.06537758481
       -0.1074474710       0.07085606826
      -0.08796775773       0.07675407966
      -0.06845434221       0.08309883625
      -0.04891470040       0.08991878844
      -0.02935631835       0.09724361981
     -0.009786689278        0.1051042402
      0.009786689278        0.1135327711
       0.02935631835        0.1225625229
       0.04891470040        0.1322279624
       0.06845434221        0.1425646716
       0.08796775773        0.1536092950
        0.1074474710        0.1653994761
        0.1268860188        0.1779737818
        0.1462759540        0.1913716144
        0.1656098479        0.2056331105
        0.1848802931        0.2207990254
        0.2040799068        0.2369106045
        0.2232013333        0.2540094385
        0.2422372467        0.2721373046
        0.2611803539        0.2913359916
        0.2800233975        0.3116471103
        0.2987591583        0.3331118873
        0.3173804582        0.3557709438
        0.3358801630        0.3796640594
        0.3542511851        0.4048299205
        0.3724864863        0.4313058542
        0.3905790800        0.4591275492
        0.4085220348        0.4883287629
        0.4263084763        0.5189410177
        0.4439315901        0.5509932862
        0.4613846244        0.5845116675
        0.4786608927        0.6195190557
        0.4957537759        0.6560348037
        0.5126567256        0.6940743828
        0.5293632658        0.7336490407
        0.5458669959        0.7747654615
        0.5621615929        0.8174254282
        0.5782408141        0.8616254929
        0.5940984992        0.9073566546
        0.6097285727        0.9546040510
        0.6251250465         1.003346664
        0.6402820218         1.053557046
        0.6551936918         1.105201063
        0.6698543434         1.158237671
        0.6842583598         1.212618710
        0.6984002225         1.268288741
        0.7122745136         1.325184908
        0.7258759174         1.383236839
        0.7391992230         1.442366597
        0.7522393260         1.502488657
        0.7649912304         1.563509945
        0.7774500506         1.625329915
        0.7896110136         1.687840677
        0.8014694601         1.750927178
        0.8130208469         1.814467433
        0.8242607485         1.878332811
        0.8351848586         1.942388370
        0.8457889919         2.006493252
        0.8560690858         2.070501121
        0.8660212018         2.134260660
        0.8756415271         2.197616115
        0.8849263757         2.260407884
        0.8938721907         2.322473157
        0.9024755445         2.383646588
        0.9107331411         2.443761014
        0.9186418169         2.502648206
        0.9261985419         2.560139643
        0.9334004208         2.616067324
        0.9402446946         2.670264581
        0.9467287411         2.722566924
        0.9528500760         2.772812881
        0.9586063542         2.820844847
        0.9639953704         2.866509922
        0.9690150599         2.909660745
        0.9736634995         2.950156304
        0.9779389084         2.987862728
        0.9818396487         3.022654046
        0.9853642259         3.054412907
        0.9885112898         3.083031261
        0.9912796349         3.108410996
        0.9936682009         3.130464513
        0.9956760735         3.149115250
        0.9973024853         3.164298149
        0.9985468188         3.175960069
        0.9994086206         3.184060241
        0.9998877523         3.188571935
