       -0.9998877523     9.004245991e-30
       -0.9994086206     7.814805085e-30
       -0.9985468188     4.783113669e-30
       -0.9973024853     2.834254379e-30
       -0.9956760735     1.508490488e-30
       -0.9936682009     1.155565771e-31
       -0.9912796349     5.322387353e-33
       -0.9885112898     8.866578927e-31
       -0.9853642259     1.920242578e-30
       -0.9818396487     1.721474911e-30
       -0.9779389084     2.705519573e-30
       -0.9736634995     1.658036631e-30
       -0.9690150599     8.429515565e-31
       -0.9639953704     5.025748744e-31
       -0.9586063542     3.289173006e-32
       -0.9528500760     2.347938835e-31
       -0.9467287411     3.355971596e-31
       -0.9402446946     7.101202171e-31
       -0.9334004208     7.662447549e-31
       -0.9261985419     9.286614934e-31
       -0.9186418169     4.898938710e-31
       -0.9107331411     3.416764359e-31
       -0.9024755445     2.168203540e-31
       -0.8938721907     3.617981309e-31
       -0.8849263757     7.227637503e-31
       -0.8756415271     1.474521578e-30
       -0.8660212018     2.317945106e-30
       -0.8560690858     2.506620923e-30
       -0.8457889919     1.759411762e-30
       -0.8351848586     9.591024857e-31
       -0.8242607485     5.675608532e-32
       -0.8130208469     1.395038506e-31
       -0.8014694601     2.995420569e-31
       -0.7896110136     3.814323242e-31
       -0.7774500506     6.383314169e-32
       -0.7649912304     1.313328098e-32
       -0.7522393260     3.586593416e-31
       -0.7391992230     3.652211765e-31
       -0.7258759174     1.421103923e-31
       -0.7122745136     7.084621718e-32
       -0.6984002225     4.003406395e-33
       -0.6842583598     9.417342492e-33
       -0.6698543434     1.380659348e-31
       -0.6551936918     1.192944689e-30
       -0.6402820218     4.371688726e-30
       -0.6251250465     1.512410002e-29
       -0.6097285727     4.559426107e-29
       -0.5940984992     1.343879652e-28
       -0.5782408141     3.958295943e-28
       -0.5621615929     1.175020347e-27
       -0.5458669959     3.436996000e-27
       -0.5293632658     9.871526104e-27
       -0.5126567256     2.811147811e-26
       -0.4957537759     7.925561502e-26
       -0.4786608927     2.221731974e-25
       -0.4613846244     6.195915878e-25
       -0.4439315901     1.717959820e-24
       -0.4263084763     4.739056949e-24
       -0.4085220348     1.299347062e-23
       -0.3905790800     3.540448386e-23
       -0.3724864863     9.586307671e-23
       -0.3542511851     2.578986460e-22
       -0.3358801630     6.893538456e-22
       -0.3173804582     1.830644647e-21
       -0.2987591583     4.829316664e-21
       -0.2800233975     1.265467990e-20
       -0.2611803539     3.293475782e-20
       -0.2422372467     8.512355399e-20
       -0.2232013333     2.184705844e-19
       -0.2040799068     5.567266567e-19
       -0.1848802931     1.408488500e-18
       -0.1656098479     3.537406272e-18
       -0.1462759540     8.818510447e-18
       -0.1268860188     2.181939906e-17
       -0.1074474710     5.357801772e-17
      -0.08796775773     1.305528302e-16
      -0.06845434221     3.156469843e-16
      -0.04891470040     7.571692836e-16
      -0.02935631835     1.801860122e-15
     -0.009786689278     4.253506056e-15
      0.009786689278     9.959384835e-15
       0.02935631835     2.312807303e-14
       0.04891470040     5.326357221e-14
       0.06845434221     1.216376111e-13
       0.08796775773     2.754327000e-13
        0.1074474710     6.183535214e-13
        0.1268860188     1.376245844e-12
        0.1462759540     3.036390285e-12
        0.1656098479     6.640282110e-12
        0.1848802931     1.439289756e-11
        0.2040799068     3.091779653e-11
        0.2232013333     6.581633480e-11
        0.2422372467     1.388322630e-10
        0.2611803539     2.901655090e-10
        0.2800233975     6.008518591e-10
        0.2987591583     1.232603117e-09
        0.3173804582     2.504850315e-09
        0.3358801630     5.042104363e-09
        0.3542511851     1.005270019e-08
        0.3724864863     1.985017008e-08
        0.3905790800     3.881740804e-08
        0.4085220348     7.516926008e-08
        0.4263084763     1.441373554e-07
        0.4439315901     2.736572090e-07
        0.4613846244     5.144027664e-07
        0.4786608927     9.572782604e-07
        0.4957537759     1.763536650e-06
        0.5126567256     3.215996187e-06
        0.5293632658     5.805038561e-06
        0.5458669959     1.037116410e-05
        0.5621615929     1.833823112e-05
        0.5782408141     3.209002858e-05
        0.5940984992     5.557009550e-05
        0.6097285727     9.522405601e-05
        0.6251250465     0.0001614593821
        0.6402820218     0.0002708744391
        0.6551936918     0.0004496125398
        0.6698543434     0.0007383332907
        0.6842583598      0.001199467814
        0.6984002225      0.001927639431
        0.7122745136      0.003064386055
        0.7258759174      0.004818607176
        0.7391992230      0.007494459451
        0.7522393260       0.01152870981
        0.7649912304       0.01753977596
        0.7774500506       0.02639077473
        0.7896110136       0.03926877091
        0.8014694601       0.05778196964
        0.8130208469       0.08407570567
        0.8242607485        0.1209666398
        0.8351848586        0.1720924784
        0.8457889919        0.2420717389
        0.8560690858        0.3366646078
        0.8660212018        0.4629219212
        0.8756415271        0.6293049872
        0.8849263757        0.8457548007
        0.8938721907         1.123685732
        0.9024755445         1.475876715
        0.9107331411         1.916233099
        0.9186418169         2.459395405
        0.9261985419         3.120177947
        0.9334004208         3.912830891
        0.9402446946         4.850133914
        0.9467287411         5.942347515
        0.9528500760         7.196068039
        0.9586063542         8.613052839
        0.9639953704         10.18910038
        0.9690150599         11.91308382
        0.9736634995         13.76624317
        0.9779389084         15.72183815
        0.9818396487         17.74524990
        0.9853642259         19.79459456
        0.9885112898         21.82187589
        0.9912796349         23.77466073
        0.9936682009         25.59821362
        0.9956760735         27.23797999
        0.9973024853         28.64226694
        0.9985468188         29.76494199
        0.9994086206         30.56796379
        0.9998877523         31.02367324
