       -0.9998877523       0.02891376364
       -0.9994086206       0.02895502527
       -0.9985468188       0.02902935849
       -0.9973024853       0.02913695204
       -0.9956760735       0.02927805717
       -0.9936682009       0.02945300113
       -0.9912796349       0.02966218898
       -0.9885112898       0.02990610461
       -0.9853642259       0.03018531176
       -0.9818396487       0.03050045515
       -0.9779389084       0.03085226167
       -0.9736634995       0.03124154183
       -0.9690150599       0.03166919125
       -0.9639953704       0.03213619236
       -0.9586063542       0.03264361622
       -0.9528500760       0.03319262443
       -0.9467287411       0.03378447129
       -0.9402446946       0.03442050596
       -0.9334004208       0.03510217484
       -0.9261985419       0.03583102405
       -0.9186418169       0.03660870202
       -0.9107331411       0.03743696221
       -0.9024755445       0.03831766593
       -0.8938721907       0.03925278528
       -0.8849263757       0.04024440614
       -0.8756415271       0.04129473136
       -0.8660212018       0.04240608387
       -0.8560690858       0.04358091001
       -0.8457889919       0.04482178285
       -0.8351848586       0.04613140552
       -0.8242607485       0.04751261472
       -0.8130208469       0.04896838407
       -0.8014694601       0.05050182763
       -0.7896110136       0.05211620331
       -0.7774500506       0.05381491633
       -0.7649912304       0.05560152255
       -0.7522393260       0.05747973186
       -0.7391992230       0.05945341137
       -0.7258759174       0.06152658858
       -0.7122745136       0.06370345440
       -0.6984002225       0.06598836597
       -0.6842583598       0.06838584937
       -0.6698543434       0.07090060210
       -0.6551936918       0.07353749528
       -0.6402820218       0.07630157563
       -0.6251250465       0.07919806716
       -0.6097285727       0.08223237241
       -0.5940984992       0.08541007347
       -0.5782408141       0.08873693250
       -0.5621615929       0.09221889176
       -0.5458669959       0.09586207326
       -0.5293632658       0.09967277777
       -0.5126567256        0.1036574833
       -0.4957537759        0.1078228431
       -0.4786608927        0.1121756824
       -0.4613846244        0.1167229954
       -0.4439315901        0.1214719409
       -0.4263084763        0.1264298367
       -0.4085220348        0.1316041543
       -0.3905790800        0.1370025116
       -0.3724864863        0.1426326653
       -0.3542511851        0.1485025022
       -0.3358801630        0.1546200288
       -0.3173804582        0.1609933613
       -0.2987591583        0.1676307126
       -0.2800233975        0.1745403796
       -0.2611803539        0.1817307288
       -0.2422372467        0.1892101803
       -0.2232013333        0.1969871911
       -0.2040799068        0.2050702366
       -0.1848802931        0.2134677913
       -0.1656098479        0.2221883076
       -0.1462759540        0.2312401936
       -0.1268860188        0.2406317892
       -0.1074474710        0.2503713415
      -0.08796775773        0.2604669776
      -0.06845434221        0.2709266774
      -0.04891470040        0.2817582439
      -0.02935631835        0.2929692730
     -0.009786689278        0.3045671216
      0.009786689278        0.3165588741
       0.02935631835        0.3289513087
       0.04891470040        0.3417508615
       0.06845434221        0.3549635897
       0.08796775773        0.3685951348
        0.1074474710        0.3826506832
        0.1268860188        0.3971349276
        0.1462759540        0.4120520264
        0.1656098479        0.4274055637
        0.1848802931        0.4431985075
        0.2040799068        0.4594331689
        0.2232013333        0.4761111605
        0.2422372467        0.4932333544
        0.2611803539        0.5107998414
        0.2800233975        0.5288098898
        0.2987591583        0.5472619047
        0.3173804582        0.5661533887
        0.3358801630        0.5854809031
        0.3542511851        0.6052400302
        0.3724864863        0.6254253372
        0.3905790800        0.6460303419
        0.4085220348        0.6670474799
        0.4263084763        0.6884680740
        0.4439315901        0.7102823063
        0.4613846244        0.7324791922
        0.4786608927        0.7550465580
        0.4957537759        0.7779710208
        0.5126567256        0.8012379722
        0.5293632658        0.8248315654
        0.5458669959        0.8487347059
        0.5621615929        0.8729290460
        0.5782408141        0.8973949840
        0.5940984992        0.9221116671
        0.6097285727        0.9470569990
        0.6251250465        0.9722076523
        0.6402820218        0.9975390859
        0.6551936918         1.023025566
        0.6698543434         1.048640195
        0.6842583598         1.074354941
        0.6984002225         1.100140677
        0.7122745136         1.125967224
        0.7258759174         1.151803396
        0.7391992230         1.177617053
        0.7522393260         1.203375164
        0.7649912304         1.229043863
        0.7774500506         1.254588520
        0.7896110136         1.279973814
        0.8014694601         1.305163811
        0.8130208469         1.330122043
        0.8242607485         1.354811596
        0.8351848586         1.379195199
        0.8457889919         1.403235317
        0.8560690858         1.426894250
        0.8660212018         1.450134230
        0.8756415271         1.472917526
        0.8849263757         1.495206547
        0.8938721907         1.516963949
        0.9024755445         1.538152744
        0.9107331411         1.558736408
        0.9186418169         1.578678990
        0.9261985419         1.597945223
        0.9334004208         1.616500633
        0.9402446946         1.634311647
        0.9467287411         1.651345699
        0.9528500760         1.667571335
        0.9586063542         1.682958317
        0.9639953704         1.697477722
        0.9690150599         1.711102038
        0.9736634995         1.723805254
        0.9779389084         1.735562953
        0.9818396487         1.746352391
        0.9853642259         1.756152579
        0.9885112898         1.764944350
        0.9912796349         1.772710434
        0.9936682009         1.779435511
        0.9956760735         1.785106268
        0.9973024853         1.789711450
        0.9985468188         1.793241907
        0.9994086206         1.795690662
        0.9998877523         1.797053369
