       -0.9998877523       0.08707943782
       -0.9994086206       0.08715227230
       -0.9985468188       0.08728340062
       -0.9973024853       0.08747301215
       -0.9956760735       0.08772134204
       -0.9936682009       0.08802869417
       -0.9912796349       0.08839544341
       -0.9885112898       0.08882203613
       -0.9853642259       0.08930899058
       -0.9818396487       0.08985689704
       -0.9779389084       0.09046641813
       -0.9736634995       0.09113828900
       -0.9690150599       0.09187331767
       -0.9639953704       0.09267238526
       -0.9586063542       0.09353644629
       -0.9528500760       0.09446652899
       -0.9467287411       0.09546373558
       -0.9402446946       0.09652924259
       -0.9334004208       0.09766430114
       -0.9261985419       0.09887023724
       -0.9186418169        0.1001484520
       -0.9107331411        0.1015004219
       -0.9024755445        0.1029276991
       -0.8938721907        0.1044319115
       -0.8849263757        0.1060147628
       -0.8756415271        0.1076780328
       -0.8660212018        0.1094235774
       -0.8560690858        0.1112533283
       -0.8457889919        0.1131692933
       -0.8351848586        0.1151735557
       -0.8242607485        0.1172682745
       -0.8130208469        0.1194556836
       -0.8014694601        0.1217380916
       -0.7896110136        0.1241178808
       -0.7774500506        0.1265975072
       -0.7649912304        0.1291794988
       -0.7522393260        0.1318664553
       -0.7391992230        0.1346610464
       -0.7258759174        0.1375660107
       -0.7122745136        0.1405841543
       -0.6984002225        0.1437183486
       -0.6842583598        0.1469715290
       -0.6698543434        0.1503466921
       -0.6551936918        0.1538468940
       -0.6402820218        0.1574752471
       -0.6251250465        0.1612349174
       -0.6097285727        0.1651291215
       -0.5940984992        0.1691611232
       -0.5782408141        0.1733342294
       -0.5621615929        0.1776517866
       -0.5458669959        0.1821171763
       -0.5293632658        0.1867338102
       -0.5126567256        0.1915051257
       -0.4957537759        0.1964345800
       -0.4786608927        0.2015256450
       -0.4613846244        0.2067818007
       -0.4439315901        0.2122065292
       -0.4263084763        0.2178033080
       -0.4085220348        0.2235756023
       -0.3905790800        0.2295268579
       -0.3724864863        0.2356604934
       -0.3542511851        0.2419798912
       -0.3358801630        0.2484883895
       -0.3173804582        0.2551892729
       -0.2987591583        0.2620857626
       -0.2800233975        0.2691810072
       -0.2611803539        0.2764780715
       -0.2422372467        0.2839799268
       -0.2232013333        0.2916894392
       -0.2040799068        0.2996093583
       -0.1848802931        0.3077423058
       -0.1656098479        0.3160907631
       -0.1462759540        0.3246570591
       -0.1268860188        0.3334433575
       -0.1074474710        0.3424516438
      -0.08796775773        0.3516837120
      -0.06845434221        0.3611411517
      -0.04891470040        0.3708253337
      -0.02935631835        0.3807373969
     -0.009786689278        0.3908782340
      0.009786689278        0.4012484778
       0.02935631835        0.4118484869
       0.04891470040        0.4226783318
       0.06845434221        0.4337377809
       0.08796775773        0.4450262863
        0.1074474710        0.4565429704
        0.1268860188        0.4682866119
        0.1462759540        0.4802556326
        0.1656098479        0.4924480842
        0.1848802931        0.5048616355
        0.2040799068        0.5174935601
        0.2232013333        0.5303407242
        0.2422372467        0.5433995758
        0.2611803539        0.5566661332
        0.2800233975        0.5701359751
        0.2987591583        0.5838042314
        0.3173804582        0.5976655740
        0.3358801630        0.6117142092
        0.3542511851        0.6259438709
        0.3724864863        0.6403478142
        0.3905790800        0.6549188106
        0.4085220348        0.6696491441
        0.4263084763        0.6845306085
        0.4439315901        0.6995545057
        0.4613846244        0.7147116455
        0.4786608927        0.7299923462
        0.4957537759        0.7453864376
        0.5126567256        0.7608832641
        0.5293632658        0.7764716901
        0.5458669959        0.7921401068
        0.5621615929        0.8078764400
        0.5782408141        0.8236681599
        0.5940984992        0.8395022924
        0.6097285727        0.8553654320
        0.6251250465        0.8712437558
        0.6402820218        0.8871230397
        0.6551936918        0.9029886760
        0.6698543434        0.9188256926
        0.6842583598        0.9346187733
        0.6984002225        0.9503522805
        0.7122745136        0.9660102787
        0.7258759174        0.9815765598
        0.7391992230        0.9970346698
        0.7522393260         1.012367937
        0.7649912304         1.027559500
        0.7774500506         1.042592342
        0.7896110136         1.057449318
        0.8014694601         1.072113191
        0.8130208469         1.086566665
        0.8242607485         1.100792418
        0.8351848586         1.114773144
        0.8457889919         1.128491580
        0.8560690858         1.141930552
        0.8660212018         1.155073008
        0.8756415271         1.167902057
        0.8849263757         1.180401007
        0.8938721907         1.192553405
        0.9024755445         1.204343072
        0.9107331411         1.215754148
        0.9186418169         1.226771122
        0.9261985419         1.237378876
        0.9334004208         1.247562719
        0.9402446946         1.257308425
        0.9467287411         1.266602269
        0.9528500760         1.275431061
        0.9586063542         1.283782179
        0.9639953704         1.291643604
        0.9690150599         1.299003951
        0.9736634995         1.305852496
        0.9779389084         1.312179208
        0.9818396487         1.317974774
        0.9853642259         1.323230625
        0.9885112898         1.327938955
        0.9912796349         1.332092749
        0.9936682009         1.335685796
        0.9956760735         1.338712711
        0.9973024853         1.341168947
        0.9985468188         1.343050813
        0.9994086206         1.344355508
        0.9998877523         1.345081350
