       -0.9998877523     1.963312258e-29
       -0.9994086206     1.382572954e-29
       -0.9985468188     8.349837912e-30
       -0.9973024853     4.603710102e-30
       -0.9956760735     4.335702990e-31
       -0.9936682009     5.620605128e-32
       -0.9912796349     8.932925330e-31
       -0.9885112898     1.544753563e-30
       -0.9853642259     7.813228393e-31
       -0.9818396487     3.312399385e-32
       -0.9779389084     2.810576228e-30
       -0.9736634995     1.561467084e-29
       -0.9690150599     4.555573171e-29
       -0.9639953704     1.037910461e-28
       -0.9586063542     2.280987096e-28
       -0.9528500760     4.650060872e-28
       -0.9467287411     9.158000357e-28
       -0.9402446946     1.822459583e-27
       -0.9334004208     3.641992706e-27
       -0.9261985419     7.368533131e-27
       -0.9186418169     1.510403577e-26
       -0.9107331411     3.112971032e-26
       -0.9024755445     6.408783911e-26
       -0.8938721907     1.318192366e-25
       -0.8849263757     2.710931359e-25
       -0.8756415271     5.570923603e-25
       -0.8660212018     1.143009291e-24
       -0.8560690858     2.344404779e-24
       -0.8457889919     4.802708076e-24
       -0.8351848586     9.833546168e-24
       -0.8242607485     2.011395314e-23
       -0.8130208469     4.110026022e-23
       -0.8014694601     8.389448727e-23
       -0.7896110136     1.710315912e-22
       -0.7774500506     3.481801896e-22
       -0.7649912304     7.077149286e-22
       -0.7522393260     1.436106697e-21
       -0.7391992230     2.908857014e-21
       -0.7258759174     5.880615799e-21
       -0.7122745136     1.186441300e-20
       -0.6984002225     2.388584210e-20
       -0.6842583598     4.798043064e-20
       -0.6698543434     9.615497414e-20
       -0.6551936918     1.922303143e-19
       -0.6402820218     3.833294301e-19
       -0.6251250465     7.623981718e-19
       -0.6097285727     1.512204070e-18
       -0.5940984992     2.991015145e-18
       -0.5782408141     5.898853820e-18
       -0.5621615929     1.159897468e-17
       -0.5458669959     2.273719826e-17
       -0.5293632658     4.443069073e-17
       -0.5126567256     8.654097399e-17
       -0.4957537759     1.680031770e-16
       -0.4786608927     3.250387689e-16
       -0.4613846244     6.266719013e-16
       -0.4439315901     1.203922563e-15
       -0.4263084763     2.304499105e-15
       -0.4085220348     4.394818909e-15
       -0.3905790800     8.349473856e-15
       -0.3724864863     1.580150884e-14
       -0.3542511851     2.978704163e-14
       -0.3358801630     5.592602898e-14
       -0.3173804582     1.045748377e-13
       -0.2987591583     1.947314950e-13
       -0.2800233975     3.610858892e-13
       -0.2611803539     6.666840238e-13
       -0.2422372467     1.225561268e-12
       -0.2232013333     2.242983257e-12
       -0.2040799068     4.086617329e-12
       -0.1848802931     7.411738512e-12
       -0.1656098479     1.338030295e-11
       -0.1462759540     2.404215711e-11
       -0.1268860188     4.299468233e-11
       -0.1074474710     7.651778755e-11
      -0.08796775773     1.355155831e-10
      -0.06845434221     2.388187287e-10
      -0.04891470040     4.187677990e-10
      -0.02935631835     7.305966509e-10
     -0.009786689278     1.268106197e-09
      0.009786689278     2.189684149e-09
       0.02935631835     3.761229873e-09
       0.04891470040     6.426518792e-09
       0.06845434221     1.092180549e-08
       0.08796775773     1.846126217e-08
        0.1074474710     3.103505221e-08
        0.1268860188     5.188524212e-08
        0.1462759540     8.626049109e-08
        0.1656098479     1.426045710e-07
        0.1848802931     2.344150191e-07
        0.2040799068     3.831291622e-07
        0.2232013333     6.225731583e-07
        0.2422372467     1.005770503e-06
        0.2611803539     1.615284131e-06
        0.2800233975     2.578807910e-06
        0.2987591583     4.092492571e-06
        0.3173804582     6.455572235e-06
        0.3358801630     1.012136131e-05
        0.3542511851     1.577175951e-05
        0.3724864863     2.442521499e-05
        0.3905790800     3.759187347e-05
        0.4085220348     5.749465441e-05
        0.4263084763     8.738155819e-05
        0.4439315901     0.0001319629817
        0.4613846244     0.0001980185946
        0.4786608927     0.0002952318118
        0.4957537759     0.0004373264668
        0.5126567256     0.0006436002683
        0.5293632658     0.0009409731592
        0.5458669959      0.001366695750
        0.5621615929      0.001971893131
        0.5782408141      0.002826151682
        0.5940984992      0.004023389442
        0.6097285727      0.005689281836
        0.6251250465      0.007990540671
        0.6402820218       0.01114636107
        0.6551936918       0.01544235262
        0.6698543434       0.02124725094
        0.6842583598       0.02903265637
        0.6984002225       0.03939595942
        0.7122745136       0.05308647899
        0.7258759174       0.07103465271
        0.7391992230       0.09438387145
        0.7522393260        0.1245242407
        0.7649912304        0.1631271799
        0.7774500506        0.2121793464
        0.7896110136        0.2740139050
        0.8014694601        0.3513366819
        0.8130208469        0.4472442783
        0.8242607485        0.5652308055
        0.8351848586        0.7091796038
        0.8457889919        0.8833361600
        0.8560690858         1.092258517
        0.8660212018         1.340741817
        0.8756415271         1.633714281
        0.8849263757         1.976102961
        0.8938721907         2.372668969
        0.9024755445         2.827813626
        0.9107331411         3.345358979
        0.9186418169         3.928308382
        0.9261985419         4.578595122
        0.9334004208         5.296829325
        0.9402446946         6.082055338
        0.9467287411         6.931533326
        0.9528500760         7.840559696
        0.9586063542         8.802341042
        0.9639953704         9.807935402
        0.9690150599         10.84627273
        0.9736634995         11.90426354
        0.9779389084         12.96700080
        0.9818396487         14.01805538
        0.9853642259         15.03986041
        0.9885112898         16.01417407
        0.9912796349         16.92260547
        0.9936682009         17.74718330
        0.9956760735         18.47094330
        0.9973024853         19.07850796
        0.9985468188         19.55663171
        0.9994086206         19.89468825
        0.9998877523         20.08512548
