       -0.9998877523       0.04493803678
       -0.9994086206       0.04499116946
       -0.9985468188       0.04508686331
       -0.9973024853       0.04522531807
       -0.9956760735       0.04540679453
       -0.9936682009       0.04563163152
       -0.9912796349       0.04590024793
       -0.9885112898       0.04621314357
       -0.9853642259       0.04657089991
       -0.9818396487       0.04697418090
       -0.9779389084       0.04742373381
       -0.9736634995       0.04792039022
       -0.9690150599       0.04846506714
       -0.9639953704       0.04905876808
       -0.9586063542       0.04970258436
       -0.9528500760       0.05039769646
       -0.9467287411       0.05114537537
       -0.9402446946       0.05194698415
       -0.9334004208       0.05280397946
       -0.9261985419       0.05371791321
       -0.9186418169       0.05469043425
       -0.9107331411       0.05572329013
       -0.9024755445       0.05681832890
       -0.8938721907       0.05797750092
       -0.8849263757       0.05920286078
       -0.8756415271       0.06049656915
       -0.8660212018       0.06186089473
       -0.8560690858       0.06329821611
       -0.8457889919       0.06481102375
       -0.8351848586       0.06640192178
       -0.8242607485       0.06807362995
       -0.8130208469       0.06982898534
       -0.8014694601       0.07167094420
       -0.7896110136       0.07360258359
       -0.7774500506       0.07562710297
       -0.7649912304       0.07774782567
       -0.7522393260       0.07996820031
       -0.7391992230       0.08229180194
       -0.7258759174       0.08472233314
       -0.7122745136       0.08726362490
       -0.6984002225       0.08991963728
       -0.6842583598       0.09269445982
       -0.6698543434       0.09559231183
       -0.6551936918       0.09861754221
       -0.6402820218        0.1017746292
       -0.6251250465        0.1050681794
       -0.6097285727        0.1085029273
       -0.5940984992        0.1120837331
       -0.5782408141        0.1158155817
       -0.5621615929        0.1197035797
       -0.5458669959        0.1237529531
       -0.5293632658        0.1279690441
       -0.5126567256        0.1323573074
       -0.4957537759        0.1369233055
       -0.4786608927        0.1416727046
       -0.4613846244        0.1466112683
       -0.4439315901        0.1517448524
       -0.4263084763        0.1570793973
       -0.4085220348        0.1626209213
       -0.3905790800        0.1683755118
       -0.3724864863        0.1743493169
       -0.3542511851        0.1805485356
       -0.3358801630        0.1869794070
       -0.3173804582        0.1936481994
       -0.2987591583        0.2005611981
       -0.2800233975        0.2077246924
       -0.2611803539        0.2151449617
       -0.2422372467        0.2228282609
       -0.2232013333        0.2307808048
       -0.2040799068        0.2390087513
       -0.1848802931        0.2475181844
       -0.1656098479        0.2563150959
       -0.1462759540        0.2654053658
       -0.1268860188        0.2747947426
       -0.1074474710        0.2844888222
      -0.08796775773        0.2944930261
      -0.06845434221        0.3048125789
      -0.04891470040        0.3154524849
      -0.02935631835        0.3264175035
     -0.009786689278        0.3377121250
      0.009786689278        0.3493405444
       0.02935631835        0.3613066355
       0.04891470040        0.3736139242
       0.06845434221        0.3862655608
       0.08796775773        0.3992642930
        0.1074474710        0.4126124373
        0.1268860188        0.4263118510
        0.1462759540        0.4403639034
        0.1656098479        0.4547694478
        0.1848802931        0.4695287925
        0.2040799068        0.4846416725
        0.2232013333        0.5001072218
        0.2422372467        0.5159239451
        0.2611803539        0.5320896909
        0.2800233975        0.5486016247
        0.2987591583        0.5654562034
        0.3173804582        0.5826491503
        0.3358801630        0.6001754312
        0.3542511851        0.6180292317
        0.3724864863        0.6362039359
        0.3905790800        0.6546921067
        0.4085220348        0.6734854676
        0.4263084763        0.6925748862
        0.4439315901        0.7119503600
        0.4613846244        0.7316010040
        0.4786608927        0.7515150404
        0.4957537759        0.7716797912
        0.5126567256        0.7920816731
        0.5293632658        0.8127061945
        0.5458669959        0.8335379563
        0.5621615929        0.8545606546
        0.5782408141        0.8757570872
        0.5940984992        0.8971091626
        0.6097285727        0.9185979123
        0.6251250465        0.9402035069
        0.6402820218        0.9619052748
        0.6551936918        0.9836817246
        0.6698543434         1.005510571
        0.6842583598         1.027368764
        0.6984002225         1.049232522
        0.7122745136         1.071077366
        0.7258759174         1.092878163
        0.7391992230         1.114609164
        0.7522393260         1.136244054
        0.7649912304         1.157755999
        0.7774500506         1.179117700
        0.7896110136         1.200301449
        0.8014694601         1.221279184
        0.8130208469         1.242022555
        0.8242607485         1.262502982
        0.8351848586         1.282691726
        0.8457889919         1.302559955
        0.8560690858         1.322078813
        0.8660212018         1.341219493
        0.8756415271         1.359953312
        0.8849263757         1.378251780
        0.8938721907         1.396086682
        0.9024755445         1.413430149
        0.9107331411         1.430254737
        0.9186418169         1.446533499
        0.9261985419         1.462240069
        0.9334004208         1.477348729
        0.9402446946         1.491834488
        0.9467287411         1.505673156
        0.9528500760         1.518841412
        0.9586063542         1.531316878
        0.9639953704         1.543078185
        0.9690150599         1.554105036
        0.9736634995         1.564378273
        0.9779389084         1.573879933
        0.9818396487         1.582593308
        0.9853642259         1.590502991
        0.9885112898         1.597594934
        0.9912796349         1.603856483
        0.9936682009         1.609276428
        0.9956760735         1.613845031
        0.9973024853         1.617554067
        0.9985468188         1.620396850
        0.9994086206         1.622368292
        0.9998877523         1.623465260
