       -0.9998877523     7.218265431e-10
       -0.9994086206     7.375833900e-10
       -0.9985468188     7.665778158e-10
       -0.9973024853     8.099557590e-10
       -0.9956760735     8.694358997e-10
       -0.9936682009     9.473969459e-10
       -0.9912796349     1.046992636e-09
       -0.9885112898     1.172304380e-09
       -0.9853642259     1.328539703e-09
       -0.9818396487     1.522286725e-09
       -0.9779389084     1.761837804e-09
       -0.9736634995     2.057598991e-09
       -0.9690150599     2.422606383e-09
       -0.9639953704     2.873175948e-09
       -0.9586063542     3.429720237e-09
       -0.9528500760     4.117773942e-09
       -0.9467287411     4.969280911e-09
       -0.9402446946     6.024208496e-09
       -0.9334004208     7.332571696e-09
       -0.9261985419     8.956970171e-09
       -0.9186418169     1.097576691e-08
       -0.9107331411     1.348706927e-08
       -0.9024755445     1.661371290e-08
       -0.8938721907     2.050949828e-08
       -0.8849263757     2.536699092e-08
       -0.8756415271     3.142727188e-08
       -0.8660212018     3.899211929e-08
       -0.8560690858     4.843921724e-08
       -0.8457889919     6.024113156e-08
       -0.8351848586     7.498896843e-08
       -0.8242607485     9.342184846e-08
       -0.8130208469     1.164635960e-07
       -0.8014694601     1.452683706e-07
       -0.7896110136     1.812773677e-07
       -0.7774500506     2.262892078e-07
       -0.7649912304     2.825472303e-07
       -0.7522393260     3.528476394e-07
       -0.7391992230     4.406733358e-07
       -0.7258759174     5.503593492e-07
       -0.7122745136     6.872970900e-07
       -0.6984002225     8.581862222e-07
       -0.6842583598     1.071344865e-06
       -0.6698543434     1.337091133e-06
       -0.6551936918     1.668211776e-06
       -0.6402820218     2.080537012e-06
       -0.6251250465     2.593644572e-06
       -0.6097285727     3.231720741e-06
       -0.5940984992     4.024611775e-06
       -0.5782408141     5.009105750e-06
       -0.5621615929     6.230492818e-06
       -0.5458669959     7.744461156e-06
       -0.5293632658     9.619396870e-06
       -0.5126567256     1.193916901e-05
       -0.4957537759     1.480649587e-05
       -0.4786608927     1.834700644e-05
       -0.4613846244     2.271413102e-05
       -0.4439315901     2.809497893e-05
       -0.4263084763     3.471738831e-05
       -0.4085220348     4.285836428e-05
       -0.3905790800     5.285415766e-05
       -0.3724864863     6.511227705e-05
       -0.3542511851     8.012577366e-05
       -0.3358801630     9.849018996e-05
       -0.3173804582     0.0001209236223
       -0.2987591583     0.0001482904132
       -0.2800233975     0.0001816290604
       -0.2611803539     0.0002221850124
       -0.2422372467     0.0002714491050
       -0.2232013333     0.0003312024920
       -0.2040799068     0.0004035690228
       -0.1848802931     0.0004910761328
       -0.1656098479     0.0005967254279
       -0.1462759540     0.0007240742638
       -0.1268860188     0.0008773297502
       -0.1074474710      0.001061456734
      -0.08796775773      0.001282301440
      -0.06845434221      0.001546732579
      -0.04891470040      0.001862801828
      -0.02935631835      0.002239925713
     -0.009786689278      0.002689090980
      0.009786689278      0.003223085628
       0.02935631835      0.003856757763
       0.04891470040      0.004607304458
       0.06845434221      0.005494592717
       0.08796775773      0.006541514495
        0.1074474710      0.007774377589
        0.1268860188      0.009223333862
        0.1462759540       0.01092284595
        0.1656098479       0.01291219311
        0.1848802931       0.01523601620
        0.2040799068       0.01794490124
        0.2232013333       0.02109599989
        0.2422372467       0.02475368443
        0.2611803539       0.02899023344
        0.2800233975       0.03388654324
        0.2987591583       0.03953285863
        0.3173804582       0.04602951476
        0.3358801630       0.05348768035
        0.3542511851       0.06203009054
        0.3724864863       0.07179175561
        0.3905790800       0.08292062989
        0.4085220348       0.09557822307
        0.4263084763        0.1099401339
        0.4439315901        0.1261964845
        0.4613846244        0.1445522316
        0.4786608927        0.1652273293
        0.4957537759        0.1884567162
        0.5126567256        0.2144900996
        0.5293632658        0.2435915082
        0.5458669959        0.2760385847
        0.5621615929        0.3121215901
        0.5782408141        0.3521420940
        0.5940984992        0.3964113250
        0.6097285727        0.4452481608
        0.6251250465        0.4989767386
        0.6402820218        0.5579236744
        0.6551936918        0.6224148818
        0.6698543434        0.6927719909
        0.6842583598        0.7693083732
        0.6984002225        0.8523247882
        0.7122745136        0.9421046757
        0.7258759174         1.038909128
        0.7391992230         1.142971587
        0.7522393260         1.254492319
        0.7649912304         1.373632738
        0.7774500506         1.500509644
        0.7896110136         1.635189476
        0.8014694601         1.777682657
        0.8130208469         1.927938148
        0.8242607485         2.085838317
        0.8351848586         2.251194227
        0.8457889919         2.423741471
        0.8560690858         2.603136668
        0.8660212018         2.788954724
        0.8756415271         2.980686981
        0.8849263757         3.177740349
        0.8938721907         3.379437510
        0.9024755445         3.585018268
        0.9107331411         3.793642124
        0.9186418169         4.004392084
        0.9261985419         4.216279760
        0.9334004208         4.428251728
        0.9402446946         4.639197140
        0.9467287411         4.847956524
        0.9528500760         5.053331697
        0.9586063542         5.254096697
        0.9639953704         5.449009593
        0.9690150599         5.636825027
        0.9736634995         5.816307328
        0.9779389084         5.986243985
        0.9818396487         6.145459299
        0.9853642259         6.292827992
        0.9885112898         6.427288537
        0.9912796349         6.547856018
        0.9936682009         6.653634272
        0.9956760735         6.743827123
        0.9973024853         6.817748522
        0.9985468188         6.874831472
        0.9994086206         6.914636032
        0.9998877523         6.936862053
