       -0.9998877523     1.288015757e-06
       -0.9994086206     1.301609083e-06
       -0.9985468188     1.326333044e-06
       -0.9973024853     1.362659439e-06
       -0.9956760735     1.411276572e-06
       -0.9936682009     1.473109085e-06
       -0.9912796349     1.549339343e-06
       -0.9885112898     1.641434394e-06
       -0.9853642259     1.751179382e-06
       -0.9818396487     1.880718243e-06
       -0.9779389084     2.032602653e-06
       -0.9736634995     2.209850345e-06
       -0.9690150599     2.416014173e-06
       -0.9639953704     2.655263504e-06
       -0.9586063542     2.932479800e-06
       -0.9528500760     3.253368609e-06
       -0.9467287411     3.624590469e-06
       -0.9402446946     4.053913736e-06
       -0.9334004208     4.550392733e-06
       -0.9261985419     5.124575229e-06
       -0.9186418169     5.788743840e-06
       -0.9107331411     6.557196676e-06
       -0.9024755445     7.446573353e-06
       -0.8938721907     8.476233450e-06
       -0.8849263757     9.668695522e-06
       -0.8756415271     1.105014600e-05
       -0.8660212018     1.265102871e-05
       -0.8560690858     1.450672723e-05
       -0.8457889919     1.665835418e-05
       -0.8351848586     1.915366352e-05
       -0.8242607485     2.204810406e-05
       -0.8130208469     2.540603521e-05
       -0.8014694601     2.930212862e-05
       -0.7896110136     3.382298282e-05
       -0.7774500506     3.906898138e-05
       -0.7649912304     4.515642945e-05
       -0.7522393260     5.222000777e-05
       -0.7391992230     6.041558859e-05
       -0.7258759174     6.992346341e-05
       -0.7122745136     8.095203858e-05
       -0.6984002225     9.374206201e-05
       -0.6842583598     0.0001085714514
       -0.6698543434     0.0001257608029
       -0.6551936918     0.0001456796688
       -0.6402820218     0.0001687537012
       -0.6251250465     0.0001954727713
       -0.6097285727     0.0002264001848
       -0.5940984992     0.0002621831252
       -0.5782408141     0.0003035644735
       -0.5621615929     0.0003513961635
       -0.5458669959     0.0004066542497
       -0.5293632658     0.0004704558796
       -0.5126567256     0.0005440783805
       -0.4957537759     0.0006289806859
       -0.4786608927     0.0007268273478
       -0.4613846244     0.0008395153968
       -0.4439315901     0.0009692043320
       -0.4263084763      0.001118349541
       -0.4085220348      0.001289739468
       -0.3905790800      0.001486536863
       -0.3724864863      0.001712324470
       -0.3542511851      0.001971155506
       -0.3358801630      0.002267609326
       -0.3173804582      0.002606852644
       -0.2987591583      0.002994706707
       -0.2800233975      0.003437720821
       -0.2611803539      0.003943252597
       -0.2422372467      0.004519555313
       -0.2232013333      0.005175872737
       -0.2040799068      0.005922541741
       -0.1848802931      0.006771103003
       -0.1656098479      0.007734420034
       -0.1462759540      0.008826806724
       -0.1268860188       0.01006416350
       -0.1074474710       0.01146412216
      -0.08796775773       0.01304619921
      -0.06845434221       0.01483195760
      -0.04891470040       0.01684517651
      -0.02935631835       0.01911202852
     -0.009786689278       0.02166126375
      0.009786689278       0.02452439987
       0.02935631835       0.02773591692
       0.04891470040       0.03133345575
       0.06845434221       0.03535801827
       0.08796775773       0.03985416779
        0.1074474710       0.04487022720
        0.1268860188       0.05045847258
        0.1462759540       0.05667531943
        0.1656098479       0.06358149833
        0.1848802931       0.07124221670
        0.2040799068       0.07972730281
        0.2232013333       0.08911132797
        0.2422372467       0.09947370249
        0.2611803539        0.1108987407
        0.2800233975        0.1234756901
        0.2987591583        0.1372987197
        0.3173804582        0.1524668615
        0.3358801630        0.1690839010
        0.3542511851        0.1872582095
        0.3724864863        0.2071025143
        0.3905790800        0.2287336009
        0.4085220348        0.2522719414
        0.4263084763        0.2778412454
        0.4439315901        0.3055679287
        0.4613846244        0.3355804952
        0.4786608927        0.3680088298
        0.4957537759        0.4029834003
        0.5126567256        0.4406343650
        0.5293632658        0.4810905885
        0.5458669959        0.5244785637
        0.5621615929        0.5709212448
        0.5782408141        0.6205367931
        0.5940984992        0.6734372422
        0.6097285727        0.7297270878
        0.6251250465        0.7895018129
        0.6402820218        0.8528463561
        0.6551936918        0.9198335376
        0.6698543434        0.9905224539
        0.6842583598         1.064956860
        0.6984002225         1.143163552
        0.7122745136         1.225150772
        0.7258759174         1.310906659
        0.7391992230         1.400397748
        0.7522393260         1.493567574
        0.7649912304         1.590335364
        0.7774500506         1.690594869
        0.7896110136         1.794213351
        0.8014694601         1.901030738
        0.8130208469         2.010858985
        0.8242607485         2.123481648
        0.8351848586         2.238653706
        0.8457889919         2.356101630
        0.8560690858         2.475523727
        0.8660212018         2.596590779
        0.8756415271         2.718946957
        0.8849263757         2.842211060
        0.8938721907         2.965978037
        0.9024755445         3.089820823
        0.9107331411         3.213292474
        0.9186418169         3.335928581
        0.9261985419         3.457249963
        0.9334004208         3.576765618
        0.9402446946         3.693975903
        0.9467287411         3.808375918
        0.9528500760         3.919459074
        0.9586063542         4.026720795
        0.9639953704         4.129662328
        0.9690150599         4.227794619
        0.9736634995         4.320642209
        0.9779389084         4.407747108
        0.9818396487         4.488672612
        0.9853642259         4.563006999
        0.9885112898         4.630367078
        0.9912796349         4.690401536
        0.9936682009         4.742794052
        0.9956760735         4.787266128
        0.9973024853         4.823579625
        0.9985468188         4.851538986
        0.9994086206         4.870993349
        0.9998877523         4.881841350
