       -0.9998877523     1.473945239e-05
       -0.9994086206     1.485292820e-05
       -0.9985468188     1.505870902e-05
       -0.9973024853     1.535965901e-05
       -0.9956760735     1.575991629e-05
       -0.9936682009     1.626499560e-05
       -0.9912796349     1.688188144e-05
       -0.9885112898     1.761914251e-05
       -0.9853642259     1.848707144e-05
       -0.9818396487     1.949785258e-05
       -0.9779389084     2.066576059e-05
       -0.9736634995     2.200739300e-05
       -0.9690150599     2.354194055e-05
       -0.9639953704     2.529149967e-05
       -0.9586063542     2.728143190e-05
       -0.9528500760     2.954077614e-05
       -0.9467287411     3.210272001e-05
       -0.9402446946     3.500513771e-05
       -0.9334004208     3.829120270e-05
       -0.9261985419     4.201008449e-05
       -0.9186418169     4.621774014e-05
       -0.9107331411     5.097781230e-05
       -0.9024755445     5.636264704e-05
       -0.8938721907     6.245444648e-05
       -0.8849263757     6.934657280e-05
       -0.8756415271     7.714502233e-05
       -0.8660212018     8.597009044e-05
       -0.8560690858     9.595825041e-05
       -0.8457889919     0.0001072642720
       -0.8351848586     0.0001200636083
       -0.8242607485     0.0001345550824
       -0.8130208469     0.0001509639090
       -0.8014694601     0.0001695450900
       -0.7896110136     0.0001905872259
       -0.7774500506     0.0002144167904
       -0.7649912304     0.0002414029205
       -0.7522393260     0.0002719627774
       -0.7391992230     0.0003065675403
       -0.7258759174     0.0003457491018
       -0.7122745136     0.0003901075367
       -0.6984002225     0.0004403194254
       -0.6842583598     0.0004971471177
       -0.6698543434     0.0005614490305
       -0.6551936918     0.0006341910814
       -0.6402820218     0.0007164593645
       -0.6251250465     0.0008094741861
       -0.6097285727     0.0009146055836
       -0.5940984992      0.001033390459
       -0.5782408141      0.001167551466
       -0.5621615929      0.001319017801
       -0.5458669959      0.001489948047
       -0.5293632658      0.001682755236
       -0.5126567256      0.001900134298
       -0.4957537759      0.002145092069
       -0.4786608927      0.002420980032
       -0.4613846244      0.002731529976
       -0.4439315901      0.003080892760
       -0.4263084763      0.003473680351
       -0.4085220348      0.003915011330
       -0.3905790800      0.004410560033
       -0.3724864863      0.004966609497
       -0.3542511851      0.005590108357
       -0.3358801630      0.006288731858
       -0.3173804582      0.007070947076
       -0.2987591583      0.007946082459
       -0.2800233975      0.008924401756
       -0.2611803539       0.01001718237
       -0.2422372467       0.01123679810
       -0.2232013333       0.01259680629
       -0.2040799068       0.01411203915
       -0.1848802931       0.01579869920
       -0.1656098479       0.01767445857
       -0.1462759540       0.01975856173
       -0.1268860188       0.02207193141
       -0.1074474710       0.02463727708
      -0.08796775773       0.02747920546
      -0.06845434221       0.03062433231
      -0.04891470040       0.03410139470
      -0.02935631835       0.03794136279
     -0.009786689278       0.04217755000
      0.009786689278       0.04684572040
       0.02935631835       0.05198419197
       0.04891470040       0.05763393408
       0.06845434221       0.06383865771
       0.08796775773       0.07064489646
        0.1074474710       0.07810207652
        0.1268860188       0.08626257339
        0.1462759540       0.09518175324
        0.1656098479        0.1049179965
        0.1848802931        0.1155327010
        0.2040799068        0.1270902632
        0.2232013333        0.1396580328
        0.2422372467        0.1533062404
        0.2611803539        0.1681078943
        0.2800233975        0.1841386434
        0.2987591583        0.2014766050
        0.3173804582        0.2202021538
        0.3358801630        0.2403976699
        0.3542511851        0.2621472446
        0.3724864863        0.2855363407
        0.3905790800        0.3106514063
        0.4085220348        0.3375794411
        0.4263084763        0.3664075135
        0.4439315901        0.3972222291
        0.4613846244        0.4301091492
        0.4786608927        0.4651521615
        0.4957537759        0.5024328027
        0.5126567256        0.5420295363
        0.5293632658        0.5840169868
        0.5458669959        0.6284651349
        0.5621615929        0.6754384766
        0.5782408141        0.7249951525
        0.5940984992        0.7771860508
        0.6097285727        0.8320538929
        0.6251250465        0.8896323075
        0.6402820218        0.9499449010
        0.6551936918         1.013004334
        0.6698543434         1.078811411
        0.6842583598         1.147354199
        0.6984002225         1.218607177
        0.7122745136         1.292530431
        0.7258759174         1.369068915
        0.7391992230         1.448151771
        0.7522393260         1.529691734
        0.7649912304         1.613584628
        0.7774500506         1.699708967
        0.7896110136         1.787925665
        0.8014694601         1.878077877
        0.8130208469         1.969990960
        0.8242607485         2.063472590
        0.8351848586         2.158313018
        0.8457889919         2.254285483
        0.8560690858         2.351146781
        0.8660212018         2.448638004
        0.8756415271         2.546485427
        0.8849263757         2.644401573
        0.8938721907         2.742086428
        0.9024755445         2.839228811
        0.9107331411         2.935507897
        0.9186418169         3.030594880
        0.9261985419         3.124154756
        0.9334004208         3.215848239
        0.9402446946         3.305333765
        0.9467287411         3.392269592
        0.9528500760         3.476315963
        0.9586063542         3.557137327
        0.9639953704         3.634404583
        0.9690150599         3.707797336
        0.9736634995         3.777006141
        0.9779389084         3.841734712
        0.9818396487         3.901702072
        0.9853642259         3.956644626
        0.9885112898         4.006318133
        0.9912796349         4.050499554
        0.9936682009         4.088988761
        0.9956760735         4.121610085
        0.9973024853         4.148213699
        0.9985468188         4.168676832
        0.9994086206         4.182904977
        0.9998877523         4.190835125
