       -0.9998877523     3.347403220e-09
       -0.9994086206     1.317038926e-09
       -0.9985468188     5.772388863e-11
       -0.9973024853     2.568626618e-10
       -0.9956760735     6.565261561e-10
       -0.9936682009     3.818657359e-10
       -0.9912796349     1.353002145e-11
       -0.9885112898     1.460011451e-10
       -0.9853642259     3.686860601e-10
       -0.9818396487     2.167546642e-10
       -0.9779389084     5.256369383e-12
       -0.9736634995     1.081769221e-10
       -0.9690150599     2.611741734e-10
       -0.9639953704     1.493522590e-10
       -0.9586063542     2.191524846e-12
       -0.9528500760     8.997257581e-11
       -0.9467287411     2.060866561e-10
       -0.9402446946     1.131983939e-10
       -0.9334004208     8.129917378e-13
       -0.9261985419     7.996130089e-11
       -0.9186418169     1.734133115e-10
       -0.9107331411     9.091844687e-11
       -0.9024755445     1.956786839e-13
       -0.8938721907     7.426487230e-11
       -0.8849263757     1.524692674e-10
       -0.8756415271     7.598912040e-11
       -0.8660212018     2.577507347e-15
       -0.8560690858     7.123220419e-11
       -0.8457889919     1.385217123e-10
       -0.8351848586     6.541650871e-11
       -0.8242607485     9.075299022e-14
       -0.8130208469     7.006892989e-11
       -0.8014694601     1.291747822e-10
       -0.7896110136     5.763628791e-11
       -0.7774500506     3.985152754e-13
       -0.7649912304     7.037508670e-11
       -0.7522393260     1.231086920e-10
       -0.7391992230     5.175315006e-11
       -0.7258759174     9.055714315e-13
       -0.7122745136     7.196108774e-11
       -0.6984002225     1.195613079e-10
       -0.6842583598     4.721885883e-11
       -0.6698543434     1.617497539e-12
       -0.6551936918     7.476710767e-11
       -0.6402820218     1.180895249e-10
       -0.6251250465     4.367971011e-11
       -0.6097285727     2.560101985e-12
       -0.5940984992     7.882723398e-11
       -0.5782408141     1.184509271e-10
       -0.5621615929     4.089775638e-11
       -0.5458669959     3.778775154e-12
       -0.5293632658     8.425615281e-11
       -0.5126567256     1.205430655e-10
       -0.4957537759     3.870721802e-11
       -0.4786608927     5.341164039e-12
       -0.4613846244     9.124951223e-11
       -0.4439315901     1.243733655e-10
       -0.4263084763     3.698891246e-11
       -0.4085220348     7.342886018e-12
       -0.3905790800     1.000948413e-10
       -0.3724864863     1.300474363e-10
       -0.3542511851     3.565442201e-11
       -0.3358801630     9.916805571e-12
       -0.3173804582     1.111929362e-10
       -0.2987591583     1.377703786e-10
       -0.2800233975     3.463571900e-11
       -0.2611803539     1.324712493e-11
       -0.2422372467     1.250918155e-10
       -0.2232013333     1.478593246e-10
       -0.2040799068     3.387787652e-11
       -0.1848802931     1.759045342e-11
       -0.1656098479     1.425375960e-10
       -0.1462759540     1.607678369e-10
       -0.1268860188     3.333344092e-11
       -0.1074474710     2.330737457e-11
      -0.08796775773     1.645495979e-10
      -0.06845434221     1.771248959e-10
      -0.04891470040     3.295750867e-11
      -0.02935631835     3.091018765e-11
     -0.009786689278     1.925314008e-10
      0.009786689278     1.977936333e-10
       0.02935631835     3.270275843e-11
       0.04891470040     4.113605254e-11
       0.06845434221     2.284365400e-10
       0.08796775773     2.239583042e-10
        0.1074474710     3.251373780e-11
        0.1268860188     5.506075873e-11
        0.1462759540     2.750188890e-10
        0.1656098479     2.572530008e-10
        0.1848802931     3.231965757e-11
        0.2040799068     7.427864133e-11
        0.2232013333     3.362166833e-10
        0.2422372467     2.999534635e-10
        0.2611803539     3.202486336e-11
        0.2800233975     1.011922343e-10
        0.2987591583     4.177512150e-10
        0.3173804582     3.552659246e-10
        0.3358801630     3.149617974e-11
        0.3542511851     1.394875516e-10
        0.3724864863     5.280765940e-10
        0.3905790800     4.277673772e-10
        0.4085220348     3.054683587e-11
        0.4263084763     1.949297830e-10
        0.4439315901     6.799141535e-10
        0.4613846244     5.240851814e-10
        0.4786608927     2.891871556e-11
        0.4957537759     2.767236927e-10
        0.5126567256     8.927784342e-10
        0.5293632658     6.539591647e-10
        0.5458669959     2.627096836e-11
        0.5621615929     3.998904603e-10
        0.5782408141     1.197215502e-09
        0.5940984992     8.319204765e-10
        0.6097285727     2.220068517e-11
        0.6251250465     5.895124733e-10
        0.6402820218     1.642049888e-09
        0.6551936918     1.079971514e-09
        0.6698543434     1.636867428e-11
        0.6842583598     8.884769941e-10
        0.6984002225     2.306992411e-09
        0.7122745136     1.431869341e-09
        0.7258759174     8.918212898e-12
        0.7391992230     1.372185923e-09
        0.7522393260     3.326395164e-09
        0.7649912304     1.943380541e-09
        0.7774500506     2.026411400e-12
        0.7896110136     2.146856509e-09
        0.8014694601     4.808031655e-09
        0.8130208469     2.464074006e-09
        0.8242607485     4.957825591e-11
        0.8351848586     5.485003239e-09
        0.8457889919     1.494965139e-08
        0.8560690858     2.155249330e-08
        0.8660212018     3.667170009e-08
        0.8756415271     1.330934160e-07
        0.8849263757     7.293728018e-07
        0.8938721907     3.838646838e-06
        0.9024755445     1.747469803e-05
        0.9107331411     7.041104924e-05
        0.9186418169     0.0002601517538
        0.9261985419     0.0009007432693
        0.9334004208      0.002946368981
        0.9402446946      0.009108652089
        0.9467287411       0.02655490564
        0.9528500760       0.07285417385
        0.9586063542        0.1878804568
        0.9639953704        0.4552741444
        0.9690150599         1.036718391
        0.9736634995         2.218849178
        0.9779389084         4.464097183
        0.9818396487         8.442917000
        0.9853642259         15.00996870
        0.9885112898         25.08128539
        0.9912796349         39.38703313
        0.9936682009         58.12317598
        0.9956760735         80.59555761
        0.9973024853         105.0088931
        0.9985468188         128.5562915
        0.9994086206         147.8835583
        0.9998877523         159.8551301
