       -0.9998877523     3.064052968e-23
       -0.9994086206     1.205106547e-23
       -0.9985468188     5.271013971e-25
       -0.9973024853     2.352487665e-24
       -0.9956760735     6.004630353e-24
       -0.9936682009     3.489043952e-24
       -0.9912796349     1.231950904e-25
       -0.9885112898     1.333840683e-24
       -0.9853642259     3.362012925e-24
       -0.9818396487     1.973517418e-24
       -0.9779389084     4.755116556e-26
       -0.9736634995     9.833308991e-25
       -0.9690150599     2.367744818e-24
       -0.9639953704     1.349774603e-24
       -0.9586063542     1.923761424e-26
       -0.9528500760     8.151300596e-25
       -0.9467287411     1.858909540e-24
       -0.9402446946     1.017258698e-24
       -0.9334004208     7.149850912e-27
       -0.9261985419     7.170474782e-25
       -0.9186418169     1.547983855e-24
       -0.9107331411     8.064820842e-25
       -0.9024755445     1.496608625e-27
       -0.8938721907     6.632310412e-25
       -0.8849263757     1.351401390e-24
       -0.8756415271     6.691600234e-25
       -0.8660212018     9.112152994e-30
       -0.8560690858     6.268419821e-25
       -0.8457889919     1.210094166e-24
       -0.8351848586     5.662464476e-25
       -0.8242607485     1.013486111e-27
       -0.8130208469     6.109650902e-25
       -0.8014694601     1.115534627e-24
       -0.7896110136     4.928888901e-25
       -0.7774500506     3.741508362e-27
       -0.7649912304     6.028036719e-25
       -0.7522393260     1.044407959e-24
       -0.7391992230     4.337114131e-25
       -0.7258759174     8.307566033e-27
       -0.7122745136     6.070229059e-25
       -0.6984002225     9.968557325e-25
       -0.6842583598     3.885713499e-25
       -0.6698543434     1.415444382e-26
       -0.6551936918     6.170947544e-25
       -0.6402820218     9.627885550e-25
       -0.6251250465     3.507972996e-25
       -0.6097285727     2.184235569e-26
       -0.5940984992     6.364014101e-25
       -0.5782408141     9.429613663e-25
       -0.5621615929     3.198399116e-25
       -0.5458669959     3.135498028e-26
       -0.5293632658     6.632572887e-25
       -0.5126567256     9.350364482e-25
       -0.4957537759     2.946894796e-25
       -0.4786608927     4.257649243e-26
       -0.4613846244     6.961681936e-25
       -0.4439315901     9.336585588e-25
       -0.4263084763     2.711791682e-25
       -0.4085220348     5.712483448e-26
       -0.3905790800     7.411184132e-25
       -0.3724864863     9.456457760e-25
       -0.3542511851     2.527256478e-25
       -0.3358801630     7.376726983e-26
       -0.3173804582     7.923597981e-25
       -0.2987591583     9.626571925e-25
       -0.2800233975     2.349397022e-25
       -0.2611803539     9.501816751e-26
       -0.2422372467     8.570688106e-25
       -0.2232013333     9.908821674e-25
       -0.2040799068     2.197800921e-25
       -0.1848802931     1.202184597e-25
       -0.1656098479     9.325261301e-25
       -0.1462759540     1.027084928e-24
       -0.1268860188     2.049083397e-25
       -0.1074474710     1.517347968e-25
      -0.08796775773     1.024618394e-24
      -0.06845434221     1.076823239e-24
      -0.04891470040     1.944285180e-25
      -0.02935631835     1.833244569e-25
     -0.009786689278     1.096911891e-24
      0.009786689278     1.057921181e-24
       0.02935631835     1.210265695e-25
       0.04891470040     4.180156110e-25
       0.06845434221     2.144838978e-24
       0.08796775773     3.329974499e-24
        0.1074474710     3.810299952e-24
        0.1268860188     7.302595908e-24
        0.1462759540     3.104184756e-23
        0.1656098479     1.646182892e-22
        0.1848802931     7.956720317e-22
        0.2040799068     3.444985897e-21
        0.2232013333     1.398593575e-20
        0.2422372467     5.515023407e-20
        0.2611803539     2.144282880e-19
        0.2800233975     8.237928674e-19
        0.2987591583     3.119755187e-18
        0.3173804582     1.161893484e-17
        0.3358801630     4.250578344e-17
        0.3542511851     1.526980423e-16
        0.3724864863     5.386824724e-16
        0.3905790800     1.866218166e-15
        0.4085220348     6.348985361e-15
        0.4263084763     2.120866335e-14
        0.4439315901     6.955573909e-14
        0.4613846244     2.239271311e-13
        0.4786608927     7.075895327e-13
        0.4957537759     2.194356322e-12
        0.5126567256     6.677840808e-12
        0.5293632658     1.993981912e-11
        0.5458669959     5.841391019e-11
        0.5621615929     1.678709335e-10
        0.5782408141     4.732099258e-10
        0.5940984992     1.308299145e-09
        0.6097285727     3.547249689e-09
        0.6251250465     9.431167063e-09
        0.6402820218     2.458591873e-08
        0.6551936918     6.283678707e-08
        0.6698543434     1.574374598e-07
        0.6842583598     3.866603594e-07
        0.6984002225     9.307658776e-07
        0.7122745136     2.195852159e-06
        0.7258759174     5.076694831e-06
        0.7391992230     1.150108151e-05
        0.7522393260     2.552943373e-05
        0.7649912304     5.552066341e-05
        0.7774500506     0.0001182894573
        0.7896110136     0.0002468784605
        0.8014694601     0.0005047017984
        0.8130208469      0.001010579770
        0.8242607485      0.001981805072
        0.8351848586      0.003806074099
        0.8457889919      0.007158001458
        0.8560690858       0.01318189144
        0.8660212018       0.02376890335
        0.8756415271       0.04196246417
        0.8849263757       0.07252856852
        0.8938721907        0.1227242181
        0.9024755445        0.2032835109
        0.9107331411        0.3296122279
        0.9186418169        0.5231343525
        0.9261985419        0.8126664249
        0.9334004208         1.235611237
        0.9402446946         1.838671100
        0.9467287411         2.677700803
        0.9528500760         3.816277011
        0.9586063542         5.322584198
        0.9639953704         7.264335239
        0.9690150599         9.701674662
        0.9736634995         12.67835039
        0.9779389084         16.21185288
        0.9818396487         20.28364441
        0.9853642259         24.83094500
        0.9885112898         29.74170442
        0.9912796349         34.85428298
        0.9936682009         39.96293955
        0.9956760735         44.82949941
        0.9973024853         49.20063569
        0.9985468188         52.82920708
        0.9994086206         55.49726589
        0.9998877523         57.03820682
