       -0.9998877523      0.008791537210
       -0.9994086206      0.008810439927
       -0.9985468188      0.008844519637
       -0.9973024853      0.008893908010
       -0.9956760735      0.008958785876
       -0.9936682009      0.009039389807
       -0.9912796349      0.009136013548
       -0.9885112898      0.009249009202
       -0.9853642259      0.009378788554
       -0.9818396487      0.009525824590
       -0.9779389084      0.009690653217
       -0.9736634995      0.009873875214
       -0.9690150599       0.01007615839
       -0.9639953704       0.01029823999
       -0.9586063542       0.01054092928
       -0.9528500760       0.01080511045
       -0.9467287411       0.01109174564
       -0.9402446946       0.01140187832
       -0.9334004208       0.01173663686
       -0.9261985419       0.01209723831
       -0.9186418169       0.01248499254
       -0.9107331411       0.01290130650
       -0.9024755445       0.01334768888
       -0.8938721907       0.01382575494
       -0.8849263757       0.01433723160
       -0.8756415271       0.01488396288
       -0.8660212018       0.01546791554
       -0.8560690858       0.01609118501
       -0.8457889919       0.01675600157
       -0.8351848586       0.01746473687
       -0.8242607485       0.01821991062
       -0.8130208469       0.01902419763
       -0.8014694601       0.01988043504
       -0.7896110136       0.02079162986
       -0.7774500506       0.02176096674
       -0.7649912304       0.02279181592
       -0.7522393260       0.02388774152
       -0.7391992230       0.02505250992
       -0.7258759174       0.02629009839
       -0.7122745136       0.02760470389
       -0.6984002225       0.02900075205
       -0.6842583598       0.03048290619
       -0.6698543434       0.03205607652
       -0.6551936918       0.03372542938
       -0.6402820218       0.03549639649
       -0.6251250465       0.03737468424
       -0.6097285727       0.03936628283
       -0.5940984992       0.04147747545
       -0.5782408141       0.04371484717
       -0.5621615929       0.04608529373
       -0.5458669959       0.04859602996
       -0.5293632658       0.05125459796
       -0.5126567256       0.05406887478
       -0.4957537759       0.05704707972
       -0.4786608927       0.06019778093
       -0.4613846244       0.06352990152
       -0.4439315901       0.06705272476
       -0.4263084763       0.07077589857
       -0.4085220348       0.07470943903
       -0.3905790800       0.07886373279
       -0.3724864863       0.08324953843
       -0.3542511851       0.08787798641
       -0.3358801630       0.09276057781
       -0.3173804582       0.09790918136
       -0.2987591583        0.1033360290
       -0.2800233975        0.1090537096
       -0.2611803539        0.1150751607
       -0.2422372467        0.1214136584
       -0.2232013333        0.1280828052
       -0.2040799068        0.1350965149
       -0.1848802931        0.1424689960
       -0.1656098479        0.1502147318
       -0.1462759540        0.1583484583
       -0.1268860188        0.1668851391
       -0.1074474710        0.1758399375
      -0.08796775773        0.1852281855
      -0.06845434221        0.1950653494
      -0.04891470040        0.2053669932
      -0.02935631835        0.2161487374
     -0.009786689278        0.2274262156
      0.009786689278        0.2392150269
       0.02935631835        0.2515306852
       0.04891470040        0.2643885653
       0.06845434221        0.2778038449
       0.08796775773        0.2917914442
        0.1074474710        0.3063659607
        0.1268860188        0.3215416023
        0.1462759540        0.3373321159
        0.1656098479        0.3537507135
        0.1848802931        0.3708099952
        0.2040799068        0.3885218698
        0.2232013333        0.4068974722
        0.2422372467        0.4259470788
        0.2611803539        0.4456800209
        0.2800233975        0.4661045964
        0.2987591583        0.4872279799
        0.3173804582        0.5090561316
        0.3358801630        0.5315937059
        0.3542511851        0.5548439597
        0.3724864863        0.5788086603
        0.3905790800        0.6034879952
        0.4085220348        0.6288804816
        0.4263084763        0.6549828793
        0.4439315901        0.6817901042
        0.4613846244        0.7092951461
        0.4786608927        0.7374889891
        0.4957537759        0.7663605365
        0.5126567256        0.7958965404
        0.5293632658        0.8260815361
        0.5458669959        0.8568977836
        0.5621615929        0.8883252144
        0.5782408141        0.9203413864
        0.5940984992        0.9529214462
        0.6097285727        0.9860381004
        0.6251250465         1.019661595
        0.6402820218         1.053759705
        0.6551936918         1.088297735
        0.6698543434         1.123238526
        0.6842583598         1.158542480
        0.6984002225         1.194167593
        0.7122745136         1.230069493
        0.7258759174         1.266201503
        0.7391992230         1.302514706
        0.7522393260         1.338958025
        0.7649912304         1.375478316
        0.7774500506         1.412020476
        0.7896110136         1.448527557
        0.8014694601         1.484940897
        0.8130208469         1.521200260
        0.8242607485         1.557243993
        0.8351848586         1.593009186
        0.8457889919         1.628431848
        0.8560690858         1.663447092
        0.8660212018         1.697989328
        0.8756415271         1.731992468
        0.8849263757         1.765390133
        0.8938721907         1.798115873
        0.9024755445         1.830103388
        0.9107331411         1.861286756
        0.9186418169         1.891600668
        0.9261985419         1.920980658
        0.9334004208         1.949363339
        0.9402446946         1.976686642
        0.9467287411         2.002890048
        0.9528500760         2.027914819
        0.9586063542         2.051704231
        0.9639953704         2.074203794
        0.9690150599         2.095361472
        0.9736634995         2.115127889
        0.9779389084         2.133456536
        0.9818396487         2.150303959
        0.9853642259         2.165629938
        0.9885112898         2.179397659
        0.9912796349         2.191573867
        0.9936682009         2.202129007
        0.9956760735         2.211037353
        0.9973024853         2.218277117
        0.9985468188         2.223830560
        0.9994086206         2.227684128
        0.9998877523         2.229829185
