       -0.9998877523     9.852904084e-05
       -0.9994086206     9.909602947e-05
       -0.9985468188     0.0001001221388
       -0.9973024853     0.0001016180422
       -0.9956760735     0.0001035990231
       -0.9936682009     0.0001060853335
       -0.9912796349     0.0001091024524
       -0.9885112898     0.0001126813917
       -0.9853642259     0.0001168590660
       -0.9818396487     0.0001216787321
       -0.9779389084     0.0001271905021
       -0.9736634995     0.0001334519379
       -0.9690150599     0.0001405287324
       -0.9639953704     0.0001484954862
       -0.9586063542     0.0001574365863
       -0.9528500760     0.0001674471999
       -0.9467287411     0.0001786343898
       -0.9402446946     0.0001911183670
       -0.9334004208     0.0002050338916
       -0.9261985419     0.0002205318378
       -0.9186418169     0.0002377809383
       -0.9107331411     0.0002569697269
       -0.9024755445     0.0002783086975
       -0.8938721907     0.0003020327027
       -0.8849263757     0.0003284036135
       -0.8756415271     0.0003577132668
       -0.8660212018     0.0003902867281
       -0.8560690858     0.0004264858995
       -0.8457889919     0.0004667135055
       -0.8351848586     0.0005114174926
       -0.8242607485     0.0005610958797
       -0.8130208469     0.0006163021018
       -0.8014694601     0.0006776508901
       -0.7896110136     0.0007458247360
       -0.7774500506     0.0008215809906
       -0.7649912304     0.0009057596520
       -0.7522393260     0.0009992919000
       -0.7391992230      0.001103209438
       -0.7258759174      0.001218654705
       -0.7122745136      0.001346892033
       -0.6984002225      0.001489319806
       -0.6842583598      0.001647483716
       -0.6698543434      0.001823091177
       -0.6551936918      0.002018026986
       -0.6402820218      0.002234370311
       -0.6251250465      0.002474413092
       -0.6097285727      0.002740679953
       -0.5940984992      0.003035949691
       -0.5782408141      0.003363278455
       -0.5621615929      0.003726024686
       -0.5458669959      0.004127875921
       -0.5293632658      0.004572877532
       -0.5126567256      0.005065463490
       -0.4957537759      0.005610489228
       -0.4786608927      0.006213266676
       -0.4613846244      0.006879601526
       -0.4439315901      0.007615832781
       -0.4263084763      0.008428874624
       -0.4085220348      0.009326260645
       -0.3905790800       0.01031619041
       -0.3724864863       0.01140757837
       -0.3542511851       0.01261010513
       -0.3358801630       0.01393427085
       -0.3173804582       0.01539145098
       -0.2987591583       0.01699395383
       -0.2800233975       0.01875508022
       -0.2611803539       0.02068918463
       -0.2422372467       0.02281173798
       -0.2232013333       0.02513939140
       -0.2040799068       0.02769004093
       -0.1848802931       0.03048289267
       -0.1656098479       0.03353852782
       -0.1462759540       0.03687896730
       -0.1268860188       0.04052773527
       -0.1074474710       0.04450992091
      -0.08796775773       0.04885223780
      -0.06845434221       0.05358308015
      -0.04891470040       0.05873257493
      -0.02935631835       0.06433262918
     -0.009786689278       0.07041697133
      0.009786689278       0.07702118561
       0.02935631835       0.08418273843
       0.04891470040       0.09194099552
       0.06845434221        0.1003372286
       0.08796775773        0.1094146106
        0.1074474710        0.1192181973
        0.1268860188        0.1297948952
        0.1462759540        0.1411934136
        0.1656098479        0.1534641995
        0.1848802931        0.1666593536
        0.2040799068        0.1808325279
        0.2232013333        0.1960388006
        0.2422372467        0.2123345302
        0.2611803539        0.2297771854
        0.2800233975        0.2484251507
        0.2987591583        0.2683375068
        0.3173804582        0.2895737851
        0.3358801630        0.3121936947
        0.3542511851        0.3362568238
        0.3724864863        0.3618223123
        0.3905790800        0.3889484983
        0.4085220348        0.4176925375
        0.4263084763        0.4481099966
        0.4439315901        0.4802544215
        0.4613846244        0.5141768818
        0.4786608927        0.5499254931
        0.4957537759        0.5875449195
        0.5126567256        0.6270758578
        0.5293632658        0.6685545076
        0.5458669959        0.7120120295
        0.5621615929        0.7574739947
        0.5782408141        0.8049598317
        0.5940984992        0.8544822717
        0.6097285727        0.9060467999
        0.6251250465        0.9596511162
        0.6402820218         1.015284611
        0.6551936918         1.072927863
        0.6698543434         1.132552158
        0.6842583598         1.194119050
        0.6984002225         1.257579947
        0.7122745136         1.322875753
        0.7258759174         1.389936554
        0.7391992230         1.458681359
        0.7522393260         1.529017904
        0.7649912304         1.600842526
        0.7774500506         1.674040102
        0.7896110136         1.748484071
        0.8014694601         1.824036531
        0.8130208469         1.900548428
        0.8242607485         1.977859820
        0.8351848586         2.055800243
        0.8457889919         2.134189160
        0.8560690858         2.212836502
        0.8660212018         2.291543303
        0.8756415271         2.370102423
        0.8849263757         2.448299354
        0.8938721907         2.525913121
        0.9024755445         2.602717249
        0.9107331411         2.678480819
        0.9186418169         2.752969581
        0.9261985419         2.825947138
        0.9334004208         2.897176177
        0.9402446946         2.966419748
        0.9467287411         3.033442581
        0.9528500760         3.098012424
        0.9586063542         3.159901402
        0.9639953704         3.218887369
        0.9690150599         3.274755268
        0.9736634995         3.327298458
        0.9779389084         3.376320017
        0.9818396487         3.421634001
        0.9853642259         3.463066645
        0.9885112898         3.500457511
        0.9912796349         3.533660539
        0.9936682009         3.562545038
        0.9956760735         3.586996560
        0.9973024853         3.606917692
        0.9985468188         3.622228752
        0.9994086206         3.632868512
        0.9998877523         3.638796482
