       -0.9998877523       0.06458668159
       -0.9994086206       0.06465060343
       -0.9985468188       0.06476570498
       -0.9973024853       0.06493218534
       -0.9956760735       0.06515029859
       -0.9936682009       0.06542037398
       -0.9912796349       0.06574281811
       -0.9885112898       0.06611811560
       -0.9853642259       0.06654682964
       -0.9818396487       0.06702960243
       -0.9779389084       0.06756715571
       -0.9736634995       0.06816029141
       -0.9690150599       0.06880989220
       -0.9639953704       0.06951692222
       -0.9586063542       0.07028242777
       -0.9528500760       0.07110753810
       -0.9467287411       0.07199346620
       -0.9402446946       0.07294150962
       -0.9334004208       0.07395305134
       -0.9261985419       0.07502956064
       -0.9186418169       0.07617259404
       -0.9107331411       0.07738379611
       -0.9024755445       0.07866490049
       -0.8938721907       0.08001773070
       -0.8849263757       0.08144420106
       -0.8756415271       0.08294631759
       -0.8660212018       0.08452617877
       -0.8560690858       0.08618597640
       -0.8457889919       0.08792799632
       -0.8351848586       0.08975461910
       -0.8242607485       0.09166832063
       -0.8130208469       0.09367167270
       -0.8014694601       0.09576734338
       -0.7896110136       0.09795809739
       -0.7774500506        0.1002467963
       -0.7649912304        0.1026363985
       -0.7522393260        0.1051299594
       -0.7391992230        0.1077306309
       -0.7258759174        0.1104416610
       -0.7122745136        0.1132663935
       -0.6984002225        0.1162082666
       -0.6842583598        0.1192708124
       -0.6698543434        0.1224576555
       -0.6551936918        0.1257725111
       -0.6402820218        0.1292191836
       -0.6251250465        0.1328015640
       -0.6097285727        0.1365236279
       -0.5940984992        0.1403894325
       -0.5782408141        0.1444031134
       -0.5621615929        0.1485688813
       -0.5458669959        0.1528910176
       -0.5293632658        0.1573738708
       -0.5126567256        0.1620218514
       -0.4957537759        0.1668394263
       -0.4786608927        0.1718311140
       -0.4613846244        0.1770014779
       -0.4439315901        0.1823551196
       -0.4263084763        0.1878966723
       -0.4085220348        0.1936307926
       -0.3905790800        0.1995621525
       -0.3724864863        0.2056954309
       -0.3542511851        0.2120353036
       -0.3358801630        0.2185864343
       -0.3173804582        0.2253534636
       -0.2987591583        0.2323409978
       -0.2800233975        0.2395535978
       -0.2611803539        0.2469957665
       -0.2422372467        0.2546719359
       -0.2232013333        0.2625864543
       -0.2040799068        0.2707435713
       -0.1848802931        0.2791474242
       -0.1656098479        0.2878020223
       -0.1462759540        0.2967112315
       -0.1268860188        0.3058787580
       -0.1074474710        0.3153081314
      -0.08796775773        0.3250026881
      -0.06845434221        0.3349655527
      -0.04891470040        0.3451996208
      -0.02935631835        0.3557075401
     -0.009786689278        0.3664916916
      0.009786689278        0.3775541705
       0.02935631835        0.3888967668
       0.04891470040        0.4005209458
       0.06845434221        0.4124278283
       0.08796775773        0.4246181704
        0.1074474710        0.4370923444
        0.1268860188        0.4498503180
        0.1462759540        0.4628916354
        0.1656098479        0.4762153971
        0.1848802931        0.4898202410
        0.2040799068        0.5037043234
        0.2232013333        0.5178653002
        0.2422372467        0.5323003091
        0.2611803539        0.5470059520
        0.2800233975        0.5619782786
        0.2987591583        0.5772127700
        0.3173804582        0.5927043239
        0.3358801630        0.6084472404
        0.3542511851        0.6244352090
        0.3724864863        0.6406612968
        0.3905790800        0.6571179376
        0.4085220348        0.6737969232
        0.4263084763        0.6906893952
        0.4439315901        0.7077858387
        0.4613846244        0.7250760781
        0.4786608927        0.7425492739
        0.4957537759        0.7601939219
        0.5126567256        0.7779978535
        0.5293632658        0.7959482393
        0.5458669959        0.8140315931
        0.5621615929        0.8322337793
        0.5782408141        0.8505400217
        0.5940984992        0.8689349152
        0.6097285727        0.8874024385
        0.6251250465        0.9059259706
        0.6402820218        0.9244883086
        0.6551936918        0.9430716880
        0.6698543434        0.9616578055
        0.6842583598        0.9802278438
        0.6984002225        0.9987624994
        0.7122745136         1.017242012
        0.7258759174         1.035646195
        0.7391992230         1.053954473
        0.7522393260         1.072145913
        0.7649912304         1.090199267
        0.7774500506         1.108093010
        0.7896110136         1.125805383
        0.8014694601         1.143314435
        0.8130208469         1.160598072
        0.8242607485         1.177634100
        0.8351848586         1.194400277
        0.8457889919         1.210874360
        0.8560690858         1.227034157
        0.8660212018         1.242857581
        0.8756415271         1.258322698
        0.8849263757         1.273407784
        0.8938721907         1.288091376
        0.9024755445         1.302352330
        0.9107331411         1.316169867
        0.9186418169         1.329523636
        0.9261985419         1.342393761
        0.9334004208         1.354760894
        0.9402446946         1.366606272
        0.9467287411         1.377911762
        0.9528500760         1.388659912
        0.9586063542         1.398834003
        0.9639953704         1.408418091
        0.9690150599         1.417397055
        0.9736634995         1.425756640
        0.9779389084         1.433483494
        0.9818396487         1.440565211
        0.9853642259         1.446990366
        0.9885112898         1.452748546
        0.9912796349         1.457830383
        0.9936682009         1.462227579
        0.9956760735         1.465932936
        0.9973024853         1.468940373
        0.9985468188         1.471244951
        0.9994086206         1.472842916
        0.9998877523         1.473731987
