-12.1   -0.921 -0.386 -0.0523 -0.00356 -0.000146 -4.02e-06 -7.92e-08 -1.17e-09 -1.35e-11 -1.23e-13 -9.01e-16 2.28e-16 -2.45e-16 1.31e-17 -2.74e-16 2.75e-17 -2.55e-16 -7.21e-17 -3.61e-17 -6.91e-17 7.55e-17 -1.89e-17 1.11e-16 -1.68e-16 -8.46e-17 5.73e-17 -2.43e-16 -3.58e-17 1.71e-16 -5.31e-17 -9.37e-19 3.8e-17 1.42e-16 9.32e-18 -2.08e-17 -3.78e-19 9.57e-20 2.27e-19 4.46e-19 1.03e-18 6.41e-19 
66.8   -0.389 0.898 0.208 0.018 0.000847 2.55e-05 5.34e-07 8.28e-09 9.88e-11 9.36e-13 7.13e-15 -2.98e-16 -1.39e-16 -2.83e-16 -1.17e-16 -8.33e-17 5.96e-17 1.04e-16 -4.54e-17 9.79e-17 5.51e-17 2.25e-16 8.93e-17 1.24e-16 1.35e-16 -1.43e-18 -2.34e-17 5.77e-17 -6.77e-17 3.05e-17 -8.98e-19 -1.2e-16 1.65e-17 9.79e-17 -9.91e-17 4.21e-18 1.73e-19 -2.51e-19 -9.76e-19 7.13e-20 -1.64e-18 
183   0.0335 -0.212 0.967 0.139 0.00835 0.000292 6.77e-06 1.13e-07 1.43e-09 1.42e-11 1.14e-13 7.59e-16 4.92e-17 -4.91e-17 -7.51e-17 7.29e-17 1.19e-16 -7.47e-17 -1.69e-17 -3.15e-17 9.68e-17 3.47e-17 -6.49e-17 -6.44e-17 -1.42e-16 4.58e-17 8.78e-19 -2.06e-17 -4.5e-17 -1.32e-17 -1.05e-17 5.98e-17 -2.33e-17 1.62e-17 -1.07e-18 5.02e-21 -1.99e-19 -7.48e-19 -4.15e-20 -1.61e-18 9.7e-20 
363   0.000958 -0.012 0.139 -0.985 -0.104 -0.00484 -0.000135 -2.55e-06 -3.55e-08 -3.79e-10 -3.22e-12 -2.18e-14 -2.44e-16 6.1e-17 -2.56e-17 4.74e-16 3.58e-17 1.45e-17 6.25e-17 9.92e-19 1.08e-17 -6.85e-17 -3.06e-17 7.14e-17 2.23e-16 -1.97e-16 -3.79e-17 1.17e-16 -5.55e-17 -3.51e-17 3.4e-17 -1.83e-16 -2.38e-16 -1.16e-16 8.83e-17 -7.94e-18 6e-19 5.09e-20 1.3e-18 4.93e-20 2e-18 
604   1.44e-05 -0.0003 0.00628 -0.104 0.991 0.0832 0.00316 7.32e-05 1.17e-06 1.39e-08 1.29e-10 9.58e-13 5.95e-15 3.72e-17 -1.22e-17 4.85e-17 -6.11e-17 -2.45e-17 -8.6e-17 2.24e-17 2.91e-17 -7.4e-18 3.26e-17 4.01e-18 4.76e-17 -8.84e-18 -7.9e-18 4.64e-18 9.67e-20 1.18e-17 8.19e-18 -1.52e-17 -1.12e-17 -1.55e-17 6.02e-18 -6.03e-19 5.52e-20 -1.17e-18 -6.02e-20 -1.68e-18 3.11e-20 
905   -1.34e-07 4.18e-06 -0.000136 0.00388 -0.0833 0.994 0.0693 0.00222 4.41e-05 6.12e-07 6.37e-09 5.2e-11 3.43e-13 1.8e-15 1.37e-16 -3.44e-17 2.53e-16 -1.84e-17 3.86e-17 -6.76e-17 -3.48e-17 -1.76e-16 -2.15e-17 -3.57e-18 8.6e-17 9.05e-18 6e-17 -7.59e-17 -8.07e-18 -4.24e-17 4.07e-17 1.3e-16 -2.41e-16 -1.31e-16 6.66e-17 -1.4e-18 -1.08e-18 2.16e-20 -1.56e-18 5.74e-20 -2.62e-18 
1.27e+03   8.45e-10 -3.7e-08 1.72e-06 -7.36e-05 0.00263 -0.0693 0.996 0.0594 0.00165 2.86e-05 3.5e-07 3.24e-09 2.36e-11 1.4e-13 8.28e-16 -3.24e-17 -6.62e-17 5.38e-17 -2.22e-16 -2.64e-17 -1.99e-16 5.73e-17 4.37e-17 -2.6e-17 2.47e-17 1.46e-17 2.82e-18 -8.54e-18 -6.35e-17 2.81e-18 -1.46e-17 1.34e-17 1.75e-18 8.21e-18 7.49e-18 -3.41e-19 -6.9e-20 -1.48e-18 1.55e-19 -2.56e-18 1.7e-19 
1.69e+03   -3.87e-12 2.26e-10 -1.42e-08 8.43e-07 -4.43e-05 0.00191 -0.0594 0.997 0.052 0.00127 1.96e-05 2.15e-07 1.79e-09 1.18e-11 6.35e-14 5.37e-16 -3.88e-16 -1.26e-16 -7.57e-17 -6.46e-17 2.58e-16 2.25e-19 -1.82e-16 -6.26e-18 -1.01e-17 -6.55e-17 1.27e-17 1.18e-16 -9.73e-17 1.05e-16 1.23e-16 -9.5e-17 1.65e-16 5.48e-18 -8.22e-17 1.16e-17 -1.02e-18 9.41e-20 -2.49e-18 2.43e-19 -2.68e-18 
2.17e+03   -1.35e-14 1.01e-12 -8.22e-11 6.43e-09 -4.61e-07 2.87e-05 -0.00144 0.052 -0.998 -0.0462 -0.00101 -1.4e-05 -1.39e-07 -1.05e-09 -6.33e-12 -3.15e-14 -5.34e-17 5.73e-17 8e-17 -2.36e-17 2.25e-16 -4.59e-17 2.46e-17 4.96e-18 -1.57e-16 -5.84e-19 2.24e-17 -2.04e-19 8.09e-17 5.85e-19 -2.75e-17 1.91e-17 -3.7e-17 -1.82e-17 2.8e-19 -4.69e-20 -1.54e-19 2.14e-18 -1.89e-19 2.65e-18 1.7e-19 
2.71e+03   9.45e-17 4.67e-15 -3.51e-13 3.5e-11 -3.26e-09 2.73e-07 -1.96e-05 0.00113 -0.0462 0.998 0.0416 0.000824 1.04e-05 9.39e-08 6.51e-10 3.61e-12 1.71e-14 -7.36e-16 -1.78e-16 7.87e-16 -9.95e-17 -3.29e-16 -1.75e-16 -2.73e-17 1.1e-16 -1.57e-16 6.08e-17 -7.2e-17 -6.83e-17 -4.43e-18 8.07e-18 -2.32e-16 -2.1e-17 1.15e-16 7.6e-17 7.18e-18 -2.12e-18 2.48e-19 -2.34e-18 -2.59e-19 -2.29e-18 
3.32e+03   1.72e-16 -7.95e-17 -1.13e-15 1.43e-13 -1.67e-11 1.79e-09 -1.72e-07 1.4e-05 -0.000911 0.0416 -0.998 -0.0378 -0.000683 -7.9e-06 -6.57e-08 -4.2e-10 -2.16e-12 -9.15e-15 -1.41e-16 -1.23e-17 -3.21e-16 5.45e-17 -1.39e-16 5.42e-17 2.54e-17 3.19e-18 -2.18e-17 3.18e-18 -7.94e-17 -1.84e-18 -4.4e-18 1.15e-17 2.99e-17 2.97e-17 -3.06e-18 1.76e-18 -2.15e-19 2.36e-18 2.46e-19 2e-18 2.08e-19 
3.98e+03   1.2e-17 6.41e-16 4.48e-17 9.5e-16 -6.42e-14 8.62e-12 -1.05e-09 1.14e-07 -1.04e-05 0.000749 -0.0378 0.999 0.0346 0.000576 6.14e-06 4.73e-08 2.81e-10 1.34e-12 5.23e-15 3.62e-16 -1.4e-17 -1.33e-16 6.97e-17 -2.54e-16 -7.57e-17 -1.7e-16 -1.09e-17 1.99e-17 4.5e-16 -8.53e-17 3.37e-16 8.73e-17 -1.48e-16 -2.78e-16 3.52e-17 8.15e-18 -2.87e-18 -2.92e-19 -1.98e-18 -1.77e-19 -2.51e-18 
4.7e+03   -4.62e-16 -1.1e-16 2.4e-16 -1.27e-17 3.01e-16 -3.12e-14 4.76e-12 -6.52e-10 7.83e-08 -7.9e-06 0.000627 -0.0346 0.999 0.032 0.000492 4.88e-06 3.49e-08 1.94e-10 8.66e-13 3.21e-15 7.64e-17 -9.41e-18 2.15e-17 8.04e-18 -7.09e-18 1.32e-17 7.45e-17 8.4e-18 5.33e-17 1.04e-17 5.56e-18 -5.92e-18 -1.87e-17 -1.37e-17 -1.3e-17 -2.93e-18 -1.73e-19 -2.49e-18 -2.05e-19 -2.52e-18 4.54e-20 
5.49e+03   -1.07e-17 4.79e-16 1.63e-16 3.24e-17 1.26e-18 9.14e-17 -1.65e-14 2.78e-12 -4.21e-10 5.56e-08 -6.15e-06 0.000532 -0.032 0.999 0.0297 0.000426 3.93e-06 2.64e-08 1.37e-10 5.77e-13 2.48e-15 -4.66e-16 -4.66e-17 -3.58e-16 -8.65e-17 -1.24e-16 4.1e-17 -1.87e-16 -1.33e-16 -1.83e-16 2.99e-17 1.82e-16 -1.39e-16 -2.42e-16 -1.11e-16 3.38e-18 -2.57e-18 -7.64e-20 -3.08e-18 2.62e-20 -2.75e-18 
6.33e+03   -3.77e-16 1.43e-17 -4.99e-17 -1.59e-16 8.41e-17 1.69e-17 -3.81e-16 -8.96e-15 1.7e-12 -2.81e-10 4.06e-08 -4.88e-06 0.000457 -0.0297 0.999 0.0277 0.000372 3.22e-06 2.03e-08 9.92e-11 3.93e-13 1.35e-15 1.55e-16 -1.6e-17 -1.16e-16 4e-17 1.84e-16 1.76e-17 -6.92e-17 -2.96e-18 8.39e-17 -1.09e-17 6.15e-17 -4.67e-18 -2.25e-19 -2.31e-18 -2.61e-19 -3.23e-18 1.5e-19 -3.27e-18 1.4e-19 
7.24e+03   -6e-17 7.86e-18 -1.73e-16 4.49e-16 -1.33e-17 1.5e-16 3.33e-17 -2.38e-16 -5.4e-15 1.07e-12 -1.94e-10 3.03e-08 -3.93e-06 0.000397 -0.0277 0.999 0.026 0.000327 2.67e-06 1.58e-08 7.32e-11 2.73e-13 6.73e-16 -2.02e-16 5.03e-16 -3.7e-16 2.12e-16 5.74e-17 2.26e-16 -6.11e-17 -1.79e-16 1.81e-16 6.2e-17 -1.34e-17 7.54e-17 6.25e-19 -3.31e-18 1.51e-20 -3.53e-18 2.46e-19 -3.13e-18 
8.2e+03   -7.05e-16 -6.75e-17 -1.01e-16 -1.04e-16 5.38e-17 -2.67e-16 3.69e-17 6.66e-16 3.86e-16 -4.07e-15 7.04e-13 -1.37e-10 2.31e-08 -3.22e-06 0.000348 -0.026 0.999 0.0244 0.00029 2.24e-06 1.26e-08 5.49e-11 1.95e-13 6.91e-16 2.53e-16 -8.72e-17 -2.25e-16 -3.15e-17 2.18e-16 2.12e-17 1.2e-16 -3.46e-17 4.33e-17 1.55e-17 -1.01e-17 -3.07e-18 -1.22e-19 -3.6e-18 9.57e-20 -3.36e-18 3.43e-19 
9.23e+03   -7.32e-17 2.73e-17 6.09e-17 5.76e-17 4.39e-17 -7.47e-17 -2.84e-17 5.1e-17 7.69e-17 7.67e-16 -2.06e-15 4.74e-13 -9.92e-11 1.79e-08 -2.67e-06 0.000308 -0.0244 0.999 0.0231 0.000259 1.89e-06 1.01e-08 4.19e-11 1.41e-13 3.88e-16 -3.28e-17 5.28e-16 9.63e-17 -3.38e-16 -3.79e-16 -2.71e-16 9.38e-17 -2.62e-16 -1.33e-16 -1.42e-18 -7.06e-18 -3.87e-18 -2.39e-20 -3.44e-18 2.32e-19 -3.47e-18 
1.03e+04   -1.81e-16 -2.63e-17 -3.32e-17 1.48e-16 1.3e-16 -1.15e-16 5.75e-17 1.05e-16 5.84e-16 7.78e-17 -2.24e-16 -1.51e-15 3.28e-13 -7.32e-11 1.41e-08 -2.24e-06 0.000274 -0.0231 0.999 0.0219 0.000233 1.62e-06 8.19e-09 3.24e-11 1.04e-13 3.45e-16 -2.06e-16 -5.57e-17 5e-17 2.97e-17 -1.22e-16 -1.27e-17 8.8e-17 -3.43e-18 9.58e-18 -4.84e-18 1.31e-19 -3.68e-18 1.23e-19 -3.55e-18 3.47e-20 
1.15e+04   6.78e-17 -7.8e-17 3.05e-17 -1.38e-16 -4.23e-17 1.39e-16 -3.47e-17 2.5e-16 -1.81e-17 -7.13e-16 1.96e-17 -1.43e-16 -8.24e-16 2.29e-13 -5.5e-11 1.12e-08 -1.89e-06 0.000246 -0.0219 1 0.0208 0.000211 1.39e-06 6.72e-09 2.54e-11 7.89e-14 3.85e-16 -1.49e-16 4.55e-16 -6.3e-18 -3.16e-16 9.97e-18 -1.5e-16 -1.11e-17 -2.17e-16 -7.42e-18 -4.03e-18 2.92e-19 -3.78e-18 -6.53e-20 -2.94e-18 
1.27e+04   8.86e-17 1.71e-16 1.86e-16 -2.6e-16 -2.01e-17 1.63e-16 -1.82e-16 2.39e-16 -1.99e-16 -1.89e-16 4.04e-16 2.18e-16 1.53e-16 7.94e-16 -1.66e-13 4.19e-11 -9.08e-09 1.62e-06 -0.000221 0.0208 -1 -0.0198 -0.000191 -1.2e-06 -5.56e-09 -2.01e-11 -5.96e-14 -1.9e-16 -1.08e-16 1.37e-17 8.89e-17 -1.91e-17 8.56e-17 -1.03e-16 2.17e-17 4.63e-18 -3.7e-19 4.18e-18 -6.56e-20 3.12e-18 3.52e-19 
1.39e+04   -6.47e-17 -2.95e-16 -6.89e-17 1.36e-17 4.54e-18 6.48e-17 -2.64e-17 1.33e-16 -1.84e-17 5.41e-16 6.76e-17 3.4e-17 3.12e-17 2.84e-16 -4.59e-16 1.22e-13 -3.24e-11 7.41e-09 -1.39e-06 0.000201 -0.0198 1 0.0189 0.000174 1.05e-06 4.65e-09 1.61e-11 4.61e-14 7.03e-17 5.52e-17 -2.9e-16 1.21e-16 -1.08e-16 5.94e-16 -2.45e-16 8.15e-18 -4.85e-18 1.15e-19 -3.46e-18 -2.44e-19 -3.14e-18 
1.53e+04   -1.03e-16 -5.78e-17 -5.4e-17 1.93e-17 4.05e-17 4.98e-18 -4.29e-17 -2.99e-16 -7.35e-17 9.5e-17 1.86e-16 4.2e-17 1.51e-16 -3.69e-16 2.87e-16 4.27e-16 -9.03e-14 2.54e-11 -6.11e-09 1.2e-06 -0.000183 0.0189 -1 -0.0181 -0.00016 -9.22e-07 -3.91e-09 -1.3e-11 -3.54e-14 -1.17e-16 8.2e-17 6.57e-17 1.26e-16 -2.33e-16 1.87e-17 5.51e-18 -2.09e-19 4.1e-18 2.4e-19 3.58e-18 4.6e-19 
1.66e+04   5.58e-18 -5.57e-17 3.15e-17 1.35e-17 -1.54e-17 1.43e-16 6.93e-18 -7.2e-17 -5.45e-18 -2.36e-16 1.45e-17 3.34e-16 -1.56e-17 1.71e-16 6.33e-17 2.13e-16 -2.66e-16 6.82e-14 -2.01e-11 5.08e-09 -1.05e-06 0.000167 -0.0181 1 0.0173 0.000147 8.14e-07 3.32e-09 1.06e-11 2.79e-14 -4.68e-16 3.95e-16 2.68e-17 3.43e-16 -1.98e-16 4.78e-18 -5.34e-18 -2.03e-19 -4.19e-18 -4.94e-19 -4.09e-18 
1.81e+04   -1.14e-16 2.42e-16 -2.72e-17 -2.69e-16 -1.57e-17 -1.29e-16 4.97e-18 2.13e-16 1e-16 1.64e-16 5.87e-17 -2e-16 6.11e-17 -8.12e-17 -2.87e-16 3.46e-16 2.93e-16 2.11e-16 -5.23e-14 1.61e-11 -4.26e-09 9.22e-07 -0.000153 0.0173 -1 -0.0166 -0.000135 -7.22e-07 -2.83e-09 -8.71e-12 -2.22e-14 1.35e-16 -1.83e-16 -1.74e-16 2.23e-17 7.06e-18 3.34e-19 5.31e-18 5.04e-19 4.83e-18 2.52e-19 
1.96e+04   -1.7e-17 5.15e-17 -2.92e-17 -1.07e-17 7.98e-18 -1.13e-16 -1.38e-17 1.04e-16 -4.19e-18 9.57e-17 5.44e-18 -8.2e-17 1.23e-17 4.27e-17 -9.76e-17 4.24e-16 8.63e-17 -8.91e-17 -1.59e-16 3.93e-14 -1.3e-11 3.6e-09 -8.14e-07 0.000141 -0.0166 1 0.016 0.000125 6.43e-07 2.43e-09 7.21e-12 1.76e-14 9.1e-16 -3.05e-16 -2.33e-16 4.77e-18 -6.87e-18 -6.78e-19 -6.05e-18 -2.41e-19 -5.57e-18 
2.12e+04   -3.1e-16 -1.94e-16 -7.49e-17 -9.69e-18 -1.31e-17 2.57e-16 -1.78e-17 -1.57e-16 -1.6e-17 -2.78e-16 -5.32e-18 -2.47e-16 1.08e-16 9.19e-17 -5.41e-16 9.17e-17 3.87e-16 -4.44e-16 2.67e-16 -3.89e-16 3.07e-14 -1.06e-11 3.06e-09 -7.22e-07 0.00013 -0.016 1 0.0154 0.000116 5.75e-07 2.1e-09 6.01e-12 1.43e-14 2.83e-16 -3.31e-17 -8.96e-18 -8.68e-19 -7.72e-18 -4.24e-19 -6.95e-18 8.38e-19 
2.28e+04   -1.59e-17 7.57e-17 1.51e-17 9.17e-17 6.67e-18 7.46e-17 -1.87e-18 -3.88e-17 -9.03e-18 -2.13e-17 1.9e-18 5.78e-17 6.21e-18 1.16e-16 -2.18e-17 2.54e-17 -9.42e-18 -1.08e-17 7.97e-17 -9.19e-17 -2.04e-16 2.4e-14 -8.71e-12 2.62e-09 -6.43e-07 0.000121 -0.0154 1 0.0148 0.000108 5.17e-07 1.82e-09 5.05e-12 1.12e-14 -2.3e-16 3.73e-18 -9.59e-18 -5.73e-19 -8.69e-18 8.52e-19 -7.82e-18 
2.45e+04   2.03e-17 1.02e-16 3.92e-17 -9.13e-17 -8.91e-18 -7.18e-17 1.38e-17 -8.48e-17 -4.24e-17 1.55e-17 3.3e-17 -4.71e-17 9.89e-17 1.6e-16 5.36e-17 -2.56e-16 -5.15e-16 2.42e-16 1.03e-16 -4.97e-16 -1.95e-16 2.41e-16 1.93e-14 -7.21e-12 2.26e-09 -5.75e-07 0.000112 -0.0148 1 0.0143 0.000101 4.66e-07 1.59e-09 4.26e-12 9.48e-15 4.84e-18 -5.11e-19 -1.08e-17 8.49e-19 -9.72e-18 8.12e-19 
2.62e+04   -1.52e-17 1.4e-17 -6.81e-18 1.06e-17 -1.05e-17 -1.45e-17 9.23e-18 1.06e-19 -8e-18 4.2e-17 8.04e-18 8.15e-17 -8.07e-19 1.12e-16 1.4e-17 2.35e-17 -3.2e-17 2.15e-16 -3.4e-17 -1.22e-16 8.26e-17 -1.89e-16 -1.28e-16 1.53e-14 -6.01e-12 1.95e-09 -5.17e-07 0.000104 -0.0143 1 0.0139 9.44e-05 4.22e-07 1.39e-09 3.61e-12 7.7e-15 -1.35e-19 1.29e-18 -1.19e-17 8.32e-19 -8.38e-18 
2.8e+04   1.09e-16 -4.46e-17 3.47e-17 -1.96e-16 -2e-17 1.13e-16 -6e-18 2.19e-16 -1.36e-17 7.47e-17 -1.54e-17 1.71e-16 3.1e-17 2.52e-16 1.9e-16 -3.85e-16 1.73e-16 -1.46e-16 -3.3e-16 -2.09e-16 -1.58e-16 -3.3e-16 -6.09e-17 -1.93e-16 -1.26e-14 5.05e-12 -1.7e-09 4.66e-07 -9.76e-05 0.0139 -1 -0.0134 -8.84e-05 -3.83e-07 -1.22e-09 -3.08e-12 -6.37e-15 4.4e-18 -1.22e-18 1.01e-17 1.02e-18 
2.99e+04   3.68e-17 -2.66e-18 1.45e-17 -1.65e-16 -1.02e-17 -1.58e-17 -1.26e-17 1.31e-16 5.46e-18 -6.58e-17 -7.5e-18 -3.96e-17 -5.1e-19 8.66e-17 1.68e-17 -1.64e-17 2.66e-17 -1.31e-16 3.53e-18 1.6e-16 -4.8e-17 2.54e-17 1.71e-16 -2.11e-16 2.73e-16 1.04e-14 -4.26e-12 1.49e-09 -4.22e-07 9.13e-05 -0.0134 1 0.013 8.3e-05 3.49e-07 1.08e-09 2.64e-12 5.31e-15 -4.17e-18 -1.09e-18 -8.68e-18 
3.18e+04   -1.6e-17 2.12e-16 -2.37e-17 3.53e-16 8.19e-18 -1.04e-16 -9.74e-18 1.48e-17 -2e-18 -3.42e-17 -4.4e-17 -5.43e-16 -7.84e-18 6.4e-17 4.07e-17 -1.33e-16 2.61e-16 -2.86e-16 2.8e-16 5.97e-16 3.42e-17 8.59e-17 2.55e-17 2.61e-16 1.27e-16 4.03e-16 -8.27e-15 3.61e-12 -1.3e-09 3.83e-07 -8.57e-05 0.013 -1 -0.0126 -7.81e-05 -3.18e-07 -9.58e-10 -2.28e-12 -4.44e-15 4.08e-18 9.03e-19 
3.38e+04   -6.67e-17 -1.29e-16 -6.82e-17 2.12e-16 7.04e-18 3.6e-17 2.82e-17 -1.02e-16 -2.84e-17 4.12e-17 2.87e-17 1.6e-16 8.1e-18 -1.93e-16 1.31e-17 -8.84e-17 1.65e-17 2.78e-16 4.74e-17 -2e-16 4.44e-17 -6.75e-16 -5.09e-16 2.87e-17 -1.44e-16 4.03e-16 -2.31e-16 6.9e-15 -3.08e-12 1.15e-09 -3.49e-07 8.05e-05 -0.0126 1 0.0122 7.36e-05 2.91e-07 8.53e-10 1.97e-12 3.73e-15 -7.66e-18 
3.59e+04   2.74e-19 2.34e-16 9.49e-18 1.97e-16 9.27e-18 -3.24e-17 5.07e-18 4.57e-17 -2.64e-18 -2.38e-17 -5.74e-18 -4.48e-17 -2.31e-18 2.78e-17 -3e-18 4.37e-17 -2.4e-17 2.37e-16 -2.95e-18 3.93e-16 4.06e-17 1.95e-16 1.91e-17 2.37e-16 1.14e-17 1.25e-16 1.13e-18 5.32e-17 5.76e-15 -2.64e-12 1.02e-09 -3.18e-07 7.58e-05 -0.0122 1 0.0119 6.95e-05 2.67e-07 7.61e-10 1.71e-12 3.16e-15 
3.8e+04   1.24e-19 6.68e-18 4.46e-19 1.55e-17 -6.3e-19 5.14e-20 -7.05e-19 1.55e-17 -4.19e-19 3.18e-18 -2.87e-18 1.43e-17 -3.16e-18 4.83e-18 -2.74e-18 4.73e-18 -3.62e-18 1.28e-17 -4.26e-18 3.98e-18 -3.83e-18 9.66e-18 -5.55e-18 7.71e-18 -6.55e-18 2.6e-18 -9.06e-18 1.78e-18 -4.02e-18 -4.85e-15 2.28e-12 -9.04e-10 2.91e-07 -7.15e-05 0.0119 -1 -0.0115 -6.57e-05 -2.46e-07 -6.82e-10 -1.49e-12 
4.02e+04   -1.65e-19 8.93e-20 -9.11e-20 -7.9e-19 7.46e-20 -1.07e-18 -9.04e-20 -1.2e-18 1.79e-19 -2.15e-18 2.42e-19 -3.02e-18 -1.83e-19 -2.61e-18 -2.51e-19 -3.35e-18 -1.15e-19 -4e-18 1.38e-19 -4.04e-18 3.84e-19 -4.93e-18 2.34e-19 -5.4e-18 -2.95e-19 -6.89e-18 -8.12e-19 -9.62e-18 -4.66e-19 -6.68e-18 -4.07e-15 1.97e-12 -8.05e-10 2.67e-07 -6.76e-05 0.0115 -1 -0.0112 -6.22e-05 -2.27e-07 -6.12e-10 
4.24e+04   -1.35e-19 -1.68e-19 -7.88e-19 -4.33e-20 -1.18e-18 2.15e-20 -1.48e-18 1.03e-19 -2.15e-18 2.45e-19 -2.34e-18 -2.84e-19 -2.49e-18 -6.49e-20 -3.23e-18 1.78e-20 -3.59e-18 -2.03e-20 -3.69e-18 3.02e-19 -4.18e-18 1.26e-19 -4.1e-18 -1.71e-19 -5.3e-18 -6.32e-19 -7.72e-18 -5.2e-19 -1.08e-17 1.35e-18 -9.54e-18 -3.43e-15 1.71e-12 -7.2e-10 2.46e-07 -6.39e-05 0.0112 -1 -0.0109 -5.9e-05 -2.1e-07 
4.47e+04   -4.12e-20 -1.05e-18 -9.33e-20 -1.31e-18 -7.07e-20 -1.58e-18 1.83e-19 -2.49e-18 1.63e-19 -2.33e-18 -2.64e-19 -1.98e-18 -1.75e-19 -3.09e-18 1.57e-19 -3.52e-18 9.18e-20 -3.44e-18 1.28e-19 -3.79e-18 6.79e-20 -3.46e-18 -2.23e-19 -4.18e-18 -4.69e-19 -6.05e-18 -3.77e-19 -8.7e-18 9.05e-19 -1.19e-17 1.27e-18 -8.23e-18 -2.91e-15 1.49e-12 -6.46e-10 2.27e-07 -6.06e-05 0.0109 -1 -0.0107 -5.61e-05 
4.7e+04   1.03e-18 -2.9e-23 1.6e-18 1.06e-19 1.7e-18 -8.35e-20 2.56e-18 -2.27e-19 2.63e-18 2.97e-19 2.01e-18 1.7e-19 2.52e-18 -4.71e-20 3.28e-18 -2.48e-19 3.35e-18 -2.33e-19 3.55e-18 6.82e-20 3.12e-18 2.34e-19 3.58e-18 4.73e-19 4.83e-18 2.04e-19 6.96e-18 -9e-19 9.72e-18 -8.72e-19 1.01e-17 1.05e-18 7.31e-18 2.48e-15 -1.3e-12 5.81e-10 -2.1e-07 5.75e-05 -0.0107 1 0.0104 
4.94e+04   -6.17e-20 1.76e-18 -1.67e-20 2e-18 -5.78e-20 2.63e-18 -1.73e-19 2.66e-18 1.76e-19 2.29e-18 1.87e-19 2.52e-18 -7.24e-20 2.75e-18 -1.8e-19 3.14e-18 -3.81e-19 3.47e-18 -5.57e-20 2.94e-18 3.19e-19 3.14e-18 4.08e-19 4.09e-18 1.8e-19 5.59e-18 -9.42e-19 7.83e-18 -9.17e-19 8.37e-18 9.14e-19 8.67e-18 7.41e-19 1.03e-17 2.12e-15 -1.15e-12 5.24e-10 -1.94e-07 5.46e-05 -0.0104 1 
