       -0.9937521706         1.666432701
       -0.9672268386         1.523990248
       -0.9200993342         1.299889019
       -0.8533633646         1.037280014
       -0.7684399635        0.7782820699
       -0.6671388042        0.5534197410
       -0.5516188359        0.3777334646
       -0.4243421202        0.2529784836
       -0.2880213168        0.1730223809
       -0.1455618542        0.1294605071
     6.123233996e-17        0.1157448456
        0.1455618542        0.1294605071
        0.2880213168        0.1730223809
        0.4243421202        0.2529784836
        0.5516188359        0.3777334646
        0.6671388042        0.5534197410
        0.7684399635        0.7782820699
        0.8533633646         1.037280014
        0.9200993342         1.299889019
        0.9672268386         1.523990248
        0.9937521706         1.666432701
