         0.000000000       0.08828390389
        0.1365909849       0.08862351069
        0.2731819699       0.08964873336
        0.4097729548       0.09137877978
        0.5463639398       0.09384562458
        0.6829549247       0.09709379619
        0.8195459096        0.1011797448
        0.9561368946        0.1061704049
         1.092727880        0.1121404004
         1.229318864        0.1191671619
         1.365909849        0.1273230990
         1.502500834        0.1366639656
         1.639091819        0.1472128255
         1.775682804        0.1589396903
         1.912273789        0.1717380721
         2.048864774        0.1854013261
         2.185455759        0.1996034677
         2.322046744        0.2138905783
         2.458637729        0.2276891832
         2.595228714        0.2403363761
         2.731819699        0.2511326673
         2.868410684        0.2594130587
         3.005001669        0.2646260757
         3.141592654        0.2664063941
         3.278183639        0.2646260757
         3.414774623        0.2594130587
         3.551365608        0.2511326673
         3.687956593        0.2403363761
         3.824547578        0.2276891832
         3.961138563        0.2138905783
         4.097729548        0.1996034677
         4.234320533        0.1854013261
         4.370911518        0.1717380721
         4.507502503        0.1589396903
         4.644093488        0.1472128255
         4.780684473        0.1366639656
         4.917275458        0.1273230990
         5.053866443        0.1191671619
         5.190457428        0.1121404004
         5.327048413        0.1061704049
         5.463639398        0.1011797448
         5.600230382       0.09709379619
         5.736821367       0.09384562458
         5.873412352       0.09137877978
         6.010003337       0.08964873336
         6.146594322       0.08862351069
